cluster_id,cluster_size
0,10
1,27
2,2
3,7
4,7
5,4
6,6
7,11
8,17
9,15
10,14
11,28
12,4
13,5
14,4
15,2
16,8
17,2
18,7
19,12
20,2
21,6
22,27
23,7
24,5
25,10
26,13
27,10
28,16
29,4
30,16
31,20
32,3
33,2
34,11
35,7
36,3
37,2
38,6
39,6
40,8
41,2
42,2
43,2
44,7
45,4
46,3
47,7
48,2
49,5
50,2
51,3
52,5
53,7
54,60
55,8
56,2
57,2
58,10
59,3
60,2
61,5
62,9
63,7
64,4
65,4
66,3
67,6
68,46
69,8
70,6
71,9
72,4
73,5
74,6
75,2
76,2
77,5
78,8
79,6
80,6
81,2
82,4
83,3
84,11
85,14
86,15
87,2
88,6
89,4
90,12
91,3
92,16
93,2
94,3
95,4
96,12
97,8
98,4
99,2
100,3
101,11
102,3
103,2
104,3
105,23
106,2
107,4
108,12
109,4
110,2
111,5
112,3
113,5
114,2
115,2
116,2
117,2
118,3
119,4
120,6
121,5
122,4
123,3
124,3
125,9
126,18
127,7
128,4
129,5
130,3
131,4
132,4
133,2
134,3
135,8
136,6
137,4
138,3
139,3
140,2
141,4
142,2
143,2
144,2
145,11
146,2
147,2
148,9
149,2
150,2
151,6
152,10
153,6
154,5
155,5
156,3
157,3
158,5
159,3
160,2
161,2
162,4
163,4
164,2
165,2
166,3
167,4
168,20
169,4
170,4
171,2
172,2
173,3
174,3
175,10
176,3
177,6
178,2
179,2
180,2
181,6
182,10
183,2
184,20
185,39
186,3
187,2
188,4
189,3
190,2
191,8
192,6
193,4
194,2
195,5
196,2
197,2
198,4
199,7
200,4
201,3
202,5
203,6
204,2
205,7
206,7
207,2
208,2
209,3
210,8
211,16
212,6
213,5
214,3
215,2
216,5
217,2
218,19
219,4
220,2
221,2
222,3
223,9
224,9
225,7
226,3
227,2
228,7
229,5
230,5
231,7
232,4
233,3
234,3
235,10
236,2
237,2
238,6
239,11
240,2
241,4
242,4
243,3
244,4
245,4
246,4
247,5
248,8
249,5
250,4
251,2
252,2
253,5
254,3
255,2
256,6
257,6
258,24
259,2
260,9
261,3
262,2
263,2
264,2
265,2
266,7
267,3
268,2
269,2
270,8
271,2
272,3
273,5
274,2
275,4
276,12
277,3
278,10
279,2
280,3
281,11
282,24
283,2
284,2
285,3
286,3
287,3
288,12
289,5
290,2
291,2
292,11
293,2
294,6
295,3
296,2
297,3
298,2
299,5
300,6
301,7
302,9
303,4
304,15
305,12
306,5
307,4
308,6
309,10
310,4
311,2
312,3
313,7
314,3
315,6
316,6
317,8
318,4
319,2
320,6
321,4
322,6
323,2
324,7
325,3
326,2
327,6
328,4
329,6
330,3
331,3
332,5
333,2
334,2
335,12
336,6
337,11
338,3
339,11
340,3
341,5
342,4
343,4
344,2
345,7
346,3
347,2
348,5
349,2
350,3
351,7
352,6
353,5
354,3
355,5
356,2
357,2
358,3
359,4
360,4
361,7
362,2
363,2
364,3
365,5
366,3
367,9
368,4
369,2
370,3
371,4
372,2
373,3
374,3
375,2
376,17
377,4
378,3
379,6
380,6
381,2
382,11
383,5
384,2
385,2
386,2
387,2
388,3
389,9
390,2
391,2
392,2
393,5
394,3
395,6
396,11
397,2
398,2
399,2
400,2
401,22
402,4
403,2
404,5
405,2
406,2
407,6
408,2
409,2
410,2
411,4
412,2
413,2
414,4
415,5
416,3
417,2
418,5
419,4
420,4
421,6
422,7
423,5
424,3
425,6
426,6
427,2
428,3
429,2
430,10
431,3
432,7
433,2
434,2
435,3
436,4
437,3
438,2
439,2
440,4
441,3
442,4
443,3
444,3
445,3
446,3
447,3
448,2
449,2
450,19
451,2
452,4
453,3
454,9
455,3
456,3
457,3
458,3
459,2
460,2
461,3
462,7
463,16
464,4
465,5
466,3
467,4
468,2
469,3
470,12
471,5
472,5
473,5
474,2
475,4
476,3
477,2
478,5
479,5
480,13
481,21
482,7
483,2
484,5
485,2
486,3
487,2
488,4
489,2
490,3
491,2
492,4
493,5
494,2
495,8
496,6
497,2
498,3
499,2
500,3
501,2
502,4
503,2
504,3
505,2
506,2
507,6
508,2
509,3
510,3
511,4
512,3
513,2
514,2
515,8
516,5
517,3
518,4
519,2
520,3
521,2
522,8
523,4
524,3
525,2
526,4
527,10
528,4
529,8
530,3
531,2
532,5
533,2
534,2
535,2
536,4
537,9
538,4
539,11
540,2
541,4
542,6
543,3
544,9
545,3
546,3
547,5
548,3
549,4
550,5
551,3
552,2
553,5
554,3
555,3
556,10
557,4
558,8
559,5
560,4
561,2
562,9
563,2
564,2
565,2
566,8
567,5
568,3
569,6
570,4
571,7
572,3
573,18
574,4
575,5
576,3
577,2
578,5
579,6
580,2
581,4
582,2
583,3
584,2
585,3
586,9
587,8
588,7
589,3
590,6
591,4
592,2
593,6
594,5
595,2
596,3
597,2
598,3
599,3
600,4
601,3
602,2
603,12
604,3
605,3
606,2
607,3
608,5
609,2
610,3
611,16
612,3
613,2
614,2
615,4
616,3
617,2
618,4
619,2
620,2
621,2
622,3
623,2
624,5
625,2
626,3
627,2
628,3
629,2
630,2
631,2
632,7
633,2
634,5
635,3
636,2
637,2
638,5
639,2
640,5
641,5
642,5
643,3
644,4
645,6
646,3
647,4
648,4
649,2
650,3
651,3
652,3
653,2
654,2
655,5
656,5
657,2
658,6
659,3
660,2
661,5
662,3
663,4
664,2
665,2
666,2
667,3
668,2
669,4
670,5
671,3
672,2
673,8
674,2
675,2
676,2
677,2
678,2
679,2
680,2
681,3
682,3
683,3
684,4
685,5
686,6
687,3
688,2
689,4
690,2
691,6
692,3
693,4
694,4
695,3
696,2
697,2
698,3
699,2
700,3
701,3
702,4
703,2
704,2
705,2
706,3
707,3
708,2
709,2
710,4
711,2
712,2
713,2
714,2
715,2
716,2
717,4
718,2
719,2
720,2
721,2
722,2
723,2
724,2
725,3
726,2
727,3
728,2
729,2
730,2
731,2
732,4
733,3
734,2
735,2
736,3
737,2
738,3
739,2
740,2
741,2
742,3
743,2
744,2
745,3
746,2
747,2
748,2
749,3
750,2
751,2
752,2
753,2
754,2
755,3
756,2
757,3
758,2
759,2
760,2
761,2
762,4
763,2
764,2
765,2
766,2
767,2
768,2
769,2
770,2
