"p_ds" "ID_cluster" "ID_points"
3 0 8429795033
3 0 104323
3 1 4072476960
3 1 8373690833
3 1 7613626070
3 1 107686
3 2 6369329153
3 2 1163955130
3 2 107687
3 3 6828863691
3 3 6828863693
3 3 108406
3 4 109408
3 4 9694031532
3 5 1536948608
3 5 109734
3 6 109737
3 6 24952269
3 7 109785
3 7 9514602151
3 8 282708
3 8 4316306166
3 8 4530012703
3 9 7610670921
3 9 10572178
3 9 7610670919
3 10 350437608
3 10 10572779
3 11 10572785
3 11 8972511963
3 11 8972441127
3 12 9693963703
3 12 9693963701
3 12 9693963702
3 12 20460687
3 13 20626315
3 13 7572522492
3 14 20965801
3 14 2398924898
3 15 1813618497
3 15 20965804
3 16 3328228994
3 16 21392267
3 17 5573991659
3 17 5573991660
3 17 21523719
3 18 1419565097
3 18 21583366
3 19 4331121754
3 19 21685483
3 20 8923643489
3 20 21990629
3 20 9042053623
3 21 1938953413
3 21 1938953414
3 21 1938953417
3 21 9820538028
3 21 21990638
3 22 9693920801
3 22 9693920797
3 22 24660863
3 23 24950013
3 23 24950005
3 24 2389802904
3 24 24950050
3 25 24950064
3 25 5218844446
3 26 24950065
3 26 5227220845
3 27 24952267
3 27 6166157035
3 28 25067304
3 28 2566132610
3 29 1569343909
3 29 25067558
3 30 5104314353
3 30 25067727
3 31 5141216745
3 31 25067883
3 32 25067936
3 32 5141216782
3 33 25161361
3 33 7223298253
3 34 25161368
3 34 7836164763
3 35 6032044867
3 35 25161380
3 35 25161381
3 36 25471681
3 36 4630855202
3 36 4630855203
3 36 4630855204
3 36 4630855205
3 37 7271474849
3 37 25472324
3 38 25472379
3 38 762080111
3 39 25472789
3 39 9161061774
3 40 1684835107
3 40 3739048019
3 40 3739048020
3 40 3739048021
3 40 25472885
3 41 25473203
3 41 5067002855
3 42 25473204
3 42 25473205
3 43 25475072
3 43 6332695638
3 43 9135848921
3 43 9135848922
3 43 9135848923
3 44 9135845216
3 44 25475417
3 45 25475674
3 45 9576827482
3 46 4297212128
3 46 4297212129
3 46 25475692
3 47 4297212084
3 47 25475693
3 48 355416921
3 48 25475695
3 49 5931509721
3 49 25476124
3 50 7644884069
3 50 25477149
3 51 25477339
3 51 9203578107
3 52 806373533
3 52 25477774
3 53 25477858
3 53 3661703766
3 54 1832052008
3 54 25495542
3 55 1364169899
3 55 25495807
3 56 1834657467
3 56 25495820
3 56 6354294763
3 57 447887921
3 57 4275394254
3 57 25495822
3 58 5736847361
3 58 5736847362
3 58 5736847363
3 58 5736847364
3 58 25495852
3 59 25496820
3 59 321255925
3 60 4730978978
3 60 25496850
3 60 4730978982
3 61 9820538016
3 61 9820538017
3 61 9820538018
3 61 9820538019
3 61 9820523915
3 61 25497340
3 61 1938953437
3 62 9693963689
3 62 7075087298
3 62 25497619
3 63 2398924843
3 63 25500427
3 63 20965799
3 64 7617785713
3 64 25503845
3 65 25503880
3 65 7617755274
3 66 25504144
3 66 7607077372
3 67 25504760
3 67 4085767970
3 67 9684083971
3 68 25505618
3 68 1828402762
3 69 25505629
3 69 3704225375
3 70 2343269909
3 70 9201323564
3 70 25509525
3 71 25509533
3 71 9805219989
3 72 25532384
3 72 5238587994
3 73 5340811717
3 73 1312454061
3 73 25544110
3 73 1418752721
3 73 5340811830
3 74 27459905
3 74 1312471210
3 75 27460250
3 75 4054356847
3 76 27480957
3 76 7815143581
3 77 1014803704
3 77 28418138
3 77 3892081378
3 78 28418144
3 78 4344245893
3 79 9693971451
3 79 28418877
3 80 28800664
3 80 9693903657
3 81 1755265432
3 81 28800670
3 82 5046314073
3 82 28800671
3 83 213668842
3 83 1685272862
3 84 2140124996
3 84 249679365
3 85 3787645610
3 85 250325410
3 85 3787645607
3 86 250327576
3 86 9693628387
3 87 250327618
3 87 9030155756
3 88 250327660
3 88 338319877
3 89 251892475
3 89 5925626141
3 90 4378043667
3 90 269547419
3 90 4378043662
3 91 3076574323
3 91 275180300
3 91 446765895
3 92 302013681
3 92 4244498866
3 92 1014803691
3 93 7836155865
3 93 316763548
3 94 8785567902
3 94 321255919
3 95 350437528
3 95 5899738713
3 96 9820537944
3 96 355416890
3 96 9820537943
3 97 355416920
3 97 4298970384
3 97 4298970380
3 98 1311962082
3 98 373364228
3 98 8868824870
3 98 8868824871
3 99 419632906
3 99 8620272571
3 100 9703794696
3 100 429346241
3 100 3987750679
3 101 470727954
3 101 9197589363
3 102 25161386
3 102 473258827
3 103 632438506
3 103 20460684
3 104 690295042
3 104 9690878343
3 105 7824747303
3 105 9753609738
3 105 9753609740
3 105 9753609741
3 105 9753609742
3 105 700774224
3 106 710657963
3 106 9693963678
3 106 9693963679
3 107 761830938
3 107 1617647901
3 108 761831000
3 108 761831039
3 109 3930921860
3 109 843376599
3 110 873684193
3 110 1939632514
3 111 5146186489
3 111 950703626
3 112 3894948093
3 112 1014803686
3 113 9080098312
3 113 9080098313
3 113 1014803714
3 114 1014803736
3 114 9080098309
3 115 5257738384
3 115 1039290586
3 116 1042862696
3 116 3858880677
3 117 1150003472
3 117 9042129984
3 118 4682627266
3 118 1150003532
3 119 1238249904
3 119 1736734053
3 120 1239549084
3 120 8620105236
3 121 1280491924
3 121 8236052990
3 122 1311961947
3 122 1311962012
3 123 250549587
3 123 1312188692
3 124 1312189057
3 124 1312188722
3 125 8868001104
3 125 1312188731
3 126 1312189098
3 126 1312188741
3 127 1312188768
3 127 4726152854
3 128 9710359368
3 128 1312453919
3 129 1678245252
3 129 9781190366
3 129 1312454038
3 130 1938953432
3 130 1326821457
3 130 9820537922
3 131 1326821515
3 131 1326821471
3 132 9693963699
3 132 1326821620
3 133 1360122866
3 133 1938953395
3 134 1360122860
3 134 1360122901
3 135 1418752708
3 135 1312454029
3 136 1547013699
3 136 1550763732
3 137 1556097098
3 137 1556097118
3 138 5905897286
3 138 1556097111
3 139 1556097448
3 139 1556097177
3 139 1556097153
3 140 1617596659
3 140 1617596646
3 141 1617596714
3 141 8373690820
3 141 8785503918
3 142 1655418222
3 142 3816097103
3 143 7610670826
3 143 7610670781
3 143 1678452790
3 144 7610670906
3 144 1678452791
3 145 1678452793
3 145 7607077361
3 146 9754453026
3 146 9754453027
3 146 9754453028
3 146 9754453029
3 146 9754453030
3 146 1707790023
3 146 5177397832
3 146 9754453033
3 146 5177397830
3 146 9754453031
3 146 9754453032
3 147 4650375309
3 147 1707790055
3 148 1707790064
3 148 4650375508
3 148 1707790063
3 149 1707790067
3 149 6327615075
3 150 1711679434
3 150 9375170324
3 151 1718233922
3 151 8438226815
3 152 250549835
3 152 1718566997
3 153 1719422038
3 153 9856119639
3 154 1722268384
3 154 2402557599
3 155 2387232555
3 155 1722268388
3 156 1722621718
3 156 7911267695
3 157 1723315608
3 157 7636244313
3 158 9804685199
3 158 9804685200
3 158 9804685201
3 158 9804685202
3 158 1723388986
3 159 1726730281
3 159 7617755275
3 160 1726730329
3 160 7617785714
3 161 1726730354
3 161 7617785710
3 162 1758554289
3 162 1758554291
3 162 2990780037
3 163 7223728617
3 163 8336028509
3 163 1771426165
3 164 9310662201
3 164 1771426174
3 165 1771453218
3 165 4530012695
3 166 1782730512
3 166 8373690817
3 167 3497483291
3 167 1793420652
3 168 1813618228
3 168 1813618229
3 168 9804653406
3 169 1828402760
3 169 3704225376
3 170 1832666032
3 170 8787692634
3 171 1835355916
3 171 4232015838
3 172 4627491642
3 172 1938819302
3 173 8807441176
3 173 1938819306
3 173 4866653236
3 174 1938819320
3 174 8336028516
3 175 1938819326
3 175 1938819319
3 176 1938819336
3 176 2387207418
3 177 9820523872
3 177 4571238064
3 177 1938953430
3 177 9820523869
3 177 9820523870
3 177 9820523871
3 178 1939558681
3 178 3139705121
3 179 1939558697
3 179 1939558701
3 180 1939632512
3 180 4826555773
3 181 9030155758
3 181 1939632519
3 182 8807431546
3 182 1951616325
3 182 8807431551
3 183 9856119619
3 183 1985084100
3 184 2003007012
3 184 4835108998
3 185 2059790748
3 185 25265079
3 186 6525670238
3 186 2135411294
3 186 9808795607
3 187 2135411296
3 187 9808795608
3 188 2135411297
3 188 9808795606
3 189 2203268985
3 189 3816097109
3 190 2293833763
3 190 4156336279
3 191 2360681713
3 191 8620105242
3 191 8620105243
3 191 8620105244
3 192 2364371185
3 192 2364379604
3 193 9781190365
3 193 2387194127
3 194 2387194131
3 194 6369401334
3 195 8336028515
3 195 2387194149
3 196 9021498664
3 196 2387207426
3 197 2387226313
3 197 2387226311
3 198 2387232563
3 198 8236052988
3 199 2458256449
3 199 8975700259
3 199 8975700261
3 199 2458303223
3 200 2458257570
3 200 9781435146
3 200 108389
3 201 2466442731
3 201 9024139134
3 201 9024139135
3 202 2466456401
3 202 1326821559
3 203 806373565
3 203 2496836231
3 204 6863550501
3 204 9756243981
3 204 9756243982
3 204 9756243983
3 204 9756243984
3 204 9756243985
3 204 2586616722
3 204 9756243986
3 204 6863550510
3 204 9756278362
3 204 9756278363
3 204 9756278364
3 205 2969439040
3 205 27460439
3 205 2612458246
3 205 3220254039
3 206 2632486641
3 206 3586606039
3 207 9804685206
3 207 9804685203
3 207 2755124949
3 207 9804685205
3 208 9681020156
3 208 2941549918
3 209 2990721389
3 209 5041945479
3 210 2990806411
3 210 9041828942
3 211 3233714194
3 211 3233714195
3 212 25067068
3 212 3233714197
3 213 3247825562
3 213 3741131606
3 214 3320743081
3 214 1954751908
3 215 4076095242
3 215 3320947996
3 216 3385387606
3 216 1556324759
3 217 3474115148
3 217 1938819293
3 218 1312188821
3 218 3499500263
3 219 3519005409
3 219 8263157413
3 220 4691514032
3 220 3519013665
3 221 3735886877
3 221 9808795598
3 222 9693628389
3 222 3741117629
3 223 968499092
3 223 3763407460
3 223 4246525220
3 224 3787645609
3 224 3787645606
3 225 3813810132
3 225 5055364614
3 226 9673091208
3 226 3987750684
3 227 6110164650
3 227 3987750692
3 228 7911267693
3 228 4077579334
3 229 4085767971
3 229 4085767974
3 229 4085767978
3 229 4085767989
3 229 9729684314
3 230 4089226784
3 230 9684083977
3 230 419350669
3 231 28418921
3 231 5816743947
3 231 4136137525
3 231 9693971447
3 232 4211515644
3 232 4211515645
3 233 4211515891
3 233 8256049399
3 234 4297211186
3 234 4297211187
3 235 4297243298
3 235 4297243295
3 236 4370333627
3 236 4370333629
3 237 4370333643
3 237 4370333637
3 237 4370333638
3 238 1236791506
3 238 4378043283
3 239 4823246341
3 239 4425001781
3 240 4430996024
3 240 3632581622
3 241 4530339698
3 241 8373690837
3 242 8373690835
3 242 4530339701
3 243 9820537921
3 243 4571238067
3 244 4627445258
3 244 4627445259
3 245 4661317536
3 245 4663312698
3 246 4682627264
3 246 1150003571
3 247 8785484313
3 247 4689775124
3 248 8373690819
3 248 4689775126
3 249 8263166217
3 249 4691460851
3 250 4697525032
3 250 4697525030
3 251 4715264000
3 251 9690915274
3 252 9808795601
3 252 4726152850
3 253 4726152857
3 253 8318757606
3 254 1319881924
3 254 4730978983
3 255 4748394420
3 255 8807431541
3 256 9135848928
3 256 4777885222
3 257 9135848937
3 257 9632417162
3 257 2364387947
3 257 9135848938
3 257 4832472797
3 258 4864083784
3 258 6218501740
3 259 24659709
3 259 4866705606
3 260 4866784251
3 260 1939558660
3 261 4920098344
3 261 9690974263
3 261 9690974264
3 261 9690974265
3 261 9690974266
3 262 5006065041
3 262 8785484314
3 262 7223695323
3 262 7223695327
3 263 5009060057
3 263 5335233114
3 264 4682627265
3 264 5041784423
3 265 8989843465
3 265 5041784501
3 266 5046314042
3 266 25632860
3 267 9754527744
3 267 9754527745
3 267 5055364610
3 267 107668
3 267 9754527743
3 268 5090420964
3 268 5090420958
3 269 8807429665
3 269 8807429660
3 269 5090420959
3 270 5095547321
3 270 8807431559
3 271 5104314098
3 271 5104314325
3 272 5119652865
3 272 26678171
3 272 5119652862
3 273 5141354331
3 273 8807431550
3 274 5247857728
3 274 5141877019
3 274 9691101412
3 275 9808795602
3 275 5160943803
3 276 5177397825
3 276 5177397827
3 277 8675201272
3 277 5189042551
3 278 9684083987
3 278 5207476611
3 279 5207477021
3 279 9754527742
3 279 9754527740
3 279 9754527741
3 279 5207476606
3 280 5238587992
3 280 5227220846
3 281 5573931377
3 281 5374183742
3 282 8975645640
3 282 5460658138
3 283 5468301555
3 283 5470932252
3 284 5473273425
3 284 1569216662
3 285 4866976617
3 285 5473274866
3 286 8429945617
3 286 5816744255
3 287 8373690832
3 287 5880188045
3 288 5924603444
3 288 5924603452
3 289 8500636794
3 289 5924603447
3 290 5924603453
3 290 5924603446
3 291 5931509720
3 291 25476127
3 292 9161061779
3 292 5948183671
3 293 6149398571
3 293 9694091982
3 293 9694091983
3 294 6266867114
3 294 9690974277
3 294 9699944538
3 295 5160943793
3 295 6280047277
3 296 9690769059
3 296 7236131861
3 296 6332695639
3 296 585180151
3 296 9135848925
3 297 6369329171
3 297 104319
3 298 6446292570
3 298 9659831675
3 299 6696695781
3 299 6696695783
3 300 6645346885
3 300 6711365597
3 301 6828863696
3 301 6828863695
3 302 1536039932
3 302 6866779806
3 303 1214922426
3 303 6951230826
3 304 6978577985
3 304 6978563378
3 305 9693963696
3 305 9693963697
3 305 9693963698
3 305 7075087299
3 306 7223365371
3 306 7223365372
3 307 1572551227
3 307 7572522540
3 307 7572522534
3 308 7572522585
3 308 7572522566
3 309 7636278193
3 309 9042037852
3 310 9694072864
3 310 7797731340
3 310 1566269623
3 311 9680972185
3 311 7824747295
3 312 7836155868
3 312 7836155870
3 313 7900888377
3 313 3987750686
3 314 7906964249
3 314 7906964251
3 315 3486459765
3 315 7911297478
3 315 7911297487
3 316 1722268367
3 316 8236052991
3 317 8336028514
3 317 9021504715
3 318 8373752817
3 318 8373690834
3 319 8373690845
3 319 8373690846
3 320 8579240312
3 320 9683686963
3 320 8579240309
3 321 8785484288
3 321 7613626073
3 322 8785484312
3 322 6293128709
3 323 8869435268
3 323 7553887415
3 324 8975833905
3 324 6978563382
3 325 1360122924
3 325 9024139133
3 326 9024139145
3 326 9024139148
3 327 9027340516
3 327 9027367517
3 328 2538458898
3 328 9030155653
3 329 9080098306
3 329 9080098307
3 330 8030470464
3 330 9632417163
3 331 5977954180
3 331 9673091214
3 332 9753609739
3 332 9753609743
3 332 9753609744
3 332 9680972177
3 332 9753609745
3 332 1782727992
3 333 9684083988
3 333 5207476613
3 334 9684101713
3 334 3704225378
3 335 9690915268
3 335 8064065316
3 336 4136137529
3 336 9690915271
3 337 9690974276
3 337 4920098343
3 338 9691076056
3 338 4367041960
3 339 2387226307
3 339 9691082671
3 340 107644
3 340 9691102358
3 341 9693920794
3 341 9693920795
3 342 9693929369
3 342 28800660
3 343 9693963680
3 343 9693963681
3 343 9693963682
3 344 10572179
3 344 9693982149
3 345 2528522528
3 345 9694091972
3 346 9694091977
3 346 9694091975
3 347 9694104280
3 347 9856119625
3 347 1547657140
3 347 9694104279
3 348 27459120
3 348 9703794686
3 349 9703794689
3 349 6969936109
3 350 9703794690
3 350 9080123622
3 351 1233327202
3 351 9710304460
3 352 1042862673
3 352 9766629717
3 353 9808795610
3 353 2480657190
3 354 9820537937
3 354 355416892
3 355 9846850972
3 355 9846850974
3 356 25632858
3 356 9855343702
3 357 1547013672
3 357 9856119630
4 0 7946372941
4 0 104318
4 1 8429795033
4 1 104323
4 2 107585
4 2 6218501751
4 3 2203888698
4 3 107606
4 4 107626
4 4 1312454055
4 5 107641
4 5 7926506527
4 5 7926506529
4 6 107667
4 6 1938819316
4 7 107684
4 7 4072476959
4 8 4072476960
4 8 107686
4 8 8373690833
4 8 8373752817
4 8 8373690834
4 8 7613626070
4 9 6369329153
4 9 1163955130
4 9 107687
4 10 3519005409
4 10 107692
4 10 8785484316
4 10 8263157413
4 11 6828863691
4 11 6828863692
4 11 6828863693
4 11 6828863694
4 11 9804578356
4 11 108406
4 12 2632464416
4 12 108409
4 12 2632464413
4 13 108420
4 13 9030284989
4 14 3267461696
4 14 108867
4 15 109408
4 15 25481504
4 15 9694031532
4 16 1536948578
4 16 109412
4 17 109414
4 17 9030029183
4 18 9781190368
4 18 109415
4 19 1536948608
4 19 109734
4 20 109737
4 20 24952269
4 21 9514602152
4 21 109785
4 21 9514602151
4 22 282708
4 22 4316306166
4 22 4530012703
4 23 7610670921
4 23 10572178
4 23 7610670919
4 24 350437608
4 24 10572779
4 25 10572785
4 25 8972511963
4 25 25496748
4 25 8972441127
4 26 9693865890
4 26 8868824899
4 26 10607127
4 27 9042027865
4 27 18393873
4 28 18469130
4 28 9856119638
4 29 2642878568
4 29 2642878569
4 29 18469132
4 30 1312188692
4 30 250549587
4 30 2934268020
4 30 20458277
4 31 20460687
4 31 9693963701
4 31 9693963702
4 31 9693963703
4 31 9693963707
4 32 20626315
4 32 7572522492
4 33 1649365881
4 33 20965794
4 34 20965801
4 34 2398924898
4 35 1813618497
4 35 20965804
4 36 4661317536
4 36 3328228994
4 36 3328228996
4 36 21392267
4 36 4663312698
4 37 21523718
4 37 1014649631
4 38 5573991659
4 38 5573991660
4 38 5165786239
4 38 21523719
4 39 21563489
4 39 4719617974
4 40 21563508
4 40 8373690831
4 41 1419565097
4 41 21583366
4 41 4017328647
4 42 21685481
4 42 1837610895
4 43 4331121754
4 43 21685483
4 44 9030155754
4 44 21990628
4 45 8923643489
4 45 21990629
4 45 9042053623
4 46 5565443390
4 46 9693628386
4 46 21990630
4 47 1938953413
4 47 1938953414
4 47 1938953417
4 47 710657963
4 47 9820538028
4 47 21990638
4 47 9693963678
4 47 9693963679
4 48 9693920801
4 48 9693920794
4 48 9693920795
4 48 9693920797
4 48 24660863
4 49 24950013
4 49 24950005
4 50 2389802904
4 50 24950050
4 51 24950064
4 51 5218844446
4 52 24950065
4 52 5227220845
4 53 9693760971
4 53 24951854
4 54 24952267
4 54 6166157035
4 55 5090420610
4 55 25066419
4 56 25066784
4 56 3233714196
4 56 4866591376
4 56 4866591374
4 57 25067266
4 57 6509584414
4 58 25067304
4 58 2566132610
4 59 1569343756
4 59 25067479
4 60 1569343909
4 60 25067558
4 61 5104314096
4 61 25067670
4 62 5104314353
4 62 25067727
4 63 1569312412
4 63 25067871
4 64 1569343523
4 64 5141216745
4 64 25067883
4 64 5141216790
4 65 25067936
4 65 5141216782
4 66 25161345
4 66 7836164765
4 67 25161361
4 67 7223298253
4 68 25161368
4 68 7836164763
4 68 1684511838
4 69 6032044867
4 69 25161380
4 69 25161381
4 70 25248122
4 70 9781190367
4 71 25471681
4 71 4630855202
4 71 4630855203
4 71 4630855204
4 71 4630855205
4 72 7271474849
4 72 25472324
4 73 4675821944
4 73 25472379
4 73 762080111
4 74 25472789
4 74 9161061774
4 75 1684835107
4 75 3739048019
4 75 3739048020
4 75 3739048021
4 75 25472885
4 76 25473203
4 76 5067002855
4 77 25473204
4 77 25473205
4 78 8579276917
4 78 25474015
4 79 1312471228
4 79 25475053
4 80 25475072
4 80 6332695638
4 80 9135848919
4 80 9135848921
4 80 9135848922
4 80 9135848923
4 81 9135845216
4 81 25475417
4 82 9690915259
4 82 25475663
4 83 25475674
4 83 9576827482
4 84 4297212128
4 84 4297212129
4 84 25475692
4 85 4297212194
4 85 4297212084
4 85 25475693
4 86 355416921
4 86 25475695
4 87 25475754
4 87 1816777875
4 88 5931509721
4 88 25476124
4 89 7644884069
4 89 25477149
4 90 25477339
4 90 9203578107
4 91 25477371
4 91 5257738387
4 92 806373533
4 92 25477774
4 93 25477858
4 93 3661703766
4 94 1832052008
4 94 25495542
4 95 1364169899
4 95 25495807
4 96 1834657467
4 96 25495820
4 96 1834657469
4 96 6354294763
4 97 4275394254
4 97 25495822
4 97 447887921
4 97 350437528
4 97 5899738713
4 98 5736847361
4 98 5736847362
4 98 5736847363
4 98 5736847364
4 98 25495852
4 99 25496622
4 99 5006065041
4 99 8785484314
4 99 7223695323
4 99 7223695327
4 100 25496820
4 100 321255925
4 101 4730978978
4 101 25496850
4 101 4730978982
4 102 9161061779
4 102 25496854
4 102 5948183671
4 103 9820538016
4 103 9820538017
4 103 9820538018
4 103 9820538019
4 103 9820523915
4 103 25497340
4 103 1938953437
4 104 9693963689
4 104 7075087298
4 104 25497619
4 105 2398924843
4 105 25500427
4 105 20965799
4 106 25500517
4 106 2466445190
4 107 7617785713
4 107 25503845
4 108 25503880
4 108 7617755274
4 109 25504144
4 109 7607077372
4 110 1835355916
4 110 25504149
4 110 4232015838
4 111 25504760
4 111 4085767970
4 111 9684083971
4 112 25505561
4 112 107644
4 112 9691102358
4 113 25505593
4 113 25505630
4 114 25505618
4 114 25505643
4 114 1828402762
4 115 1938819284
4 115 1938819285
4 115 25505622
4 116 3704225376
4 116 3704225379
4 116 1828402760
4 116 9611081868
4 116 1938819282
4 116 25505629
4 116 3704225375
4 117 2343269909
4 117 9201323564
4 117 25509525
4 118 25509526
4 118 9201323575
4 119 25509533
4 119 9805219989
4 120 25532384
4 120 5238587994
4 121 1418752708
4 121 5340811717
4 121 1312454061
4 121 25544110
4 121 1312454029
4 121 1418752721
4 121 5340811829
4 121 5340811830
4 122 2140421224
4 122 25577057
4 122 4328443355
4 123 2632464427
4 123 25632683
4 124 26374236
4 124 7271474855
4 125 27459905
4 125 1312471210
4 125 1312471197
4 126 27460250
4 126 4054356847
4 127 3486459766
4 127 27480957
4 127 7815143581
4 128 3892081378
4 128 7817162929
4 128 1014803704
4 128 28418138
4 128 3892081373
4 129 28418144
4 129 4344245893
4 130 9693971451
4 130 28418877
4 131 28418929
4 131 302013708
4 132 28800664
4 132 9693903657
4 133 2990651920
4 133 28800666
4 134 1755265432
4 134 28800670
4 135 5046314073
4 135 28800671
4 136 8868010205
4 136 213668839
4 137 8868010218
4 137 213668842
4 137 1685272862
4 138 8868010281
4 138 213668844
4 139 245200970
4 139 4211515891
4 139 8256049399
4 140 2140124996
4 140 249679365
4 141 250325410
4 141 3787645606
4 141 3787645607
4 141 3787645609
4 141 3787645610
4 142 9856119632
4 142 250325411
4 143 250327576
4 143 9693628387
4 144 250327618
4 144 9030155756
4 145 250327660
4 145 338319877
4 146 250550400
4 146 8869472247
4 147 251757452
4 147 3550836102
4 148 251892475
4 148 5925626141
4 149 251892564
4 149 3708234957
4 150 255051289
4 150 3528711693
4 150 9080098305
4 150 1014803718
4 151 4072083345
4 151 259252667
4 152 4378043667
4 152 269547419
4 152 4378043661
4 152 4378043662
4 153 627985397
4 153 275179893
4 154 3076574323
4 154 275180300
4 154 25632774
4 154 446765895
4 155 302013681
4 155 4244498866
4 155 1014803691
4 155 28418141
4 156 7836155865
4 156 316763548
4 157 5006065040
4 157 8785567902
4 157 321255919
4 158 329983075
4 158 1951616263
4 159 1832228016
4 159 343669798
4 160 9820537944
4 160 355416890
4 160 9820537943
4 161 355416920
4 161 4298970384
4 161 4298970380
4 162 1311962082
4 162 373364228
4 162 8868824870
4 162 8868824871
4 163 4089226784
4 163 9684083975
4 163 9684083977
4 163 4089236236
4 163 419350669
4 164 419632306
4 164 419632303
4 165 419632906
4 165 8620272571
4 166 9703794696
4 166 429346241
4 166 3987750679
4 167 470727954
4 167 9197589363
4 167 6988528039
4 168 2140420434
4 168 470729237
4 169 471488469
4 169 3145798533
4 170 25161386
4 170 473258827
4 171 8975529083
4 171 529722111
4 172 9690769059
4 172 585180151
4 172 6332695637
4 172 7236131861
4 172 6332695639
4 172 7236131864
4 172 7236131862
4 172 9135848925
4 173 1360122871
4 173 1360122925
4 173 595709975
4 174 632438506
4 174 20460684
4 175 675734610
4 175 1233350862
4 176 690295042
4 176 9690878343
4 177 7824747303
4 177 9753609738
4 177 9753609740
4 177 9753609741
4 177 9753609742
4 177 700774224
4 177 9680972178
4 178 4715263992
4 178 722208263
4 179 819132568
4 179 748941508
4 180 761830938
4 180 1617647901
4 181 761831000
4 181 761831039
4 182 3930921860
4 182 843376599
4 183 873684193
4 183 1939632514
4 184 5146186489
4 184 950703626
4 185 2990780037
4 185 2990780039
4 185 1758554289
4 185 1758554291
4 185 968499093
4 185 1758554294
4 186 1755708648
4 186 973128725
4 186 1755708646
4 187 3894948091
4 187 3894948093
4 187 1014803686
4 188 1014803714
4 188 9080098306
4 188 9080098307
4 188 9080098312
4 188 9080098313
4 188 27459116
4 189 1014803736
4 189 27459165
4 189 9080098309
4 190 5257738384
4 190 1039290586
4 191 1042862673
4 191 9027340515
4 191 9766629717
4 192 1042862696
4 192 3858880677
4 193 2466456400
4 193 1081508186
4 193 20460695
4 194 1081508209
4 194 20460681
4 195 1150003147
4 195 8975833904
4 195 8975833905
4 195 6978563379
4 195 6978563382
4 196 1309067472
4 196 1150003270
4 197 1150003472
4 197 9042129984
4 198 1150003480
4 198 5565487612
4 199 4682627266
4 199 1150003532
4 200 1360122929
4 200 1163955034
4 201 8620105259
4 201 1214922429
4 202 4643337035
4 202 1236791478
4 203 1236791506
4 203 4378043283
4 203 4378043789
4 204 1236791552
4 204 5516594509
4 204 9197589454
4 204 9197589455
4 205 1236791555
4 205 5880186828
4 205 5880186827
4 206 1238249904
4 206 1736734053
4 207 1239549084
4 207 8620105236
4 208 8236052987
4 208 1280491924
4 208 8236052990
4 208 8236052983
4 209 24659907
4 209 1311961990
4 210 1311961947
4 210 1311962012
4 210 1311962111
4 211 1311962016
4 211 6369390693
4 212 8336028512
4 212 1311962122
4 213 4726152857
4 213 1312188619
4 213 8318757606
4 214 1312188704
4 214 1312188883
4 214 1312188797
4 215 1312189057
4 215 1312188722
4 216 8868001104
4 216 1312188731
4 217 1312189098
4 217 1312188741
4 218 1312188768
4 218 4726152854
4 219 1312264577
4 219 9042133642
4 220 1312264610
4 220 1782718791
4 221 9710359368
4 221 1312453919
4 222 1678245252
4 222 9781190366
4 222 1312454038
4 223 1312454058
4 223 7911243863
4 224 4534184507
4 224 1312932879
4 225 1938953432
4 225 1326821457
4 225 9820537922
4 226 2466449290
4 226 1326821515
4 226 1326821471
4 227 1326821579
4 227 1326821524
4 228 1326821592
4 228 2387245025
4 229 9693963699
4 229 1326821620
4 229 6272993491
4 230 1343823418
4 230 250550023
4 231 1721713699
4 231 1350430181
4 232 1360122856
4 232 9856119620
4 233 1360122866
4 233 1938953395
4 233 8975645638
4 234 1360122860
4 234 1360122901
4 235 1360122937
4 235 1360122919
4 236 9024139132
4 236 1360122924
4 236 9024139133
4 237 6724775016
4 237 2458257578
4 237 1364161197
4 238 8336028514
4 238 1401926435
4 238 9021504715
4 239 5816743945
4 239 1505332730
4 240 1536948529
4 240 7824803493
4 241 20626312
4 241 7572522585
4 241 1536948652
4 241 7572522566
4 242 4402629177
4 242 1547013655
4 243 1547013699
4 243 1550763732
4 244 1547392728
4 244 1547392894
4 245 1547392914
4 245 1547392951
4 246 1556097034
4 246 1556097147
4 247 4777897927
4 247 4777897928
4 247 1556097098
4 247 1951372915
4 247 1556097118
4 248 5905897286
4 248 1556097111
4 249 1556097448
4 249 1556097153
4 249 1556097177
4 249 1556097051
4 250 1556324684
4 250 2528522503
4 251 7946372937
4 251 1596648673
4 251 7946372938
4 251 7946372935
4 252 4665353645
4 252 1617596591
4 253 1617596659
4 253 1617596646
4 254 1617596714
4 254 8373690844
4 254 8373690820
4 254 8785503918
4 255 1617647928
4 255 1617647924
4 256 1617647945
4 256 8373690845
4 256 8373690846
4 257 2215139515
4 257 1655418222
4 257 3816097103
4 258 25161379
4 258 1678226846
4 259 1678226917
4 259 1951616270
4 260 1678283242
4 260 1678283244
4 260 1678283247
4 260 6218501713
4 260 6218501746
4 260 6470264536
4 260 5342236733
4 261 1678452786
4 261 7610670751
4 262 7610670826
4 262 7610670780
4 262 7610670781
4 262 1678452790
4 263 7610670906
4 263 1678452791
4 264 1678452793
4 264 7607077361
4 265 8336028507
4 265 1678452796
4 266 8868809321
4 266 1684835030
4 267 1684835121
4 267 1684835138
4 268 9754453026
4 268 9754453027
4 268 9754453028
4 268 9754453029
4 268 9754453030
4 268 1707790023
4 268 5177397832
4 268 9754453033
4 268 5177397830
4 268 9754453031
4 268 9754453032
4 268 5177397828
4 269 7223728617
4 269 8336028509
4 269 1707790052
4 269 1771426165
4 270 1707790055
4 270 1707790057
4 270 4650375309
4 270 1707790063
4 270 1707790064
4 270 4650375508
4 271 1707790067
4 271 6327615075
4 272 1711679434
4 272 9375170324
4 273 1718233922
4 273 8438226815
4 274 250549835
4 274 1718566997
4 275 1719422038
4 275 9856119639
4 276 1722268384
4 276 1722268388
4 276 2387232555
4 276 2387232556
4 276 2387232557
4 276 1722268381
4 276 2402557599
4 277 9681020157
4 277 1722621630
4 278 7911267694
4 278 1722621718
4 278 7911267695
4 279 1723315608
4 279 7636244313
4 279 9030155763
4 280 9804685199
4 280 9804685200
4 280 9804685201
4 280 9804685202
4 280 1723388986
4 281 8785441944
4 281 1725360097
4 282 8336028505
4 282 1726730165
4 283 1726730281
4 283 7617755275
4 284 1726730329
4 284 7617785714
4 285 1726730354
4 285 7617785710
4 286 1755708768
4 286 1755708766
4 287 1758552682
4 287 1758552678
4 288 9310662201
4 288 1771426174
4 289 1771453218
4 289 4530012695
4 290 1782712524
4 290 7223695326
4 291 1782725824
4 291 2387194148
4 291 7836155869
4 292 1782730512
4 292 8373690817
4 292 7223668011
4 293 3497483291
4 293 1793420652
4 294 1813618228
4 294 1813618229
4 294 9804653406
4 295 5041784633
4 295 1813618358
4 296 1828402763
4 296 1828402764
4 297 1832666032
4 297 8787692634
4 298 1951242860
4 298 2364379605
4 298 1864047135
4 299 9684101713
4 299 3704225378
4 299 1938819279
4 300 1938819296
4 300 3474115148
4 300 1938819293
4 301 4627491642
4 301 1938819302
4 302 8807441176
4 302 1938819306
4 302 4866653236
4 303 1938819320
4 303 8336028516
4 304 1938819326
4 304 1938819319
4 305 6369390701
4 305 1938819335
4 306 1938819336
4 306 2387207418
4 307 1938953403
4 307 9693963683
4 308 9820523872
4 308 4571238064
4 308 1938953430
4 308 1938953431
4 308 9820523869
4 308 9820523870
4 308 9820523871
4 309 1939558667
4 309 1939558657
4 309 7223326411
4 310 1939558666
4 310 4866976610
4 310 2218364543
4 311 2218344501
4 311 1939558671
4 312 1939558673
4 312 2218344509
4 313 1939558674
4 313 7223326414
4 314 1939558681
4 314 2218344522
4 314 3139705121
4 315 1939558697
4 315 2218362321
4 315 1939558701
4 316 1939558700
4 316 7223326413
4 317 1939632512
4 317 4826555773
4 318 9030155758
4 318 1939632519
4 319 1951242856
4 319 1951242857
4 319 9135848938
4 319 2364387947
4 319 9135848937
4 319 9632417162
4 319 4832472797
4 320 1990912129
4 320 9135848931
4 320 1951242859
4 320 7638732491
4 320 3385332654
4 321 7745051680
4 321 1951616234
4 321 1951616236
4 322 8807431546
4 322 1951616325
4 322 8807431551
4 323 8807431559
4 323 5095547321
4 323 1951616327
4 324 9856119619
4 324 1985084100
4 325 2003007012
4 325 9710348828
4 325 4835108998
4 326 2059790748
4 326 25265079
4 327 6525670238
4 327 2135411294
4 327 9808795607
4 328 2135411296
4 328 6525670241
4 328 9808795608
4 329 2135411297
4 329 4703542483
4 329 9808795606
4 329 2331184934
4 330 9024139149
4 330 2140421222
4 331 2203268985
4 331 3816097109
4 332 9710332576
4 332 2218344510
4 333 9030284967
4 333 2254629351
4 334 4034060017
4 334 2265065203
4 335 2293833763
4 335 4156336279
4 336 6525670234
4 336 2331184931
4 336 2331184935
4 337 2360681713
4 337 3972566710
4 337 8620105240
4 337 8620105242
4 337 8620105243
4 337 8620105244
4 338 2364371185
4 338 2364379604
4 339 2364384488
4 339 2364379602
4 340 9781190365
4 340 2387194127
4 341 2387194131
4 341 6369401334
4 342 8336028515
4 342 2387194149
4 343 9021498664
4 343 2387207426
4 344 2387226304
4 344 2387226307
4 344 9691082671
4 345 2387226313
4 345 2387226311
4 346 2387232563
4 346 8236052988
4 347 2387245026
4 347 2387245027
4 348 2398924853
4 348 2398924855
4 349 2398924893
4 349 9310682079
4 350 2453947049
4 350 8787384685
4 350 8787384686
4 351 2453947051
4 351 4211515660
4 351 8787384683
4 352 2458256449
4 352 8975700259
4 352 8975700261
4 352 2458303223
4 353 2458257570
4 353 9781435146
4 353 108389
4 354 26678169
4 354 2458301100
4 355 2466442731
4 355 9024139134
4 355 9024139135
4 356 2466456401
4 356 2466456402
4 356 2466456403
4 356 1326821559
4 357 10607129
4 357 2466456414
4 358 806373565
4 358 2496836231
4 359 2566132609
4 359 1569382170
4 360 6863550501
4 360 9756243981
4 360 9756243982
4 360 9756243983
4 360 9756243984
4 360 9756243985
4 360 2586616722
4 360 9756243986
4 360 6863550510
4 360 9756278362
4 360 9756278363
4 360 9756278364
4 361 2969439040
4 361 27460439
4 361 2612458246
4 361 3220254039
4 362 2632486641
4 362 3586606039
4 363 2665239972
4 363 6509684093
4 364 9804685203
4 364 9804685204
4 364 2755124949
4 364 9804685206
4 364 9804685205
4 365 2793874522
4 365 7797731343
4 366 2914561217
4 366 5924603460
4 367 2934288530
4 367 2934288518
4 368 9681020156
4 368 2941549918
4 369 2990721389
4 369 5041945479
4 370 2990806410
4 370 4246525223
4 371 2990806411
4 371 9041828942
4 372 3215685153
4 372 4726152847
4 373 3233714192
4 373 3233714193
4 374 3233714194
4 374 3233714195
4 374 25067068
4 374 3233714197
4 375 3247825561
4 375 3247825562
4 375 3741131606
4 376 237911
4 376 3265436695
4 377 3320743081
4 377 1954751908
4 378 4076095242
4 378 3320947996
4 379 3381130092
4 379 8976060358
4 380 3385387606
4 380 1556324759
4 381 3486459764
4 381 3486459765
4 381 7911297478
4 381 7911297487
4 382 1312188821
4 382 3499500263
4 383 4691514032
4 383 3519013665
4 384 4430996024
4 384 4155841820
4 384 3632581622
4 385 4922952362
4 385 3644748774
4 386 3656358065
4 386 5046447437
4 387 3735886877
4 387 9808795598
4 388 9693628389
4 388 3741117629
4 389 968499092
4 389 3763407460
4 389 4246525220
4 390 3813810132
4 390 5055364614
4 391 3816097104
4 391 8336028510
4 392 3984132035
4 392 4244498867
4 393 9673091208
4 393 3987750684
4 394 6110164649
4 394 3987750685
4 394 3987750686
4 394 7900888377
4 395 6110164650
4 395 3987750692
4 396 4077495858
4 396 4077495854
4 397 7911267693
4 397 4077579334
4 398 4077599545
4 398 4077599543
4 399 4085767971
4 399 4085767974
4 399 4085767978
4 399 4085767989
4 399 9729684314
4 400 4085783099
4 400 3887941013
4 401 28418921
4 401 5816743947
4 401 4136137525
4 401 9693971447
4 402 4085778934
4 402 4143767990
4 403 6327557048
4 403 4166662878
4 404 4211515644
4 404 4211515645
4 405 4297211186
4 405 4297211187
4 406 4297212114
4 406 4297243218
4 407 4297243298
4 407 4297243295
4 408 4298970368
4 408 4298970364
4 409 4316306164
4 409 1137777341
4 410 4370333637
4 410 4370333638
4 410 4370333643
4 410 4370333627
4 410 4370333629
4 411 4823246341
4 411 4425001781
4 412 8975645640
4 412 5460658138
4 412 4462680078
4 413 8975645641
4 413 4512763348
4 414 4530339698
4 414 8373690837
4 415 4530339699
4 415 4530339702
4 415 8373690839
4 416 8373690835
4 416 4530339701
4 417 9820537921
4 417 9820523914
4 417 4571238067
4 418 4627445258
4 418 4627445259
4 418 4627445260
4 419 4643336979
4 419 4643336966
4 420 6327615074
4 420 4658088539
4 421 4663312696
4 421 4663312697
4 422 4675822097
4 422 4675822100
4 423 4682627259
4 423 6978563383
4 424 4682627264
4 424 1150003571
4 425 8785484313
4 425 4689775124
4 426 8373690819
4 426 4689775126
4 427 8263166217
4 427 4691460851
4 428 4696568114
4 428 4696544885
4 429 4696545402
4 429 4697288390
4 429 367102039
4 430 4697525032
4 430 4697525030
4 431 4715264000
4 431 9690915274
4 432 9808795601
4 432 4726152850
4 433 4401156476
4 433 4729448869
4 434 4729480806
4 434 4729480807
4 435 1319881924
4 435 4730978983
4 436 4748394420
4 436 8807431541
4 437 9135848928
4 437 4777885222
4 438 1707790074
4 438 4822267107
4 439 9024076384
4 439 9024076385
4 439 4822267109
4 440 4864083784
4 440 6218501740
4 441 4866475737
4 441 1572551227
4 441 7572522540
4 441 7572522534
4 442 24659709
4 442 4866705606
4 443 4866784251
4 443 1939558660
4 444 8579240314
4 444 4872502279
4 445 9690974272
4 445 4920098344
4 445 9690974263
4 445 9690974264
4 445 9690974265
4 445 9690974266
4 446 5006063176
4 446 5006063175
4 447 5335233120
4 447 5009060057
4 447 5335233114
4 447 5335233113
4 448 4682627265
4 448 8975833913
4 448 5067002867
4 448 5041784423
4 449 8989843465
4 449 5041784501
4 450 5046314041
4 450 5046314042
4 450 5046314043
4 450 25632860
4 451 5046627553
4 451 5046627645
4 452 9754527744
4 452 9754527745
4 452 5055364610
4 452 107668
4 452 9754527743
4 453 5060405461
4 453 1954751918
4 454 5090420964
4 454 5090420958
4 455 8807429665
4 455 8807429660
4 455 5090420959
4 456 5104314098
4 456 5104314325
4 457 5119652865
4 457 26678171
4 457 5119652862
4 457 5119652863
4 458 5141354331
4 458 8807431550
4 459 7223298254
4 459 5141625702
4 460 5247857728
4 460 5141877019
4 460 9691101412
4 461 6280047280
4 461 9808795602
4 461 5160943803
4 462 8620105265
4 462 5177397822
4 463 5177397825
4 463 5177397827
4 463 5177397823
4 464 8675201272
4 464 5189042551
4 465 9684083987
4 465 9684083993
4 465 5207476611
4 466 5207477021
4 466 9754527742
4 466 9754527740
4 466 9754527741
4 466 5207476606
4 467 5238587992
4 467 5227220846
4 468 9808795600
4 468 5257738379
4 469 5257738381
4 469 5257738389
4 470 5265953452
4 470 1832129878
4 471 5265953457
4 471 5265953459
4 472 5573931377
4 472 5374183742
4 473 5468301555
4 473 5470932252
4 474 5473273425
4 474 1569216662
4 475 4866976617
4 475 5473274866
4 476 5839156209
4 476 4462680068
4 476 5573994014
4 477 8429945617
4 477 5816744255
4 478 8373690832
4 478 6840965712
4 478 5880188045
4 479 5924603454
4 479 5924603444
4 479 5924603452
4 480 5924603449
4 480 5924603445
4 481 8500636794
4 481 5924603447
4 482 5924611312
4 482 5924603453
4 482 5924603446
4 483 5931509720
4 483 25476127
4 484 4136137529
4 484 9690915271
4 484 6014302223
4 485 8429225386
4 485 6110191186
4 486 5269678593
4 486 6110191188
4 487 6149398571
4 487 9694091982
4 487 9694091983
4 488 9704122321
4 488 6218468163
4 489 4530012690
4 489 6261920915
4 490 6266867113
4 490 6266867114
4 490 9690974277
4 490 9699944538
4 491 6279388824
4 491 6279388822
4 491 6279388823
4 492 5160943793
4 492 6280047277
4 493 1366095189
4 493 6369329158
4 494 9310662202
4 494 6369329163
4 495 20965800
4 495 6369329165
4 496 1215563895
4 496 6369329167
4 497 6369329171
4 497 104319
4 498 1366095187
4 498 6369329172
4 499 5065949596
4 499 6369361790
4 500 4077495826
4 500 6407948171
4 501 6407948172
4 501 1832129789
4 502 6446218921
4 502 6446218922
4 503 6446292570
4 503 9659831675
4 504 8784159562
4 504 6467134931
4 505 6525670235
4 505 2331184932
4 506 6696695781
4 506 6696695783
4 507 6645346885
4 507 6711365597
4 508 2458307450
4 508 6724775013
4 509 6828863696
4 509 6828863697
4 509 6828863695
4 510 1536039932
4 510 6866779806
4 511 1214922426
4 511 6951230826
4 512 6978577985
4 512 6978563378
4 513 9030121410
4 513 6985373983
4 514 9693963696
4 514 9693963697
4 514 9693963698
4 514 7075087299
4 515 7223326410
4 515 7223326407
4 516 7223365371
4 516 7223365372
4 517 7636278193
4 517 7636278195
4 517 9042037852
4 518 8030470464
4 518 7638732490
4 518 9632417163
4 518 1137777343
4 519 7644741345
4 519 1233350847
4 520 9694072864
4 520 7797731340
4 520 1566269623
4 521 9680972185
4 521 7824747295
4 522 7836155867
4 522 1718328435
4 523 5043864464
4 523 7836155868
4 523 7836155870
4 524 7906964249
4 524 7906964251
4 525 7911243856
4 525 4166634955
4 526 7926506531
4 526 7926506532
4 527 7946372936
4 527 7946372934
4 528 8318757605
4 528 8043350325
4 529 9690915268
4 529 9690915267
4 529 8064065316
4 530 1722268367
4 530 8236052991
4 531 8579240312
4 531 9683686963
4 531 8579240309
4 532 8579240313
4 532 9700060292
4 533 1939558655
4 533 8579522887
4 534 1587330970
4 534 8604055550
4 535 9691076056
4 535 8755805313
4 535 4367041960
4 536 8784212017
4 536 4826555767
4 537 8785484288
4 537 7613626073
4 538 8785484312
4 538 6293128709
4 539 8785568224
4 539 1985084095
4 540 8868010280
4 540 8868010279
4 541 8869435258
4 541 4866976614
4 542 8869435268
4 542 7553887415
4 543 5374174224
4 543 8975529084
4 544 8975833912
4 544 6978531575
4 545 1939558659
4 545 9021504716
4 546 9024139145
4 546 9024139148
4 547 9027340516
4 547 9027367517
4 548 2538458898
4 548 9030155653
4 549 24950107
4 549 9030155654
4 550 9030155762
4 550 9042037853
4 551 9042041320
4 551 9042041321
4 551 28800667
4 552 2331184930
4 552 9161061775
4 553 9846850972
4 553 9846850974
4 553 9161061783
4 554 9197322310
4 554 9805219991
4 555 9856119617
4 555 9197589457
4 556 5977954180
4 556 9673091214
4 557 9678821160
4 557 9678821156
4 558 9753609739
4 558 9753609743
4 558 9753609744
4 558 9680972177
4 558 9753609745
4 558 1782727992
4 559 9684083988
4 559 5207476613
4 560 9684083992
4 560 5207476619
4 561 9690915264
4 561 9690915265
4 562 25496910
4 562 9690974262
4 563 9690974276
4 563 4920098343
4 564 9691102362
4 564 1938819283
4 565 316763513
4 565 9693730842
4 566 9693929369
4 566 28800660
4 567 9693963680
4 567 9693963681
4 567 9693963682
4 568 9693971465
4 568 377494060
4 569 10572179
4 569 9693982149
4 570 20625800
4 570 9694032606
4 571 585200818
4 571 9694032607
4 572 2528522528
4 572 9694091972
4 573 9694091976
4 573 9694091977
4 573 9694091978
4 573 9694091975
4 574 1547013653
4 574 9694096799
4 575 9694104280
4 575 9856119625
4 575 1547657140
4 575 9694104279
4 576 27459120
4 576 9703794686
4 577 9703794689
4 577 6969936109
4 578 9703794690
4 578 9080123622
4 579 27460210
4 579 9703794691
4 580 1233327202
4 580 9710304460
4 581 21990624
4 581 9710348827
4 582 9808795610
4 582 2480657190
4 583 9820537937
4 583 355416892
4 584 9820537941
4 584 9820537942
4 585 25632858
4 585 9855343702
4 586 8373690843
4 586 9856119621
4 587 1547013672
4 587 9856119630
5 0 7946372941
5 0 104318
5 1 4167762776
5 1 8429795033
5 1 104323
5 2 107585
5 2 6218501751
5 3 107602
5 3 5977954180
5 3 9673091214
5 4 8429934918
5 4 2203888698
5 4 5816743941
5 4 107606
5 5 1990912129
5 5 9135848931
5 5 8030470469
5 5 7638732491
5 5 1951242859
5 5 3385332654
5 5 2364371186
5 5 1990912115
5 5 107615
5 6 107626
5 6 1312454055
5 7 107641
5 7 7926506527
5 7 7926506525
5 7 7926506529
5 8 4922952362
5 8 3644748774
5 8 107647
5 9 107667
5 9 1938819316
5 10 1726730281
5 10 7617755275
5 10 107684
5 10 4072476959
5 11 4072476960
5 11 107686
5 11 8373690833
5 11 8373752817
5 11 8373690834
5 11 7613626070
5 12 6369329153
5 12 107687
5 12 6369329163
5 12 9310662202
5 12 1163955130
5 13 107690
5 13 8373690829
5 14 3519005409
5 14 107692
5 14 8785484316
5 14 8263157413
5 15 6828863691
5 15 6828863692
5 15 6828863693
5 15 6828863694
5 15 6828863695
5 15 6828863696
5 15 6828863697
5 15 6828863698
5 15 9804578356
5 15 108406
5 16 2632464416
5 16 108409
5 16 2632464413
5 17 108420
5 17 9030284989
5 17 9030284990
5 18 3267461696
5 18 3267461721
5 18 108867
5 18 3267461710
5 19 109408
5 19 9694031532
5 19 5207487900
5 19 25481504
5 20 1536948618
5 20 109411
5 21 1536948578
5 21 109412
5 22 109414
5 22 9030029183
5 23 9781190368
5 23 109415
5 24 9710332576
5 24 9710332577
5 24 109416
5 24 2218344508
5 24 2218344510
5 25 1536948608
5 25 6509584413
5 25 109734
5 26 109737
5 26 24952269
5 27 9514602150
5 27 9514602151
5 27 9514602152
5 27 9514602153
5 27 109785
5 28 4077627063
5 28 3265436695
5 28 237911
5 29 282708
5 29 4316306166
5 29 4530012703
5 30 9030155653
5 30 5925584204
5 30 2538458898
5 30 2961557
5 30 2195965722
5 31 7610670921
5 31 10572178
5 31 7610670919
5 32 4630855193
5 32 10572180
5 33 350437608
5 33 10572779
5 34 10572785
5 34 8972511963
5 34 25496748
5 34 8972441127
5 35 9693865890
5 35 8868824899
5 35 5353604060
5 35 10607127
5 36 7947057586
5 36 10607629
5 37 9042027865
5 37 18393873
5 38 18469130
5 38 9856119638
5 39 2642878568
5 39 2642878569
5 39 18469132
5 40 20458277
5 40 250549587
5 40 1312188692
5 40 2934268020
5 40 4618510643
5 41 20460680
5 41 6978563380
5 42 20460687
5 42 5238528591
5 42 9693963701
5 42 9693963702
5 42 9693963703
5 42 9693963707
5 43 372978120
5 43 1326821577
5 43 2466449295
5 43 2466449296
5 43 20460690
5 43 1326821557
5 44 2466449288
5 44 1326821513
5 44 20460692
5 44 1326821541
5 45 20460681
5 45 2466456400
5 45 2466449297
5 45 1081508209
5 45 20460695
5 45 20460697
5 45 1081508186
5 46 3796814729
5 46 20626310
5 47 20626315
5 47 7572522492
5 48 9197326420
5 48 20955158
5 49 1649365881
5 49 20965794
5 49 8868824843
5 50 20965801
5 50 2398924898
5 51 1813618497
5 51 20965804
5 52 20965805
5 52 20965806
5 53 21307200
5 53 9030155753
5 53 9856119635
5 54 4661317536
5 54 3328228994
5 54 3328228996
5 54 21392267
5 54 4663312698
5 55 21523714
5 55 4726152840
5 55 4726152844
5 55 6218501717
5 55 7797330549
5 55 9694087358
5 56 21523718
5 56 1014649631
5 57 21523719
5 57 5573991659
5 57 5573991660
5 57 2934288509
5 57 5165786239
5 58 21563791
5 58 21563479
5 59 21563489
5 59 4719617974
5 60 21563508
5 60 8373690831
5 61 1419565097
5 61 21583366
5 61 4017328647
5 62 21685481
5 62 1837610895
5 63 4331121754
5 63 21685483
5 64 4462683090
5 64 21686572
5 65 21686574
5 65 4462680070
5 66 8923643490
5 66 21990628
5 66 9030155754
5 67 8923643489
5 67 21990629
5 67 9042053623
5 68 5565443390
5 68 9693628386
5 68 21990630
5 69 9042025325
5 69 21990631
5 70 21990633
5 70 1326821489
5 71 1938953413
5 71 1938953414
5 71 1938953417
5 71 710657963
5 71 9820538028
5 71 21990638
5 71 1938953406
5 71 9693963678
5 71 9693963679
5 72 24659907
5 72 24659947
5 72 1311961990
5 73 9693920801
5 73 9693920794
5 73 9693920795
5 73 9693920797
5 73 24660863
5 74 24950013
5 74 24950005
5 75 2389802904
5 75 24950050
5 76 24950064
5 76 5218844446
5 77 24950065
5 77 5227220845
5 78 5925584203
5 78 24950101
5 79 24950105
5 79 5095547321
5 79 1951616327
5 79 8807431559
5 80 9693920803
5 80 24950110
5 81 24950113
5 81 4748394420
5 81 8807431541
5 82 9693760971
5 82 24951854
5 83 24952267
5 83 6166157035
5 84 5090420610
5 84 25066419
5 85 25066451
5 85 25066453
5 86 25066784
5 86 25066694
5 86 4866591373
5 86 4866591374
5 86 4866591375
5 86 4866591376
5 86 3233714196
5 87 3233714192
5 87 3233714193
5 87 3233714194
5 87 3233714195
5 87 3233714197
5 87 25067068
5 88 2504822137
5 88 25067266
5 88 6509584414
5 89 25067304
5 89 2566132610
5 89 2566132611
5 90 25067396
5 90 25067397
5 90 5146186463
5 91 1569343756
5 91 25067479
5 92 1569343909
5 92 25067558
5 93 5104314096
5 93 25067670
5 94 5104314353
5 94 25067727
5 95 1569312412
5 95 25067871
5 96 1569343523
5 96 5141216745
5 96 25067883
5 96 5141216790
5 97 25067936
5 97 5141216782
5 98 25161345
5 98 7836164765
5 99 25161347
5 99 5090420965
5 100 25161352
5 100 1938819320
5 100 8336028516
5 101 9691101411
5 101 25161357
5 101 2387194158
5 102 25161361
5 102 7223298253
5 103 2387209415
5 103 1360122924
5 103 25161366
5 103 9024139132
5 103 9024139133
5 104 1718233922
5 104 8869435268
5 104 7553887415
5 104 25161368
5 104 7836164763
5 104 7836164764
5 104 1684511838
5 104 8438226815
5 105 25161378
5 105 25161379
5 105 8807431548
5 105 1678226846
5 106 6032044867
5 106 25161380
5 106 25161381
5 107 25248122
5 107 9781190367
5 108 25471681
5 108 4630855202
5 108 4630855203
5 108 4630855204
5 108 4630855205
5 109 367106464
5 109 25471733
5 110 25471736
5 110 25503860
5 111 7271474849
5 111 25472324
5 112 4675821944
5 112 25472379
5 112 762080111
5 113 25472763
5 113 4425001783
5 114 4425001782
5 114 25472767
5 115 7447716112
5 115 25472789
5 115 9161061774
5 116 1684835107
5 116 3739048019
5 116 3739048020
5 116 3739048021
5 116 25472885
5 117 25473203
5 117 5067002855
5 118 25473204
5 118 25473205
5 119 8579276917
5 119 25474015
5 120 9694091975
5 120 9694091976
5 120 9694091977
5 120 9694091978
5 120 25475053
5 120 1312471228
5 121 25475072
5 121 6332695638
5 121 9135848919
5 121 9135848921
5 121 9135848922
5 121 9135848923
5 122 9135845216
5 122 25475417
5 122 9135845213
5 123 25475561
5 123 9690878337
5 124 9690915259
5 124 25475663
5 125 9690915271
5 125 9690915273
5 125 6014302223
5 125 25475664
5 125 4136137529
5 125 9690915263
5 126 25475674
5 126 9576827482
5 127 8784000965
5 127 25475678
5 128 4297212128
5 128 4297212129
5 128 25475692
5 129 4297212194
5 129 4297212084
5 129 25475693
5 130 355416921
5 130 25475695
5 131 25475698
5 131 1326821607
5 132 25475754
5 132 1816777875
5 133 5931509721
5 133 25476124
5 134 7644884069
5 134 25477149
5 135 25477339
5 135 9203578107
5 136 25477371
5 136 5257738387
5 136 5257738390
5 137 806373533
5 137 25477774
5 138 25477858
5 138 3661703766
5 139 1832052008
5 139 25495542
5 140 25495640
5 140 25495858
5 141 1364169899
5 141 25495807
5 142 1834657467
5 142 25495820
5 142 1834657469
5 142 6354294763
5 143 4275394254
5 143 25495822
5 143 447887921
5 143 350437528
5 143 5899738713
5 144 5736847361
5 144 5736847362
5 144 5736847363
5 144 5736847364
5 144 25495852
5 145 749947393
5 145 749947402
5 145 25495855
5 146 25496622
5 146 5006065041
5 146 8785484314
5 146 7223695323
5 146 7223695327
5 147 25496820
5 147 321255925
5 148 4730978978
5 148 25496850
5 148 4730978982
5 149 9161061779
5 149 25496854
5 149 5948183671
5 150 9820538016
5 150 9820538017
5 150 9820538018
5 150 9820538019
5 150 9820523915
5 150 9820523916
5 150 7947041713
5 150 25497340
5 150 1938953437
5 151 9693963689
5 151 7075087298
5 151 25497619
5 152 1326821596
5 152 25497828
5 153 25497872
5 153 9693963704
5 154 2398924843
5 154 25500427
5 154 20965799
5 155 25500517
5 155 2466445190
5 156 8336028504
5 156 25500535
5 157 25503841
5 157 1726730303
5 158 7617785713
5 158 25503845
5 159 25503880
5 159 7617755274
5 160 25504144
5 160 7607077372
5 161 1835355916
5 161 25504149
5 161 4232015838
5 162 25504760
5 162 4085767970
5 162 9684083971
5 163 25505561
5 163 107644
5 163 9691102358
5 164 25505593
5 164 25505630
5 165 25505618
5 165 25505643
5 165 1828402762
5 166 1938819284
5 166 3704225380
5 166 1938819285
5 166 25505622
5 167 3704225376
5 167 3704225379
5 167 1828402760
5 167 9611081868
5 167 1938819282
5 167 25505629
5 167 3704225375
5 168 1828402763
5 168 1828402764
5 168 25505695
5 169 2343269909
5 169 9201323564
5 169 25509525
5 170 25509526
5 170 9201323575
5 171 25509533
5 171 9805219989
5 172 25532384
5 172 5238587994
5 173 1418752708
5 173 5340811717
5 173 1312454090
5 173 1312454061
5 173 25544110
5 173 1312454029
5 173 1312453999
5 173 1418752721
5 173 1312454031
5 173 5340811829
5 173 5340811830
5 174 2140421224
5 174 25577057
5 174 4328443355
5 175 2632464427
5 175 25632683
5 176 26374236
5 176 7271474855
5 177 9080098305
5 177 9080098306
5 177 9080098307
5 177 9080098308
5 177 1014803714
5 177 1014803718
5 177 9080098312
5 177 9080098313
5 177 27459116
5 177 3528711693
5 177 255051289
5 178 2935392676
5 178 27459638
5 179 3247933387
5 179 27459830
5 180 27459905
5 180 1312471210
5 180 1312471197
5 181 27459945
5 181 6218501753
5 181 27459951
5 182 9694087361
5 182 27460198
5 183 27460250
5 183 4054356847
5 184 3486459766
5 184 27480957
5 184 7815143581
5 185 27480960
5 185 9678821156
5 185 9678821159
5 185 9678821160
5 185 3486459769
5 186 3892081378
5 186 7817162929
5 186 1014803704
5 186 28418138
5 186 3892081373
5 187 7797338599
5 187 1014803691
5 187 302013681
5 187 4244498866
5 187 28418141
5 188 28418144
5 188 4344245893
5 189 28418497
5 189 3858880678
5 190 9693971451
5 190 28418877
5 191 4629462859
5 191 4534184516
5 191 28418879
5 192 28418929
5 192 3984132034
5 192 302013708
5 193 28800664
5 193 1755708737
5 193 1755708738
5 193 9693903657
5 194 2990651920
5 194 28800666
5 195 1755265432
5 195 2990721389
5 195 28800670
5 195 5041945479
5 196 5046314073
5 196 5046314090
5 196 28800671
5 197 1401416203
5 197 8318797237
5 197 212927414
5 198 8868010205
5 198 213668839
5 199 8868010218
5 199 213668842
5 199 1685272862
5 200 8868010281
5 200 213668844
5 201 245200970
5 201 4211515891
5 201 8256049399
5 202 7815533548
5 202 249558966
5 203 7900221088
5 203 249560091
5 204 2140124996
5 204 249679365
5 205 250325410
5 205 3787645606
5 205 3787645607
5 205 3787645608
5 205 3787645609
5 205 3787645610
5 206 9856119632
5 206 250325411
5 207 250327576
5 207 9693628387
5 208 250327618
5 208 9030155756
5 209 7151566952
5 209 250327660
5 209 338319877
5 210 250549699
5 210 250549700
5 211 250550400
5 211 8869472247
5 212 251757452
5 212 3550836102
5 213 251892475
5 213 5925626141
5 214 4230027057
5 214 251892564
5 214 3708234957
5 215 4072083345
5 215 259252667
5 216 1678452753
5 216 268124583
5 217 4378043667
5 217 269547419
5 217 4378043661
5 217 4378043662
5 218 627985397
5 218 275179893
5 219 3076574323
5 219 275180300
5 219 25632774
5 219 446765895
5 220 9856119626
5 220 283061836
5 221 295977520
5 221 8429795032
5 222 302013776
5 222 27459120
5 222 9703794686
5 223 5247852872
5 223 316763500
5 224 7836155865
5 224 316763548
5 224 1782724125
5 225 5006065040
5 225 8785567902
5 225 321255919
5 226 329983075
5 226 1951616263
5 227 1832228016
5 227 343669798
5 228 1312189098
5 228 354886082
5 228 1312188955
5 228 1312188741
5 229 9820537944
5 229 355416890
5 229 9820537943
5 230 355416920
5 230 4298970384
5 230 4298970380
5 231 373364225
5 231 6369329161
5 232 1311962082
5 232 373364228
5 232 8868824870
5 232 8868824871
5 233 373364868
5 233 1215563895
5 233 6369329167
5 234 473262779
5 234 419347199
5 235 4089226784
5 235 9684083975
5 235 9684083976
5 235 9684083977
5 235 4089236236
5 235 419350669
5 236 419632306
5 236 419632303
5 237 5177397835
5 237 419632307
5 237 8620105269
5 238 419632906
5 238 8620272571
5 239 9703794696
5 239 429346241
5 239 3987750679
5 240 470727954
5 240 9197589363
5 240 6988528039
5 241 1655418222
5 241 3816097103
5 241 2140420434
5 241 470729237
5 241 2215139515
5 242 471488469
5 242 3145798533
5 243 9703794689
5 243 472493763
5 243 6969936109
5 243 9080123619
5 244 25161386
5 244 473258827
5 244 3644748773
5 245 8975529083
5 245 529722111
5 246 4085387945
5 246 585148380
5 247 9690769059
5 247 585180151
5 247 6332695637
5 247 7236131861
5 247 6332695639
5 247 7236131864
5 247 7236131862
5 247 9135848925
5 248 20625800
5 248 585200818
5 248 9694032606
5 248 9694032607
5 249 1360122871
5 249 1360122925
5 249 595709975
5 250 8869472240
5 250 632438506
5 250 20460684
5 251 675734622
5 251 675734610
5 251 1233350862
5 252 690295042
5 252 9690878343
5 253 7824747303
5 253 9753609739
5 253 9753609738
5 253 7824747307
5 253 9753609740
5 253 9753609741
5 253 9753609742
5 253 9753609743
5 253 700774224
5 253 9680972177
5 253 9680972178
5 253 9753609745
5 253 9753609744
5 253 1782727992
5 254 4715263992
5 254 4715264004
5 254 722208263
5 255 819132568
5 255 748941508
5 256 761830938
5 256 1617647901
5 257 761831000
5 257 761831039
5 258 3930921860
5 258 843376599
5 259 873684193
5 259 1939632514
5 260 914822496
5 260 914822508
5 261 950703625
5 261 1726783391
5 262 5146186489
5 262 950703626
5 263 2990780037
5 263 2990780039
5 263 1758554289
5 263 1758554291
5 263 968499093
5 263 1758554294
5 264 1755708648
5 264 973128725
5 264 1755708646
5 264 1755708647
5 265 5006978856
5 265 973158035
5 266 3894948091
5 266 3894948093
5 266 1014803686
5 267 1014803736
5 267 27459165
5 267 9080098309
5 268 9808795600
5 268 1039290578
5 268 5257738379
5 269 5257738384
5 269 1039290586
5 270 1042862673
5 270 9027340515
5 270 9766629717
5 271 1042862696
5 271 3858880677
5 272 8515091589
5 272 1043001422
5 273 6828921210
5 273 1148249927
5 274 1148276284
5 274 5006065037
5 274 5006063180
5 275 1150003147
5 275 8975833904
5 275 8975833905
5 275 6978563379
5 275 6978563382
5 276 1309067472
5 276 1150003270
5 277 1150003472
5 277 9042129984
5 278 1150003480
5 278 5565487612
5 279 1150003513
5 279 1255490314
5 280 4682627266
5 280 1150003532
5 281 1360122929
5 281 1163955034
5 282 8620105240
5 282 8620105242
5 282 8620105243
5 282 8620105244
5 282 9754453026
5 282 9754453027
5 282 9754453028
5 282 9754453029
5 282 9754453030
5 282 9754453031
5 282 9754453032
5 282 9754453033
5 282 8620105265
5 282 3972566710
5 282 1214922426
5 282 5177397821
5 282 5177397822
5 282 5177397828
5 282 5177397830
5 282 1707790023
5 282 5177397832
5 282 6951230826
5 282 2360681713
5 283 4034060018
5 283 8620105259
5 283 1214922429
5 284 7946372936
5 284 1236791459
5 284 7946372934
5 285 4643337035
5 285 1236791478
5 286 1236791506
5 286 4378043283
5 286 4378043789
5 287 1236791552
5 287 5516594509
5 287 9197589454
5 287 9197589455
5 288 1236791555
5 288 5880186828
5 288 5880186827
5 289 1238249904
5 289 1736734053
5 290 1238259337
5 290 3499567135
5 291 1239549084
5 291 8620105236
5 292 1268892466
5 292 1268892467
5 293 8236052987
5 293 1280491924
5 293 8236052990
5 293 8236052983
5 294 3741131600
5 294 1309067471
5 295 1311961947
5 295 1311962012
5 295 1311962111
5 296 1311962016
5 296 6369390693
5 297 8336028512
5 297 1311962122
5 298 4726152857
5 298 1312188619
5 298 8318757606
5 299 1312188704
5 299 1312188883
5 299 1312188797
5 300 1312189057
5 300 1312188722
5 301 8868001104
5 301 1312188731
5 301 8868001103
5 302 1312188768
5 302 4726152854
5 303 25477156
5 303 1312188774
5 304 9781190369
5 304 1312188821
5 304 3499500263
5 305 1312188988
5 305 1312188845
5 306 2218344498
5 306 1312188886
5 306 2218344503
5 307 1312264577
5 307 9042133642
5 308 9030121410
5 308 1312264610
5 308 6985373983
5 308 1782718791
5 309 9710359368
5 309 1312454114
5 309 1312454048
5 309 1312453919
5 310 3381130089
5 310 1678245252
5 310 9781190366
5 310 1312454038
5 311 1312454058
5 311 7911243863
5 312 1312932849
5 312 7644741346
5 313 4534184507
5 313 1312932879
5 314 1319881922
5 314 1319881924
5 314 4730978983
5 315 9820523872
5 315 9820537922
5 315 4571238064
5 315 1326821457
5 315 1938953430
5 315 1938953431
5 315 1938953432
5 315 9820523869
5 315 9820523870
5 315 9820523871
5 316 2466449290
5 316 1326821515
5 316 2466449293
5 316 20460686
5 316 2466456399
5 316 1326821471
5 317 1326821568
5 317 1326821487
5 318 1326821579
5 318 1326821524
5 318 2466456405
5 318 2466456407
5 318 2466456408
5 319 2466456401
5 319 2466456402
5 319 2466456403
5 319 1326821525
5 319 1326821559
5 320 1326821544
5 320 8868010287
5 321 1326821587
5 321 2398924853
5 321 1782729295
5 321 2398924855
5 322 1326821592
5 322 2387245025
5 322 9030155758
5 322 1939632519
5 323 9693963699
5 323 1326821620
5 323 6272993491
5 324 1343823418
5 324 250550023
5 325 1721713699
5 325 9030155749
5 325 1350430181
5 325 9042053624
5 325 6985373982
5 326 1353133536
5 326 4643336968
5 326 4643336979
5 326 4643336966
5 327 1360122856
5 327 1360122861
5 327 9856119620
5 327 9805219992
5 328 1360122866
5 328 1938953395
5 328 8975645638
5 329 1360122860
5 329 1360122901
5 330 1360122937
5 330 1360122919
5 331 6724775016
5 331 2458257578
5 331 1364161197
5 332 2458256449
5 332 8975700259
5 332 8975700261
5 332 2458273291
5 332 1364168180
5 332 2458303223
5 333 2387194123
5 333 8336028514
5 333 1401926435
5 333 9021504715
5 334 3515286914
5 334 1493676623
5 335 5816743945
5 335 1505332730
5 336 7824803490
5 336 7824803492
5 336 7824803500
5 336 1536948431
5 336 5146186589
5 337 1536948529
5 337 7824803493
5 337 5146186590
5 338 20626312
5 338 7572522585
5 338 1536948652
5 338 7572522566
5 339 1547013592
5 339 1547013724
5 340 4402629177
5 340 1547013655
5 341 1547013699
5 341 1550763732
5 342 1547392728
5 342 1547392818
5 342 1547392894
5 343 1547392771
5 343 1547392927
5 344 1547393025
5 344 1547392914
5 344 1547392951
5 345 1556097034
5 345 1556097147
5 346 4777897927
5 346 4777897928
5 346 1556097098
5 346 1556097137
5 346 1951372915
5 346 1556097118
5 347 5905897286
5 347 1556097111
5 348 1556097337
5 348 1556097148
5 349 1556097153
5 349 1556097448
5 349 1556097227
5 349 1556097177
5 349 1556097051
5 350 1556324684
5 350 2528522503
5 351 24952195
5 351 3385387606
5 351 1556324759
5 352 6446292570
5 352 9659831675
5 352 1569216316
5 353 5473273425
5 353 24950114
5 353 1569216662
5 354 25067265
5 354 1569382119
5 355 2566132609
5 355 1569382170
5 355 1569382174
5 356 7946372937
5 356 1596648673
5 356 7946372938
5 356 7946372935
5 357 4665353645
5 357 8373728533
5 357 1617596591
5 358 1617596593
5 358 3328228993
5 359 1617596659
5 359 1617596646
5 360 8373623781
5 360 1617596711
5 361 8373690820
5 361 9856119621
5 361 1617596714
5 361 8785503918
5 361 8373690843
5 361 8373690844
5 362 1617647898
5 362 1617647900
5 362 8373728532
5 363 1617647928
5 363 1617647931
5 363 1617647924
5 364 1617647945
5 364 8373690845
5 364 8373690846
5 365 4730978981
5 365 1655214934
5 366 1951616261
5 366 1678226917
5 366 1951616270
5 367 5141354328
5 367 1678227031
5 368 1678283242
5 368 1678283244
5 368 1678283247
5 368 6218501713
5 368 6218501746
5 368 6470264536
5 368 5342236733
5 369 1678452786
5 369 7610670751
5 370 7610670826
5 370 7610670780
5 370 7610670781
5 370 1678452790
5 371 7610670906
5 371 1678452791
5 372 1678452793
5 372 7607077361
5 373 1678452795
5 373 8336028508
5 374 8336028507
5 374 1678452796
5 375 8785457867
5 375 1678452797
5 376 1684511955
5 376 1782724124
5 377 8868809321
5 377 1684835030
5 378 1684835093
5 378 1684835062
5 379 1684835121
5 379 1684835138
5 380 8429945618
5 380 5816743949
5 380 5816743942
5 380 1689605567
5 381 7223709664
5 381 1707790029
5 382 7223728617
5 382 8336028509
5 382 1707790052
5 382 1771426165
5 383 1707790055
5 383 1707790057
5 383 4650375309
5 383 1707790063
5 383 1707790064
5 383 4650375508
5 384 3518967818
5 384 1707790062
5 385 1707790067
5 385 6327615075
5 386 1707790096
5 386 9024076385
5 386 9024076384
5 386 4822267109
5 387 6828927809
5 387 1707790105
5 388 1711679434
5 388 9375170322
5 388 9375170324
5 389 5043864464
5 389 1718328435
5 389 7836155867
5 389 7836155868
5 389 7836155870
5 390 250549835
5 390 1718566997
5 391 1719422038
5 391 9856119639
5 392 8236052991
5 392 1280491926
5 392 1722268367
5 393 1722268384
5 393 1722268388
5 393 2387232555
5 393 2387232556
5 393 2387232557
5 393 2387232561
5 393 1722268381
5 393 2402557599
5 394 9681020157
5 394 1722621630
5 395 7911231384
5 395 7911267694
5 395 1722621718
5 395 7911267695
5 396 1723315608
5 396 7636244313
5 396 9030155763
5 397 9804685199
5 397 9804685200
5 397 9804685201
5 397 9804685202
5 397 1723388986
5 398 8785441944
5 398 1725360097
5 399 8336028505
5 399 1726730165
5 400 1726730329
5 400 7617785714
5 401 1726730354
5 401 7617785710
5 402 1755708768
5 402 1755708765
5 402 1755708766
5 402 1759454351
5 403 1758552682
5 403 1758552678
5 404 1758554286
5 404 2990806415
5 405 1759454122
5 405 6871422365
5 406 9310662201
5 406 1771426174
5 407 4530012704
5 407 1771453218
5 407 4530012695
5 408 9375078975
5 408 5160943806
5 408 1771458655
5 409 1782712524
5 409 7223695326
5 410 1782716888
5 410 1787108646
5 411 3381130090
5 411 3381130091
5 411 1782717878
5 412 1782718792
5 412 6985373980
5 412 6985379286
5 413 1782725824
5 413 2387194148
5 413 2387194127
5 413 7836155869
5 413 9781190365
5 414 1782730512
5 414 8373690817
5 414 7223668011
5 415 3497483291
5 415 1793420652
5 416 2293833760
5 416 1810130457
5 417 9804653408
5 417 1813618228
5 417 1813618229
5 417 9804653406
5 418 4076095253
5 418 1813618231
5 419 5041784633
5 419 1813618358
5 420 4158000323
5 420 1816959492
5 421 2458260532
5 421 5265953452
5 421 1832129878
5 422 26678169
5 422 5265953450
5 422 1832248428
5 422 2458301100
5 423 1832666032
5 423 8787692634
5 424 8030470473
5 424 1951242860
5 424 2364378222
5 424 2364379605
5 424 1864047135
5 425 9684101713
5 425 3704225378
5 425 1938819279
5 426 1938819296
5 426 3474115148
5 426 1938819293
5 427 1938819299
5 427 1938819302
5 427 1938819304
5 427 5207476619
5 427 9684083992
5 427 4627491642
5 428 8807441176
5 428 1938819306
5 428 4866653236
5 429 2387207425
5 429 1938819317
5 429 6369390695
5 430 1938819326
5 430 1938819319
5 431 6369390701
5 431 1938819335
5 432 1938819336
5 432 2387207418
5 433 1938819340
5 433 4383369519
5 434 1938953403
5 434 9693963683
5 435 1939558657
5 435 2218362310
5 435 7223326411
5 435 1939558667
5 435 1939558650
5 435 1939558651
5 436 2218362336
5 436 1939558659
5 436 9021504716
5 436 1939558663
5 437 1939558666
5 437 4866976610
5 437 2218364543
5 438 1939558672
5 438 2218344501
5 438 1939558671
5 439 1939558673
5 439 2218344509
5 440 1939558674
5 440 7223326414
5 440 1939558687
5 441 1939558681
5 441 2218344522
5 441 1939558677
5 441 3139705121
5 442 7223326409
5 442 1939558684
5 443 1939558697
5 443 2218362321
5 443 1939558701
5 444 1939558700
5 444 7223326413
5 445 1939632512
5 445 4826555773
5 446 1951242856
5 446 1951242857
5 446 2364384490
5 446 2364387947
5 446 9135848938
5 446 1990912106
5 446 9135848937
5 446 9632417162
5 446 4832472797
5 447 1951616232
5 447 5473273373
5 448 7745051680
5 448 1951616234
5 448 1951616236
5 449 1951616276
5 449 1951616287
5 450 5473273433
5 450 1951616292
5 451 1951616297
5 451 5473273435
5 452 8807431546
5 452 24950109
5 452 1951616325
5 452 8807431551
5 453 9856119619
5 453 1985084100
5 454 2003007012
5 454 9710348828
5 454 4835108998
5 455 2059790748
5 455 25265079
5 456 6525670238
5 456 2135411294
5 456 9808795607
5 457 2135411296
5 457 6525670241
5 457 9808795608
5 458 2135411297
5 458 4703542483
5 458 9808795606
5 458 2331184934
5 459 9024139149
5 459 2140421222
5 460 5471345385
5 460 2146369238
5 461 2146369240
5 461 5468301601
5 462 2203268985
5 462 3816097109
5 463 2218362332
5 463 2218362316
5 464 9030284967
5 464 2254629351
5 465 4034060017
5 465 2265065203
5 466 2293833763
5 466 4156336279
5 467 6525670234
5 467 2331184931
5 467 2331184935
5 468 2341656968
5 468 3265436260
5 469 8620105233
5 469 2360685543
5 470 1951242858
5 470 2364379603
5 471 2364371185
5 471 2364379604
5 472 2364384488
5 472 2364379602
5 473 2387194131
5 473 6369401334
5 474 8336028515
5 474 2387194149
5 475 2387194133
5 475 2387194157
5 476 1782728999
5 476 2387207423
5 477 9021498664
5 477 2387207426
5 478 4866976614
5 478 1365887500
5 478 8869435258
5 478 2387224475
5 478 2387224474
5 479 2387226304
5 479 2387226307
5 479 2387226311
5 479 2387226313
5 479 9691082671
5 480 2387232563
5 480 8236052988
5 481 2387245026
5 481 2387245027
5 481 2387245029
5 482 7946378608
5 482 2398924893
5 482 9310682079
5 483 2406484454
5 483 2406484455
5 484 2458257573
5 484 2453941139
5 484 6279388822
5 484 6279388823
5 484 6279388824
5 485 2453947049
5 485 8787384685
5 485 8787384686
5 486 2453947051
5 486 4211515660
5 486 8787384683
5 487 2458257570
5 487 9781435146
5 487 108389
5 488 2466442731
5 488 9024139134
5 488 9024139135
5 489 1326821490
5 489 2466449291
5 490 2466456404
5 490 2466456406
5 491 1954751914
5 491 2466456411
5 492 10607129
5 492 2466456414
5 493 806373565
5 493 2496836231
5 494 1556324683
5 494 2528522518
5 495 6863550501
5 495 9756243981
5 495 9756243982
5 495 9756243983
5 495 9756243984
5 495 9756243985
5 495 2586616722
5 495 9756243986
5 495 6863550510
5 495 9756278362
5 495 9756278363
5 495 9756278364
5 496 6110164660
5 496 6110164659
5 496 2612458244
5 497 2969439040
5 497 2612458246
5 497 5904585328
5 497 27460439
5 497 3220254039
5 498 2620105428
5 498 4085767983
5 498 4085767980
5 498 9684083967
5 499 2632486641
5 499 3586606039
5 500 2665239972
5 500 6509684093
5 501 9804685203
5 501 9804685204
5 501 2755124949
5 501 9804685206
5 501 9804685205
5 502 108864
5 502 2775653836
5 503 2793874522
5 503 7797731341
5 503 7797731343
5 504 2914561217
5 504 5924603460
5 505 2934288530
5 505 3906588452
5 505 2934288518
5 506 5929540796
5 506 2935373159
5 507 4220613456
5 507 9681020156
5 507 2941549918
5 508 2990806410
5 508 316763563
5 508 8975833914
5 508 4246525223
5 509 2990806411
5 509 2990806413
5 509 9041828942
5 510 5065949596
5 510 5049840242
5 510 3153656028
5 510 6369361790
5 511 3215685153
5 511 4688513241
5 511 4726152847
5 512 3247825561
5 512 3247825562
5 512 3741131606
5 513 4430996033
5 513 3247933381
5 514 1617532090
5 514 3265436686
5 515 3320743081
5 515 1954751908
5 516 4076095242
5 516 3320947996
5 517 4663309171
5 517 3328229004
5 518 4688513237
5 518 3381130086
5 518 3381130087
5 519 3381130092
5 519 8976060358
5 520 6985465125
5 520 3385387605
5 521 3486459762
5 521 6345441358
5 522 3486459764
5 522 3486459765
5 522 7911297478
5 522 7911297487
5 523 8263157415
5 523 3497461727
5 524 3515286915
5 524 3515286916
5 525 4691514032
5 525 3519013665
5 526 3644748769
5 526 3519288132
5 527 3528738434
5 527 9030037142
5 527 3528710290
5 528 4430996024
5 528 4155841820
5 528 3632581622
5 529 3644785104
5 529 4729628192
5 529 6369361788
5 530 7926554424
5 530 3656358065
5 530 5046447437
5 531 9203578106
5 531 3673602988
5 532 3735886877
5 532 9808795598
5 533 9693628389
5 533 3741117629
5 534 9856119633
5 534 3741117630
5 535 968499092
5 535 3763407460
5 535 4246525220
5 536 3813810132
5 536 5055364614
5 537 5207476606
5 537 5207477021
5 537 3813810133
5 537 9754527740
5 537 9754527741
5 537 9754527742
5 538 3816097104
5 538 8336028510
5 539 3870640530
5 539 3870640547
5 539 3870640548
5 539 9030155759
5 540 4085783099
5 540 3887941013
5 540 25265077
5 541 3892081372
5 541 9693935550
5 541 9693935551
5 542 104320
5 542 3965024397
5 543 373364870
5 543 3965024399
5 544 4658088539
5 544 3972566715
5 544 6327615074
5 545 3984132035
5 545 4244498867
5 546 9673091208
5 546 6110164649
5 546 7900888437
5 546 7900888377
5 546 3987750684
5 546 3987750685
5 546 3987750686
5 547 3987750688
5 547 9673091207
5 548 6110164650
5 548 3987750692
5 549 4076126448
5 549 7946372939
5 549 7946372933
5 550 4076126468
5 550 7946372942
5 550 7946372940
5 551 4530195657
5 551 4077495858
5 551 4077495854
5 551 4077495855
5 552 4077495957
5 552 4077495951
5 553 7911267693
5 553 4077579334
5 554 5238587992
5 554 4077599545
5 554 5227220846
5 554 4077599543
5 555 4085767971
5 555 4085767974
5 555 4085767978
5 555 4085767989
5 555 9729684314
5 556 28418921
5 556 5816743947
5 556 4136137525
5 556 9693971447
5 557 4085778934
5 557 4143767990
5 558 6327557048
5 558 4166662878
5 559 4715264000
5 559 9690915274
5 559 9690915275
5 559 8429945717
5 559 4167762778
5 560 4208239642
5 560 4462680076
5 561 4211515644
5 561 4211515645
5 562 9703794697
5 562 4223357836
5 563 4297211186
5 563 4297211187
5 564 4297243298
5 564 4297212114
5 564 4297243218
5 564 4297243295
5 565 4298970368
5 565 4298970364
5 566 4316306164
5 566 1137777341
5 567 4370333637
5 567 4370333638
5 567 4370333643
5 567 4370333627
5 567 4370333629
5 568 4823246341
5 568 4425001781
5 569 4428887946
5 569 20965798
5 570 5573931385
5 570 4462680067
5 570 8975529085
5 571 8975645640
5 571 5460658138
5 571 4462680078
5 572 8975645641
5 572 4512763348
5 573 4530011788
5 573 4729385030
5 574 8373690826
5 574 4530270908
5 575 4530339698
5 575 4530339700
5 575 8373690837
5 576 4530339699
5 576 8373690835
5 576 4530339701
5 576 4530339702
5 576 8373690839
5 577 4556931602
5 577 4556931604
5 578 9820537921
5 578 9820523914
5 578 4571238067
5 579 4571244658
5 579 9820537941
5 579 9820537942
5 580 4571244659
5 580 4729480806
5 580 4729480807
5 581 4627445240
5 581 473264641
5 582 7066617760
5 582 4627445257
5 582 9684083995
5 583 4627445241
5 583 4627445258
5 583 4627445259
5 583 4627445260
5 584 4627491643
5 584 5207476607
5 585 4663312696
5 585 4663312697
5 586 4665352264
5 586 4665352262
5 587 4675822097
5 587 4675822100
5 588 4682627259
5 588 6978555518
5 588 6978563383
5 589 4682627264
5 589 1150003571
5 590 8785484313
5 590 4689775124
5 591 8373690819
5 591 4689775126
5 592 8263166217
5 592 4691460851
5 593 4696568114
5 593 4696544885
5 594 4696545402
5 594 4697288390
5 594 367102039
5 595 4697525032
5 595 4697525030
5 596 9808795601
5 596 4726152850
5 597 4401156476
5 597 4729448869
5 598 9135848928
5 598 4777885222
5 599 4807521484
5 599 7636278193
5 599 7636278195
5 599 7636244312
5 599 9042037852
5 600 1707790074
5 600 4822267107
5 601 7223326412
5 601 4835108997
5 602 250327100
5 602 4835108999
5 603 4864083784
5 603 6218501740
5 604 4866475731
5 604 4866475733
5 605 4866475737
5 605 1572551227
5 605 7572522540
5 605 7572522534
5 606 24659709
5 606 4866705606
5 607 4866784251
5 607 1939558660
5 608 9027328313
5 608 9027328314
5 608 8807431535
5 608 4867087535
5 609 8579240314
5 609 4872502279
5 610 9690974272
5 610 4920098344
5 610 9690974263
5 610 9690974264
5 610 9690974265
5 610 9690974266
5 611 9691102362
5 611 4962956931
5 611 1938819283
5 612 5006063176
5 612 5006063177
5 612 5006063175
5 613 5335233120
5 613 5335233113
5 613 5009060057
5 613 5335233114
5 613 5335233119
5 614 4682627265
5 614 8975833913
5 614 5067002867
5 614 5041784423
5 615 8989843465
5 615 1596655163
5 615 5041784501
5 616 5046314041
5 616 5046314042
5 616 5046314043
5 616 25632860
5 617 5046627553
5 617 5046627645
5 618 9754527744
5 618 9754527745
5 618 5055364610
5 618 107668
5 618 9754527743
5 619 5060405461
5 619 1954751918
5 620 5090420964
5 620 5090420958
5 621 8807429665
5 621 8807429660
5 621 5090420959
5 622 5104314098
5 622 5104314325
5 623 8814668141
5 623 5104314222
5 624 5119652865
5 624 26678171
5 624 5119652862
5 624 5119652863
5 625 5141354331
5 625 8807431550
5 626 6369361796
5 626 7223298254
5 626 5141625702
5 627 5247857728
5 627 5141877019
5 627 9691101412
5 628 6280047280
5 628 9808795602
5 628 5160943803
5 628 9375078974
5 629 5177352922
5 629 5177352932
5 630 5177397825
5 630 5177397827
5 630 5177397823
5 631 455705562
5 631 5177410511
5 632 8675201272
5 632 5189042551
5 633 5207476609
5 633 5207476617
5 634 5207476610
5 634 9684083983
5 635 9684083987
5 635 9684083993
5 635 5207476611
5 636 1828402771
5 636 9684083988
5 636 5207476613
5 637 5238500312
5 637 5238500313
5 638 9733914457
5 638 5253290694
5 639 5257738381
5 639 5257738389
5 640 6724775018
5 640 5265953451
5 640 1364172237
5 641 5265953457
5 641 5265953459
5 641 6724775014
5 641 6724775015
5 642 5269678593
5 642 6110191188
5 642 9673189925
5 643 5573931377
5 643 5374183742
5 644 5468301555
5 644 5470932252
5 645 4866976617
5 645 5473274866
5 646 5839156209
5 646 4462680068
5 646 5573994014
5 647 5573994016
5 647 6329690691
5 648 5573994019
5 648 7840712839
5 649 8429945617
5 649 5816744255
5 650 8373690832
5 650 6840965712
5 650 5880188045
5 651 5924603458
5 651 5924603459
5 651 5924603444
5 651 5924603452
5 651 5924603454
5 652 5924603457
5 652 5924603449
5 652 5924603445
5 653 5924611312
5 653 5924603453
5 653 5924603446
5 653 5924603455
5 654 8500636794
5 654 5924603447
5 655 5931509720
5 655 25476127
5 656 5976760445
5 656 5976760446
5 657 5976853817
5 657 8785441943
5 658 6014302226
5 658 6014302227
5 659 8429225386
5 659 6110191186
5 660 6149398571
5 660 9694091982
5 660 9694091983
5 661 9704122321
5 661 6218468163
5 662 6272993492
5 662 6239229423
5 663 4530012690
5 663 6261920915
5 664 6266867113
5 664 6266867114
5 664 9690974277
5 664 9699944538
5 665 5160943793
5 665 6280047277
5 666 2398924896
5 666 6369329154
5 667 1366095189
5 667 6369329158
5 668 4076095262
5 668 6369329159
5 669 20965800
5 669 6369329165
5 670 6369329169
5 670 20965803
5 671 6369329171
5 671 104319
5 672 1366095187
5 672 6369329172
5 673 7223298252
5 673 6369361791
5 674 6369361792
5 674 5141354330
5 675 6369390700
5 675 6369390694
5 676 4077495826
5 676 6407948171
5 677 6407948172
5 677 1832129789
5 678 6446218921
5 678 6446218922
5 679 8784159562
5 679 6467134931
5 680 9694087362
5 680 6470264535
5 681 6525670235
5 681 2331184932
5 682 6600283121
5 682 8579233861
5 683 6696695781
5 683 6696695783
5 684 6645346885
5 684 6711365597
5 685 2458307450
5 685 6724775012
5 685 6724775013
5 686 6855696504
5 686 6855696498
5 686 275179767
5 686 6855696495
5 687 6855696497
5 687 6855696500
5 687 6855696503
5 688 1536039932
5 688 6866779806
5 689 302013777
5 689 6969936105
5 689 6969936106
5 690 6978577985
5 690 6978563378
5 691 9693963696
5 691 9693963697
5 691 9693963698
5 691 7075087299
5 692 7223326410
5 692 7223326407
5 693 7223365371
5 693 7223365372
5 694 7223709669
5 694 7223709662
5 695 7553887409
5 695 1771426173
5 696 7636180236
5 696 7636180237
5 696 1787108647
5 697 8030470464
5 697 7638732490
5 697 9632417163
5 697 1137777343
5 698 7644741345
5 698 1233350847
5 699 9694072864
5 699 7797731340
5 699 1566269623
5 700 7805198627
5 700 4530012700
5 701 9680972185
5 701 7824747295
5 702 7824747306
5 702 7824747299
5 702 7824747301
5 703 7824747304
5 703 7824747308
5 703 7824747302
5 704 7824803501
5 704 7824803494
5 704 7824803495
5 705 7906964248
5 705 7906964247
5 706 7906964249
5 706 7906964251
5 707 5141228834
5 707 7911231380
5 708 7911243856
5 708 4166634955
5 709 4169714270
5 709 7911282822
5 710 109766
5 710 7911297486
5 711 7926506531
5 711 7926506532
5 712 8318757605
5 712 8043350325
5 713 9690915268
5 713 9690915267
5 713 8064065316
5 714 4211515569
5 714 8256049397
5 715 8318797234
5 715 2387220933
5 716 8579240307
5 716 8579240308
5 717 8579240312
5 717 9683686963
5 717 8579240309
5 718 8579240310
5 718 8579240311
5 719 8579240313
5 719 9700060292
5 720 1939558655
5 720 8579522887
5 721 1587330970
5 721 8783914189
5 721 8604055550
5 722 9691076056
5 722 8755805313
5 722 4367041960
5 723 8784212017
5 723 4826555767
5 724 8785484288
5 724 7613626073
5 725 8785484312
5 725 6293128709
5 726 8785568224
5 726 1985084095
5 727 8868010280
5 727 8868010279
5 728 5374174224
5 728 8975529084
5 729 8975833912
5 729 6978531575
5 730 9024139136
5 730 9024139143
5 731 9024139145
5 731 9024139148
5 732 9027340516
5 732 9027367517
5 732 9027367518
5 733 24950107
5 733 9030155654
5 734 9030155762
5 734 9042037853
5 735 9042041320
5 735 9042041321
5 735 28800667
5 736 25473202
5 736 9042129983
5 737 27459198
5 737 9080123623
5 738 2331184930
5 738 9161061775
5 739 308837357
5 739 9161061783
5 739 9846850972
5 739 9846850973
5 739 9846850974
5 740 9805219993
5 740 9197322310
5 740 9805219991
5 741 9856119617
5 741 9197589457
5 742 9375170321
5 742 9375170325
5 743 2665239978
5 743 9684083981
5 744 9690915264
5 744 9690915265
5 745 25496910
5 745 9690974262
5 746 9690974275
5 746 1312471196
5 747 9690974276
5 747 4920098343
5 748 316763513
5 748 9693730842
5 749 9693929369
5 749 28800660
5 750 9693963680
5 750 9693963681
5 750 9693963682
5 751 9693963705
5 751 5353604061
5 752 9693971465
5 752 377494060
5 753 10572179
5 753 9693982149
5 754 9694087363
5 754 9694087364
5 755 2528522528
5 755 9694091972
5 756 1547013653
5 756 9694096799
5 757 9694104280
5 757 9856119625
5 757 1547657140
5 757 9694104279
5 758 9703794690
5 758 9080123622
5 759 27460210
5 759 9703794691
5 760 1233327202
5 760 9710304460
5 761 21990624
5 761 9710348827
5 762 9804774392
5 762 1723388985
5 763 9808795610
5 763 2480657190
5 764 9820537937
5 764 355416892
5 765 9820537936
5 765 9820537940
5 766 355416887
5 766 9820538031
5 767 9823138208
5 767 9823138209
5 768 25632858
5 768 9855343702
5 769 1547013672
5 769 9856119630
