6866516260 0
2453947051 0
4211515660 0
8787384683 0
1832666032 0
1637578546 0
8787692633 0
8787692634 0
104315 0
1236791552 1
4076126468 1
1816959492 1
9781435148 1
9805219989 1
25509527 1
25509533 1
25509534 1
1236791459 1
9856119617 1
4158000323 1
7946372933 1
7946372934 1
7946372935 1
7946372936 1
7946372937 1
7946372938 1
7946372939 1
7946372940 1
7946372941 1
7946372942 1
9197589455 1
9197589454 1
9197589457 1
5516594509 1
3644748768 1
1596648673 1
109409 1
4076126448 1
1236791408 1
3817308659 1
3817308660 1
104318 1
6369329152 2
6369329153 2
373364225 2
25504769 2
373364228 2
1236791297 2
6369329161 2
6369329162 2
6369329163 2
6369329164 2
3518967818 2
6369329166 2
6369329167 2
1311962122 2
6369329169 2
1311962130 2
3233714192 2
3233714194 2
3233714197 2
3233714193 2
3233714195 2
25577057 2
3497483291 2
7926506525 2
7926506526 2
7926506527 2
7926506529 2
7926506530 2
7926506531 2
7926506532 2
1726730281 2
319984684 2
2398924845 2
1360122924 2
24951856 2
1678452788 2
5475684917 2
1678155318 2
367104392 2
1678452791 2
9310662201 2
9310662202 2
1311962169 2
1678452795 2
1678452796 2
1678452797 2
1678452799 2
25067068 2
1678452793 2
1678452802 2
1726730307 2
1311962182 2
2387213896 2
2387213899 2
1678452789 2
441958990 2
2387213902 2
441958992 2
2387213904 2
9855343702 2
25632855 2
25632856 2
25632857 2
25632858 2
25632859 2
25632862 2
4870281310 2
1215563870 2
18468958 2
18468962 2
1215563875 2
6369390691 2
6369390692 2
1215563878 2
1215563879 2
18468966 2
2140421222 2
6369390698 2
6369390696 2
6369390700 2
6369390701 2
6369390693 2
6369390694 2
6369390695 2
6369390697 2
6369390699 2
1215563891 2
6369390702 2
1215563894 2
1215563895 2
107641 2
107646 2
1215563903 2
107647 2
5342251136 2
18468961 2
373364868 2
373364870 2
25161351 2
25161352 2
25503880 2
373364874 2
3519879307 2
7617755275 2
3965024397 2
373364878 2
3965024398 2
3965024399 2
7617755274 2
25503885 2
973158035 2
25161366 2
7607080091 2
107684 2
107687 2
4922952362 2
1782725824 2
2387209415 2
9021504714 2
8785457867 2
9021504715 2
1707790029 2
1236791506 2
9781190365 2
1054045407 2
5046627553 2
1311961826 2
1707790052 2
1707790062 2
4378043789 2
4329502449 2
1938819317 2
4379801334 2
1938819319 2
1938819320 2
2387207417 2
2387207418 2
2387207420 2
1938819325 2
1938819326 2
2387207421 2
1938819328 2
2387207425 2
1938819330 2
1938819331 2
2387207423 2
2387207426 2
1938819335 2
1938819336 2
7553887498 2
8868824843 2
2387194123 2
1054045453 2
2387194126 2
2387194127 2
2387194128 2
2387194131 2
1163954964 2
7553887509 2
2387194133 2
7610670876 2
4072476959 2
1401926435 2
2387194148 2
5006978853 2
8868824870 2
8868824871 2
5006978855 2
5006978856 2
5006978857 2
5973627687 2
1782728999 2
9021498664 2
2387194156 2
2387194157 2
7610670892 2
6739026230 2
7610670906 2
5046627645 2
25470783 2
25470784 2
7610670913 2
9781311299 2
2387194149 2
7610670919 2
2387194150 2
7610670921 2
3816097104 2
8336028504 2
8336028505 2
9856119643 2
8336028508 2
8336028509 2
8336028510 2
8336028507 2
8336028511 2
8336028512 2
8336028513 2
8336028515 2
8336028516 2
25500517 2
8336028514 2
1081508200 2
1793420652 2
6369361789 2
6369390690 2
1835356021 2
1771426165 2
25500535 2
4860803960 2
4860803961 2
1649365881 2
9024139129 2
9024139132 2
1268892541 2
1771426174 2
9024139134 2
104320 2
9024139135 2
9024139138 2
9024139136 2
9024139137 2
9024139133 2
2466445190 2
1311961991 2
9024139143 2
9024139144 2
9024139145 2
9024139147 2
9024139148 2
9024139146 2
9024139149 2
9024139150 2
6369361794 2
6369361795 2
25504143 2
5114681227 2
5114681230 2
25504144 2
957122446 2
10572178 2
4378043283 2
1311962013 2
2387212189 2
1311962016 2
20965794 2
20965796 2
20965797 2
20965803 2
1726730162 2
1726730165 2
1163955130 2
316763584 2
747893184 2
316763586 2
316763590 2
316763595 2
316763600 2
25470928 2
2140421219 2
2140421220 2
4328443355 2
7836155869 2
7223709662 2
7223709664 2
1311962082 2
7223709668 2
7223709669 2
3644748774 2
2140421223 2
1311962089 2
7223728617 2
2466442731 2
2140421224 2
7607077361 2
6369401334 2
7607077372 2
104321 3
5046314042 3
9693760971 3
24951853 3
24951854 3
4922952373 3
5046314040 3
9856119641 3
268997562 3
5046314043 3
25632860 3
5046314041 3
25161345 4
104322 4
8869435268 4
1718328198 4
1718233994 4
2140227862 4
25161368 4
7836164763 4
7836164764 4
7836164765 4
5046005790 4
7553887409 4
7553887415 4
1718233922 4
25066450 4
25066451 4
25066453 4
7836155866 4
1684511838 4
1718233957 4
1717650794 4
1771426166 4
1771426172 4
1771426173 4
8438226815 4
4167762779 5
104323 5
8429225386 5
8429706219 5
8429795032 5
295977520 5
6110191186 5
4167762777 5
8429774517 5
4167762776 5
8429795033 5
8429795034 5
8429795035 5
3855607516 5
1237883773 5
107584 6
251892754 6
251892950 6
30056310 6
3847023130 6
3847023131 6
5218862786 7
1401416203 7
1365887500 7
8869435258 7
3215685153 7
1043001378 7
4866705606 7
7657257518 7
7636163631 7
2218344498 7
2218344501 7
4430996023 7
2218344503 7
2218344505 7
2218344508 7
5342236733 7
2218344510 7
2218344511 7
2218344509 7
107585 7
4430996033 7
1043001410 7
107587 7
3247932481 7
3247932486 7
107586 7
107588 7
2218344518 7
2218344516 7
2218344522 7
1043001422 7
1043001423 7
6218501713 7
6218501715 7
6218501717 7
4866976614 7
2297373047 7
2218340965 7
6218501740 7
6218501746 7
7797330549 7
6218501751 7
6218501753 7
2218348156 7
6218501757 7
2218364541 7
2218364543 7
10677376 7
2934288513 7
5165786242 7
10677377 7
2934288517 7
2934288518 7
5165786245 7
4726152840 7
4835109001 7
8515091589 7
2934288523 7
4726152844 7
4835109000 7
1497452171 7
4726152847 7
4726152848 7
2934288530 7
4726152850 7
2961557 7
4726152854 7
1312471193 7
4726152857 7
9710332576 7
9710332577 7
27460259 7
1312471208 7
3715515059 7
1493722804 7
4866807989 7
1312471222 7
9694087358 7
9694087362 7
9694087363 7
9694087364 7
9694087365 7
4688513218 7
7082240198 7
7223326407 7
7223326409 7
7223326410 7
1312188619 7
7223326411 7
7223326413 7
7223326414 7
7223326408 7
9021504716 7
4688513237 7
6470264535 7
6470264536 7
4688513241 7
9781190366 7
9781190367 7
9781190368 7
9781190369 7
8318757605 7
8318757606 7
1312471271 7
3499500263 7
1939558646 7
1939558647 7
7223365368 7
1939558649 7
7223365370 7
1939558651 7
2642857212 7
3381130493 7
1939558650 7
7223365372 7
7223365371 7
1939558657 7
21523714 7
21523715 7
1939558660 7
255678213 7
1939558661 7
1939558663 7
1939558664 7
1939558659 7
1939558666 7
1939558667 7
1939558671 7
1939558672 7
1939558673 7
1939558674 7
2538458898 7
1939558677 7
1939558678 7
1939558681 7
2195965722 7
1939558684 7
1046391070 7
1939558687 7
3139705121 7
2793904931 7
3906588452 7
1939558697 7
24659709 7
1939558700 7
1939558701 7
9021535020 7
1939558704 7
8043350325 7
25068862 7
30056255 7
8043350341 7
8579522887 7
4864083784 7
4864083785 7
1951616327 7
5925584203 7
5925584204 7
4195103055 7
3816097106 7
3816097107 7
3816097108 7
3816097109 7
3816097110 7
30056277 7
24950101 7
24950102 7
24950105 7
24950104 7
357999964 7
24950107 7
1312188768 7
1939558648 7
4866976610 7
4866976611 7
4866976613 7
3381130086 7
3381130087 7
109415 7
3381130089 7
3381130090 7
3381130091 7
3381130092 7
27459945 7
109416 7
27459951 7
25248112 7
4866976617 7
25248113 7
25248115 7
25248114 7
25248117 7
25248118 7
27459959 7
25248120 7
2203268985 7
25248122 7
25248123 7
25248124 7
25248119 7
27459966 7
25248127 7
25248128 7
27459969 7
27459970 7
27459971 7
1678245252 7
3145798533 7
9030155653 7
1939558655 7
8807431560 7
8807431559 7
3517719434 7
9030155654 7
1312188821 7
1312454038 7
1312264600 7
2387224474 7
2387224475 7
8318797234 7
8318797235 7
1312454068 7
8318797236 7
1782717878 7
212927414 7
8318797237 7
5095547321 7
2218362306 7
3247933381 7
8976060358 7
2387220933 7
2218362310 7
2218362314 7
2218362316 7
6465896909 7
9808795601 7
2218362321 7
471488469 7
1312188886 7
25066457 7
2218362332 7
1733389278 7
2218362336 7
2218362849 7
1731216865 7
1678283238 7
1678283242 7
212916714 7
1678283244 7
1678283247 7
5473274866 7
25069046 7
4866784251 7
5269678593 8
9703794691 8
9703794692 8
9703794693 8
9703794694 8
9703794695 8
9693971464 8
9703794697 8
9703794696 8
9690975243 8
9690975244 8
9690975245 8
1312932879 8
9673189925 8
9673189926 8
4534184507 8
107602 8
6110191188 8
28418144 8
9703827555 8
5904585328 8
27460210 8
27459198 8
4344245892 8
4344245893 8
9673091207 8
9673091208 8
9673091213 8
9673091214 8
3850146457 8
5517519002 8
27460250 8
7487734942 8
6110164641 8
6110164647 8
6110164649 8
6110164650 8
6110164659 8
6110164660 8
1233350847 8
1233350848 8
9693910743 8
7644741345 8
7644741346 8
7644741351 8
377490664 8
9080123624 8
9080123623 8
9080123627 8
9080123628 8
6969936105 8
6969936106 8
377490677 8
2612458244 8
2612458246 8
3987750677 8
3987750679 8
3987750684 8
3987750685 8
3987750686 8
3987750687 8
3987750688 8
4210859292 8
3987750692 8
7900888377 8
2969439040 8
9693974851 8
302013777 8
3220254039 8
27460439 8
4054356842 8
4054356847 8
7900888437 8
5977954180 8
4223357836 8
429346236 8
429346241 8
1312932832 8
1312932849 8
2872699894 8
4715264000 9
4715264001 9
4715264002 9
4715264004 9
5816743941 9
5816743942 9
722208263 9
5816743945 9
5816743947 9
5816743949 9
5816743950 9
6014302223 9
6014302222 9
8429945617 9
8429945618 9
6014302226 9
6014302227 9
6014302228 9
4715263992 9
1312932894 9
109728 9
4164428578 9
8064065316 9
25476134 9
4136137525 9
4136137529 9
2203888698 9
25475770 9
9690915259 9
4136137530 9
1689605567 9
5816744255 9
5816744257 9
9690915265 9
9690915264 9
9690915263 9
9690915267 9
8429934918 9
9690915271 9
9690915268 9
9690915273 9
9690915274 9
429346251 9
9690915275 9
25475663 9
25475664 9
5931509715 9
107606 9
4167762778 9
1312471258 9
28418909 9
585199079 9
28418921 9
585129712 9
9816821617 9
4529881970 9
8429945717 9
9693971447 9
9693971448 9
1505332730 9
2364384488 10
8030470473 10
585124778 10
1951242858 10
1951242860 10
2364378222 10
2364371185 10
2364379602 10
2364379603 10
2364379604 10
2364379605 10
107613 10
107614 10
1864047135 10
25475328 11
1990912129 11
9700060292 11
690295047 11
9690878344 11
4872502279 11
9632417162 11
9632417163 11
4777885222 11
9683581480 11
283062189 11
3385332654 11
9683686963 11
3733791671 11
1155552319 11
1137777343 11
8030470464 11
585130362 11
8030470469 11
7638732490 11
7638732491 11
25475417 11
4832472797 11
9135845214 11
680069471 11
107615 11
8579240311 11
9135845216 11
9135848931 11
9135845213 11
9135848928 11
1951242856 11
1951242857 11
1990912106 11
1951242859 11
2364384492 11
2364384490 11
680069483 11
2364387947 11
9135848938 11
9135848937 11
2364371186 11
1990912115 11
8579240307 11
8579240309 11
8579240310 11
8579240308 11
8579240312 11
8579240313 11
8579240314 11
5141216782 12
4077593104 12
5141216790 12
5473273373 12
5473273376 12
7745051680 12
1569343523 12
7926686250 12
25532464 12
385311796 12
6985395258 12
25532475 12
5473273425 12
1678227031 12
5238587992 12
5473273433 12
5238587994 12
5473273435 12
1569343577 12
3272782433 12
329983075 12
107626 12
107627 12
107628 12
5049840242 12
5049840243 12
107634 12
5049840245 12
5049840248 12
2961549 12
25161360 12
25161361 12
25161362 12
25161363 12
1569216662 12
25161377 12
25161378 12
25161379 12
25161380 12
25161381 12
25161383 12
4867087535 12
7223298253 12
1569241807 12
1569241808 12
24660697 12
3153656028 12
3153656030 12
1951616231 12
1951616232 12
1951616234 12
1951616236 12
1951616261 12
2378843909 12
1951616263 12
1951616268 12
1951616270 12
1951616276 12
1951616278 12
7906964247 12
7906964248 12
6463234329 12
7906964250 12
1951616283 12
1951616284 12
5218844445 12
5218844446 12
1951616287 12
7906964251 12
7906964249 12
24950050 12
1951616291 12
1951616292 12
24950051 12
1951616295 12
1951616297 12
24950064 12
24950065 12
24659764 12
4077599543 12
4077599545 12
9027328314 12
9027328313 12
1951616319 12
6032044867 12
6032044868 12
5925584201 12
8390582613 12
5141354328 12
5141354329 12
5141354330 12
5141354331 12
5141354332 12
1312453981 12
5141354333 12
24950113 12
24950114 12
24950115 12
9856119649 12
9856119651 12
385311590 12
5141625698 12
25067883 12
1312453996 12
5227220845 12
5227220846 12
8807431535 12
5227220848 12
8807431541 12
3272712566 12
1782714747 12
8807431548 12
6369361790 12
8807431550 12
6369361792 12
1678226827 12
4072083344 12
4072083345 12
2389802901 12
2389802904 12
5065949596 12
1312454045 12
5065949598 12
1678226846 12
2279592861 12
25067936 12
2279592862 12
25067935 12
1312454055 12
25532332 12
4748394420 12
259252667 12
1312454087 12
8753664977 12
25532377 12
3644748767 12
25532384 12
1678226917 12
8807410152 12
5141216745 12
8807410154 12
5141216746 12
8807410158 12
8785024497 12
5141216754 12
473258249 13
1312454029 13
1312454031 13
473258639 13
3887941013 13
2059790748 13
25532576 13
6458938017 13
7926686249 13
1312454058 13
7926686252 13
1312454061 13
25544110 13
25265075 13
5340811829 13
5340811830 13
25265077 13
25265079 13
25265078 13
4085783099 13
1418752708 13
5340811717 13
4077579334 13
1312454090 13
4166634955 13
2142502090 13
7911243856 13
1418752721 13
7911243857 13
4166634962 13
763372884 13
7911243861 13
7911243858 13
7911243863 13
763372886 13
9413430622 13
7911267686 13
7620895976 13
1727515754 13
7911267693 13
1312453999 13
107632 13
5141625696 14
4729628192 14
9856119650 14
6369361796 14
6369361797 14
5141625702 14
5141625703 14
25067400 14
7223298252 14
7223298254 14
3644785104 14
107637 14
5141625621 14
5141625623 14
5141625625 14
6369361788 14
5141625630 14
6369361791 14
9856119648 15
5141877239 15
5141876996 15
5198585557 15
107638 15
5198585559 15
25067324 15
25504779 16
470729237 16
4866653236 16
1828402760 16
3474115148 16
1828402765 16
3267461709 16
3704225375 16
3704225376 16
3704225379 16
3704225380 16
5976850023 16
5976850024 16
3267461749 16
7610670710 16
107643 16
107644 16
4962956931 16
9611081868 16
25161365 16
9691102358 16
8785441943 16
8785441944 16
9691102362 16
18395811 16
3656358065 16
1268892338 16
2215139515 16
473262779 16
1938819282 16
1938819283 16
1938819284 16
1938819285 16
1938819286 16
1938819288 16
1938819289 16
1938819290 16
1938819292 16
1938819293 16
1938819294 16
1938819296 16
1938819301 16
1938819306 16
1938819313 16
419347194 16
419347195 16
4866623226 16
419347196 16
419347197 16
419347198 16
419347199 16
419347200 16
419347201 16
419347202 16
419347203 16
8807441176 16
25505561 16
1268900644 16
1268900660 16
1311961910 16
7926554423 16
4866651959 16
7926554424 16
4866651962 16
4866651963 16
5976853817 16
4866651966 16
7926554430 16
4866651968 16
4866651969 16
7926554431 16
5046447437 16
3816097102 16
3816097103 16
2140420434 16
25505622 16
25505624 16
25505629 16
1655418222 16
25505648 16
1955520887 16
4401156476 16
25505673 16
25505677 16
4729448869 16
2919962038 16
2919962039 16
2919962040 16
354935735 16
2919962042 16
2919962041 16
2919962043 16
2919962044 16
2919962045 16
2919962046 16
1725360097 16
25066470 16
2012969971 16
9754527744 17
9754527745 17
9756243981 17
9756243982 17
9756243983 17
9756243984 17
1678452753 17
9756243986 17
9756243985 17
2293833760 17
2293833763 17
6863550501 17
1419565097 17
6863550510 17
1236791344 17
1726730303 17
21563479 17
21563481 17
1726730329 17
26374236 17
21563489 17
25503841 17
25503845 17
25503848 17
25503851 17
25475182 17
1726730354 17
21563508 17
25503862 17
32921720 17
4650375309 17
25495698 17
4156336279 17
8785567902 17
367100073 17
5177397419 17
5177397420 17
2140506294 17
1236791478 17
368044217 17
490946748 17
4650375357 17
1782712524 17
367077584 17
472346838 17
1938819299 17
1938819302 17
1938819304 17
4650375402 17
1938819316 17
1938819329 17
1236791555 17
25475331 17
25475332 17
8263166217 17
8263166218 17
8263166219 17
1938819340 17
1617596686 17
1938819344 17
4072476960 17
1617596704 17
1617596711 17
1617596714 17
4383369519 17
2140432704 17
108864 17
7183962432 17
1617647944 17
1617647945 17
4650375504 17
4383369553 17
3497472337 17
4650375508 17
237908 17
237911 17
1955520879 17
1955520890 17
5207476606 17
5207476607 17
5207476609 17
25504129 17
5207476611 17
5207476610 17
5207476613 17
5207476615 17
5207476617 17
5207476619 17
21563791 17
10572179 17
10572180 17
367106464 17
268124583 17
4729448871 17
33141178 17
8373690817 17
8373690818 17
473266627 17
8373690819 17
8373690820 17
8373690824 17
8373690825 17
8373690826 17
8373690827 17
8373690828 17
8373690829 17
8373690830 17
8373690831 17
8373690832 17
8373690833 17
8373690834 17
8373690835 17
8373690836 17
8373690837 17
8373690838 17
8373690839 17
8373690840 17
8373690841 17
8373690842 17
8373690843 17
864817628 17
8373690844 17
8373690845 17
8373690846 17
8785568228 17
321255919 17
8785484288 17
473264641 17
4017328647 17
4689775124 17
4689775126 17
8785484312 17
8785484313 17
8785484314 17
8785484315 17
8785484316 17
268124704 17
5177397821 17
5177397822 17
5177397823 17
5177397824 17
5177397825 17
5177397827 17
5177397828 17
5177397829 17
5177397830 17
5177397832 17
5177397835 17
6840965712 17
3696548438 17
4658088539 17
9024076384 17
9024076385 17
5736692334 17
7223712382 17
4658088585 17
2294047369 17
4691514032 17
4530270906 17
4530270908 17
4530270913 17
25471681 17
3519005409 17
1020211942 17
4691460851 17
25471732 17
25471733 17
25471734 17
5207477021 17
3519013665 17
4627491642 17
4627491643 17
390341443 17
9856119621 17
4643337035 17
7223704403 17
21392272 17
21392273 17
2586616722 17
4240028580 17
8620272571 17
5177410511 17
455705562 17
269589467 17
8373623781 17
2360685543 17
8373752817 17
3265436678 17
3265436680 17
3265436686 17
3265436688 17
3518995475 17
3265436692 17
3265436695 17
9754453026 17
9754453027 17
9754453028 17
9754453029 17
9754453030 17
9754453031 17
9754453032 17
9754453033 17
25496622 17
4150883407 17
8755805313 17
5880188045 17
5880188046 17
107667 17
107668 17
1239549084 17
107685 17
107686 17
107688 17
1617532073 17
107690 17
107692 17
107693 17
419632303 17
419632306 17
419632307 17
1617532085 17
1617532087 17
1617532088 17
1617532090 17
4822267107 17
4822267109 17
2360681713 17
388455682 17
9684083981 17
9684083982 17
9684083983 17
9684083984 17
8373728530 17
9684083987 17
9684083988 17
9684083992 17
9684083993 17
9684083995 17
7223668011 17
7223668012 17
6951230826 17
5006065037 17
5006065038 17
5006065039 17
5006065040 17
5006065041 17
5207487897 17
748885412 17
2665239973 17
2665239975 17
2665239976 17
2665239977 17
2665239978 17
4367041960 17
4367041962 17
9693982149 17
2775653836 17
9691076056 17
1148276186 17
4627445213 17
4627445215 17
4627445216 17
4627445217 17
4627445240 17
4627445241 17
5055364608 17
5055364610 17
5055364611 17
5055364612 17
6293128709 17
5055364614 17
21583366 17
4627445257 17
4627445258 17
4627445259 17
4627445260 17
4627445261 17
8620105233 17
8620105234 17
8620105236 17
8620105240 17
1810130457 17
8620105242 17
8620105243 17
8620105244 17
4630855193 17
4630855202 17
4630855203 17
4630855204 17
4630855205 17
8620105259 17
473265708 17
8620105265 17
8620105268 17
8620105269 17
8620105270 17
1148276284 17
5006063170 17
5006063171 17
5006063172 17
5006063173 17
5006063175 17
5006063176 17
5006063177 17
5006063178 17
5006063179 17
5006063180 17
1828402767 17
1828402769 17
5006063186 17
1828402771 17
1828402774 17
9756278362 17
9756278363 17
9756278364 17
6327615074 17
6327615075 17
6327615076 17
761831060 17
2360684188 17
8263157412 17
8263157413 17
8263157414 17
8263157415 17
8263157416 17
7271474856 17
7271474855 17
8785503917 17
8785503918 17
8785503919 17
8785503920 17
1214922421 17
3972566710 17
4077627063 17
3972566713 17
1214922426 17
3972566715 17
1214922428 17
1214922429 17
3972566716 17
1707790023 17
7613626070 17
7613626073 17
2775635677 17
4034060007 17
1707790055 17
1707790057 17
4034060012 17
4034060015 17
1707790064 17
4034060017 17
4034060018 17
2265065203 17
1707790067 17
1707790063 17
2265065207 17
1707790074 17
1707790076 17
1707790085 17
419632906 17
1707790096 17
1782730512 17
25470781 17
9781311296 17
9781311297 17
4859246418 17
4859246419 17
4859246420 17
4764884821 17
7617785701 17
108391 17
7617785710 17
7617785713 17
4530339698 17
4530339699 17
4530339700 17
4530339701 17
4530339702 17
7617785714 17
8373651316 17
8373651315 17
1813794712 17
7066617760 17
4719617974 17
5880186827 17
5880186828 17
3813810132 17
3813810133 17
7223695323 17
7223695324 17
7223695326 17
3497461727 17
7223695327 17
9754527740 17
9754527741 17
9754527742 17
9754527743 17
5119652864 18
5119652865 18
25495808 18
1832227968 18
9781435146 18
2458273291 18
1953202962 18
2453941139 18
6279388821 18
6279388822 18
6279388823 18
6279388824 18
26678169 18
26678168 18
2453941147 18
26678171 18
26678166 18
26678167 18
343669791 18
2458257570 18
8975700259 18
8975700260 18
2458257573 18
8975700261 18
343669798 18
5265953450 18
5265953451 18
5265953452 18
1364161197 18
2458257578 18
5265953455 18
2458301100 18
5265953457 18
5265953454 18
5265953459 18
2458260532 18
1832228016 18
25495858 18
2458256449 18
25495807 18
8645592521 18
1364172237 18
1832129873 18
6108171363 18
1832129878 18
1953202903 18
25495640 18
1953202907 18
21578459 18
25495646 18
6724775011 18
6724775012 18
108389 18
6724775013 18
6724775014 18
8787384680 18
6724775017 18
6724775018 18
6724775015 18
6724775016 18
1832248428 18
108390 18
1364168178 18
1364168180 18
2458303223 18
5119652857 18
2458307450 18
1364169899 18
5119652862 18
5119652863 18
9804578356 19
9820537921 19
9820537922 19
1736685635 19
9820537934 19
1326821457 19
4297243218 19
9576827481 19
9576827482 19
25475674 19
1326821465 19
25475692 19
25475693 19
1326821487 19
1326821489 19
1363483801 19
4297243295 19
9820538016 19
9820538017 19
4297243298 19
9820538018 19
9820538019 19
4158004390 19
1326821542 19
9820538028 19
4571238064 19
4571238067 19
4571238068 19
4297212084 19
25475767 19
1938953403 19
1938953406 19
1326821568 19
1938953413 19
748797126 19
1938953414 19
1938953417 19
6828863691 19
6828863692 19
6828863693 19
6828863694 19
6828863695 19
6828863696 19
6828863697 19
4297212114 19
6828863698 19
1938953430 19
4297212119 19
1938953431 19
748797145 19
1326821593 19
1938953432 19
25470166 19
1938953437 19
1938953433 19
4297212128 19
4297212129 19
21990633 19
21990634 19
21990637 19
21990638 19
1326821624 19
4298970364 19
25497340 19
4298970368 19
25497347 19
4298970380 19
4298970384 19
4297212194 19
4297212204 19
355416911 19
4297242961 19
355416914 19
1601797458 19
355416920 19
109403 19
9820523869 19
9820523870 19
9820523871 19
9820523872 19
4297054053 19
108393 19
6525671279 19
108406 19
1601832328 19
9820523913 19
9820523914 19
9820523915 19
9820523916 19
9161061776 19
9693963678 19
9693963679 19
9693963680 19
9693963681 19
9693963682 19
9693963683 19
710657963 19
7947041713 19
422573549 19
1913216493 19
25497596 19
25497599 19
469776896 20
2466456409 20
6369329155 20
6369329156 20
25632774 20
6369329158 20
6369329159 20
8989843465 20
25497611 20
25497612 20
25497613 20
6369329170 20
6369329172 20
10607127 20
10607128 20
10607129 20
2632464413 20
10607133 20
2632464416 20
1125619235 20
2632464427 20
1723388979 20
1813618227 20
1813618228 20
1813618229 20
1813618230 20
372978232 20
1723388985 20
1813618231 20
1596655163 20
1813618232 20
1813618234 20
256766529 20
1366095187 20
5238528591 20
1366095189 20
4530057817 20
1366095190 20
4870281309 20
2135411294 20
1326821471 20
2135411296 20
2135411297 20
4369519204 20
25475688 20
25475690 20
25475691 20
1326821490 20
3076574323 20
4369519219 20
10606709 20
4369519227 20
1326821502 20
1326821504 20
1155584130 20
20460681 20
1326821513 20
1326821515 20
20460686 20
20460687 20
20460688 20
20460690 20
20460691 20
1326821524 20
1326821525 20
3722411669 20
20460695 20
20460696 20
20460697 20
20460692 20
20460694 20
6506796188 20
1326821539 20
1326821541 20
1326821557 20
5041784501 20
1326821559 20
1813618358 20
25473207 20
25473206 20
1326821564 20
2632431806 20
2632431807 20
1326821566 20
1326821569 20
255860415 20
110274 20
1326821577 20
1326821579 20
1081508186 20
1326821585 20
4703542482 20
4703542483 20
5060405461 20
1326821596 20
25497824 20
25497828 20
25497829 20
1326821613 20
2632486641 20
2632486645 20
2632486646 20
25497845 20
2632430340 20
2632430342 20
4076095242 20
275180300 20
25497872 20
4076095253 20
3320947996 20
4076095262 20
2331184927 20
2331184929 20
2331184930 20
2331184931 20
2331184932 20
2331184934 20
2331184935 20
2480657190 20
5041784633 20
5041784634 20
1813618497 20
8868824899 20
446765895 20
390073160 20
2466456399 20
2466456400 20
2466456401 20
2466456402 20
2466456403 20
2466456404 20
2466456405 20
2466456406 20
2466456407 20
2466456408 20
5306194265 20
6525670234 20
6525670235 20
6525670236 20
6525670237 20
6525670238 20
6525670239 20
6525670240 20
6525670241 20
6525670242 20
2466456414 20
2466456413 20
2466456412 20
9804653408 20
9804653406 20
25497968 20
1081508209 20
632447859 20
108409 20
372050299 20
5711517571 20
1125619075 20
2466449286 20
2466449287 20
2466449288 20
2466449289 20
2466449290 20
2466449291 20
2466449293 20
2466449294 20
9161061775 20
1939632526 20
2466449297 20
2466449296 20
2466449295 20
25634199 20
1759454104 20
4807796633 20
1759454106 20
6871422365 20
9693865890 20
25632677 20
1759454118 20
1954751914 20
25632683 20
25632684 20
1954751916 20
1954751918 20
4860825518 20
20965804 20
1759454122 20
20965805 20
20965806 20
1954751924 20
9693963701 20
9693963702 20
9693963703 20
9693963704 20
9693963705 20
9693963706 20
9693963707 20
9693963708 20
469759942 20
469759943 20
372978120 20
435104715 20
2632476621 20
5973397966 20
435104717 20
9808795605 20
3586606038 20
3586606039 20
9808795606 20
1125619161 20
9808795608 20
25499095 20
9808795607 20
4571940314 20
4571940315 20
2632476639 20
25499104 20
9808795609 20
2466456411 20
9808795610 20
5353604060 20
5353604061 20
25499115 20
2632488435 20
9804774392 20
2632488445 20
2496836226 21
108420 21
3093897988 21
3093897989 21
2496836231 21
3093897991 21
1312188679 21
1255490314 21
2402557839 21
1280491924 21
1280491926 21
2402557597 21
2402557599 21
2387232555 21
2387232556 21
2387232557 21
2387232559 21
3093894065 21
2387232561 21
2387232563 21
1150003513 21
806373565 21
9030284989 21
9030284990 21
3741117630 21
4749090120 21
25477197 21
1722268367 21
9856119633 21
1722268381 21
1722268384 21
1722268388 21
5492419693 21
5565455857 21
5565455858 21
8236052983 21
8236052987 21
8236052988 21
8236052990 21
8236052991 21
4193151464 22
108835 22
4305986091 23
5905893978 23
7620902731 23
108837 23
9684083971 24
264824452 24
9684083975 24
9684083976 24
9684083977 24
9684083978 24
9684083979 24
4089236235 24
419350669 24
4089236236 24
3267461759 24
3876713343 24
1678452760 24
6509584408 24
20955164 24
4089226784 24
1678452770 24
4085767971 24
4085767970 24
4085767974 24
4085767978 24
4938216619 24
4085767980 24
1678452780 24
4085767983 24
367091632 24
4085767989 24
4085767992 24
2265048377 24
4085767993 24
25504760 24
3267461693 24
3267461696 24
2265050050 24
108867 24
419350723 24
1828402758 24
1828402759 24
262078536 24
3267461710 24
1938819280 24
2620105428 24
3267461721 24
9729684314 24
3267461728 24
3267461729 24
3267461737 24
3267461742 24
3267461747 24
3267461752 24
3267461756 24
1536948605 24
3267461758 24
9684083967 24
4211515621 25
108903 25
25496777 25
245200970 25
1830276654 25
9189397456 25
4211515569 25
663363473 25
4211515891 25
8256049397 25
8256049399 25
25509513 26
470727954 26
1938819346 26
1938819348 26
1938819350 26
1938819351 26
25509526 26
5207487900 26
25481504 26
25481506 26
6988528038 26
6988528039 26
9694031532 26
9201323575 26
1236791504 26
894485202 26
109408 26
109410 26
1236791535 26
9197589363 26
9197589238 26
1536948608 27
1536948612 27
25505670 27
1536948487 27
20626312 27
1536948618 27
20626315 27
1852996875 27
1536948631 27
6509584413 27
1536948517 27
7572522534 27
109734 27
7572522540 27
1536948652 27
7572522547 27
1536948536 27
1572551227 27
2504847039 27
7572522566 27
4866475730 27
4866475737 27
7572522585 27
1852996954 27
1536948578 27
109411 27
109412 27
25264998 27
2504822135 27
1536948474 27
7572522492 27
9694072864 28
109414 28
30078473 28
5334625292 28
7797731341 28
7797731342 28
7797731343 28
7797731340 28
5334625293 28
1566270189 28
1566269623 28
4077599544 28
2793874522 28
2961885 28
9030029183 28
7824803494 29
7824803495 29
109737 29
9072449309 29
24952269 29
7824803501 29
4166634957 29
5104314264 29
1536948541 29
1951372959 29
9753609738 30
9753609739 30
9753609740 30
9753609741 30
9753609742 30
9753609743 30
9753609744 30
9680972177 30
9680972178 30
9753609745 30
9680972185 30
25161373 30
7824747295 30
7824747297 30
7824747298 30
7824747300 30
7824747302 30
7824747303 30
7824747304 30
7824747305 30
7824747307 30
25067307 30
7824747308 30
6967585840 30
6967585841 30
109746 30
6967585842 30
1827389620 30
1782727992 30
1722621630 30
4220613456 30
700774224 30
5201625566 30
2941549918 30
5840176866 30
9681020156 30
9681020157 30
5006764037 31
5006764038 31
5006764039 31
5006764040 31
1312189073 31
1312188945 31
1312188689 31
1312188696 31
25477149 31
25477150 31
25477151 31
25477152 31
25477153 31
25477154 31
26067235 31
25477156 31
26067237 31
1312189091 31
26067239 31
26067236 31
3320743081 31
1954751908 31
1312188843 31
26067238 31
26067234 31
1312188730 31
1312188858 31
9693935550 31
1312188735 31
109760 31
9693935551 31
1312188994 31
1312188614 31
1312188622 31
1312189013 31
1312188760 31
3892081372 31
1312319838 31
3741078112 31
7644884069 31
1312188774 31
1042862726 32
7815143559 32
249558409 32
25477258 32
1042862477 32
6304787860 32
6304787861 32
3735889430 32
1042862492 32
7815143581 32
3735886877 32
3858880674 32
3858880675 32
3858880676 32
3858880677 32
7815143465 32
3673602988 32
3673602993 32
25477300 32
25477301 32
7911297462 32
7911297463 32
5929540796 32
109766 32
5925628361 32
57786953 32
347541965 32
7911297486 32
9808795598 32
7815143503 32
1042862673 32
9808795599 32
9766629717 32
347541973 32
347542743 32
25477335 32
25477339 32
9027367517 32
9027367518 32
9027340515 32
9027340516 32
2935373159 32
1042862696 32
302013673 32
2935373161 32
302013676 32
25477228 32
302013678 32
3486459766 32
2935324280 32
9203578106 32
9203578107 32
27480957 32
9856119640 33
373402354 33
109780 33
9856119634 33
9514602150 34
9514602151 34
9514602152 34
9514602153 34
109785 34
6166157035 35
109788 35
24952267 35
4077495951 36
1832129813 36
4077495957 36
1810130458 36
4077495964 36
338474269 36
1832129823 36
4077495971 36
1832129831 36
4077495854 36
4077495855 36
4077495858 36
4077495862 36
4077495867 36
9781311295 36
4077495872 36
4530195657 36
4077495883 36
109815 36
109816 36
1360122879 36
109818 37
8975700266 37
3644748770 37
9051462722 38
275179767 38
435104742 38
1723340842 38
4823243100 38
6855696495 38
6855696497 38
6855696498 38
6855696500 38
2112030869 38
6855696502 38
6855696503 38
6855696504 38
2112030873 38
627985397 38
291951643 38
110140 38
275179893 38
4823246342 39
1150003270 39
1684835245 39
1493658224 39
2036125649 39
1309067472 39
6864015603 39
1141415219 39
1685281076 39
2036125657 39
110143 39
1312189057 40
250326914 40
4835108998 40
4835108999 40
7636180236 40
7636180237 40
20458276 40
18469132 40
1571298192 40
7636180241 40
7636180242 40
1571298195 40
1312188692 40
1401416208 40
1312188694 40
1312188824 40
9710348827 40
9710348828 40
1312188955 40
110238 40
1312188704 40
20458273 40
250325411 40
2003007012 40
20458275 40
1787108646 40
1787108647 40
1787108648 40
1787108649 40
1787108650 40
3334162601 40
20458277 40
2490721964 40
1312188845 40
1312189098 40
1312188722 40
4618510643 40
8868010162 40
1312188731 40
250327100 40
1312188988 40
8868010171 40
354886082 40
8868194757 40
1312188741 40
9710304459 40
9710304460 40
8868001103 40
9856119632 40
8868001104 40
250549587 40
1312188883 40
9856119637 40
1782716888 40
7926563545 40
8868194778 40
1571298141 40
21990624 40
21990625 40
1233327202 40
21990626 40
2642878568 40
2642878569 40
250549670 40
2934268020 40
1312188660 40
250327159 40
1312188797 40
1238259337 41
4530011788 41
6261920913 41
6261920914 41
4530012691 41
4530012690 41
4530012692 41
4530012694 41
4530012695 41
4530012696 41
6261920915 41
1150003480 41
4530012699 41
4530012700 41
4530012701 41
4530012702 41
6866779806 41
4530012703 41
4530012704 41
1771453218 41
7805198627 41
1771453217 41
3499567135 41
5565487612 41
3197339673 41
3197339674 41
4729385030 41
4729385031 41
9808795596 41
3197339676 41
59526352 41
282708 41
1150003547 41
1731225566 41
1150003423 41
249470452 41
4316306166 41
1536039932 41
25438595 42
2632476618 42
25438732 42
2632476590 42
1953096696 42
7796554012 42
282719 42
2632464415 42
4835108995 43
2961540 43
1951616325 43
24661273 43
8807431546 43
2195965723 43
24950109 43
8807431551 43
367114771 44
27458331 44
1312453919 44
1312454048 44
2967343648 44
3215687074 44
2967343649 44
5931501991 44
27458353 44
1547013692 44
1312453950 44
1547013698 44
5342236740 44
1312454086 44
5335245256 44
9710359368 44
9856119628 44
3708234964 44
471488472 44
3585762393 44
1312454114 44
5227220835 44
2961891 44
471488484 44
1550763620 44
1547013743 44
367121266 44
1312454015 44
1678452792 45
10572172 45
25495617 46
25495618 46
9856119619 46
1985084100 46
1938953377 46
350437608 46
10572779 46
5060391417 46
25495695 46
25496819 46
25496820 46
25496821 46
1816038230 46
321255925 46
25495769 46
25495770 46
8972441127 47
25496748 47
21583342 47
10572785 47
8972511963 47
8785568224 48
10572786 48
7847748059 48
1985084095 48
5470932256 49
10607629 49
7947057586 49
5468301555 49
2146369237 49
5470932252 49
5470932253 49
5470932255 49
9782353731 50
8784159562 50
6467134930 50
6467134931 50
8784181688 50
10676799 50
4835108996 51
2902624645 51
4835108997 51
18393873 51
1717643537 51
6985373980 51
6985373982 51
6985373983 51
6985373984 51
1312264610 51
1721713699 51
1312188714 51
1312264618 51
21307200 51
9030121410 51
1782718791 51
1782718792 51
1144619335 51
7223326412 51
9856119635 51
6985379285 51
6985379286 51
9042027865 51
9042027866 51
2406484452 51
1350430181 51
2406484454 51
2406484455 51
9030155749 51
2406484453 51
9030155753 51
2406484460 51
9042053624 51
10677374 51
1312264577 52
1311961985 52
794039687 52
9042133642 52
5043864464 52
28800661 52
28800662 52
25161371 52
1782724124 52
28800667 52
316763548 52
1782724125 52
250550174 52
1401908258 52
1311962151 52
9042026424 52
1311962043 52
1312264648 52
1312264524 52
1684511955 52
9856119636 52
7836155864 52
7836155865 52
7836155867 52
7836155868 52
7836155870 52
9042041320 52
9042041321 52
1718328435 52
10677375 52
8975529088 53
4462680067 53
4462680068 53
9203541381 53
7840712839 53
1832248457 53
1832248458 53
9781435147 53
4462680078 53
5374174224 53
1360122901 53
595709975 53
14672924 53
5573994014 53
5573994016 53
5573994017 53
5603454627 53
5603454628 53
5573994019 53
1832129958 53
1360122919 53
5374174120 53
1360122925 53
7203717550 53
1938953395 53
1360122937 53
5374183741 53
5374183742 53
6329690691 53
8975645638 53
8975645640 53
8975645641 53
25151180 53
4512763348 53
1360122841 53
5460658138 53
5600934876 53
1360122860 53
5573931377 53
5839156209 53
1360122866 53
1360122871 53
5573931385 53
8975529082 53
8975529083 53
8975529084 53
8975529085 53
8975529086 53
529722111 53
7553887392 54
18382242 54
8869435266 54
7567588716 54
24950093 54
3533830193 54
268997560 54
8869435257 54
18395288 55
25161370 55
250550400 56
1939632514 56
4992781187 56
3739049348 56
4992781189 56
1939632519 56
20460684 56
973101839 56
9042120207 56
2387242385 56
2387242386 56
8869472274 56
3870640530 56
25477148 56
3870640547 56
3870640548 56
4401149224 56
2387240745 56
4401149225 56
2387240747 56
4401149228 56
4992781175 56
7636278191 56
4401149234 56
7636278194 56
7636278197 56
7636278199 56
7636278200 56
1326821561 56
7636278201 56
256766531 56
18398282 56
1312335310 56
5927671120 56
1326821460 56
1326821592 56
5238500312 56
5238500313 56
914822492 56
9042037853 56
2387245025 56
873684193 56
2387245026 56
2387245027 56
2387245029 56
1326821480 56
632438506 56
9030155757 56
9030155758 56
8869472239 56
9030155759 56
9030155760 56
8869472240 56
1326821619 56
9030155762 56
2990732269 56
5927671155 56
8869472247 56
4826555769 56
4826555770 56
4826555771 56
4992781180 56
5609638014 56
18469130 57
9856119638 57
6978555522 58
1758554289 58
2990780037 58
2990780039 58
20460680 58
20460682 58
2990806410 58
2990806411 58
2990806413 58
2990806415 58
2990806416 58
968499092 58
968499093 58
4246525220 58
4246525223 58
316763559 58
316763561 58
316763563 58
1758554286 58
8975833904 58
8975833905 58
6978563378 58
6978563379 58
6978563380 58
6978563381 58
6978563382 58
6978563383 58
6978563384 58
8975833913 58
8975833912 58
8975833915 58
4682627259 58
4682627261 58
8975833914 58
4682627263 58
4682627264 58
6978577985 58
4682627266 58
4682627265 58
256766532 58
256766533 58
1758554291 58
1150003147 58
1150003532 58
9041828942 58
1759454163 58
1758554294 58
1759454429 58
3763407460 58
5041784423 58
1150003571 58
5067002867 58
6978531575 58
6978555518 58
6301948480 59
20625793 59
6301948477 59
5976760445 59
5976760446 59
5976760447 59
9694032608 60
9694032609 60
585200775 60
20625800 60
585200818 60
710521820 60
9694032606 60
9694032607 60
5189042552 61
20626282 61
8675201272 61
5189042551 61
7824803490 62
7824747299 62
7824803492 62
7824747301 62
1536948646 62
7824803493 62
4085778920 62
7824747306 62
5146186589 62
7824803500 62
1536948431 62
1536948529 62
20626301 62
5146186590 62
9856119647 62
3796814729 63
4866475725 63
20626310 63
20626311 63
7572522513 64
20626316 64
7572522511 64
1360122886 65
1236791433 65
20955158 65
9805219991 65
9805219992 65
9805219993 65
9805219994 65
9805219990 65
1360122917 65
4076095791 65
4370333627 65
1609966653 65
4370333629 65
9856119620 65
4370333637 65
9197322310 65
4370333638 65
4370333643 65
4370333648 65
9197326420 65
3519872213 65
4076095834 65
1360122845 65
1596648671 65
1360122856 65
21685484 65
1360122861 65
21685485 65
1360122873 65
2398924896 66
6369329154 66
20965798 66
20965799 66
6369329160 66
20965800 66
4428887946 66
2398924843 66
25500427 66
2241962700 66
6369329165 66
1782729295 66
1782729296 66
6369329171 66
1326821587 66
2398924853 66
2398924855 66
104319 66
2398924898 67
9781311298 67
20965801 67
7946378607 67
7946378608 67
9310682079 67
2398924893 67
2398924863 67
1755265415 68
250550023 68
250550024 68
5041945479 68
5041945481 68
1755265428 68
1755265432 68
28800670 68
1755265444 68
1343823418 68
21307201 68
21307202 68
8869464398 68
1312264546 68
21990631 68
873809385 68
5042033643 68
9042025325 68
2990721389 68
4661317536 69
3328228993 69
3328228994 69
3328228996 69
3328228998 69
25524297 69
5177397418 69
21392267 69
3328229004 69
1617596593 69
4663309171 69
4661317524 69
4663312695 69
4663312696 69
4663312697 69
4663312698 69
1617532092 69
9856119623 70
9201323564 70
21392276 70
25509525 70
2343269909 70
25495822 71
350377999 71
25495824 71
25495823 71
21392278 71
350437528 71
1707790105 71
6828931875 71
1938953379 71
1832052008 71
1832227886 71
447887921 71
1832227893 71
6828927809 71
1148249927 71
338472567 71
4275394254 71
5899738713 71
1832129783 71
338472562 71
25495542 71
25495543 71
6828921209 71
6828921210 71
6828921211 71
5603454625 72
5603454626 72
6606135979 72
21392279 72
9703794688 73
9703794689 73
9703794690 73
9080098306 73
9080098307 73
9080098308 73
9080098309 73
3876429831 73
9080098312 73
9080098313 73
9080098314 73
3528711693 73
255051289 73
3528711722 73
27459116 73
27459120 73
27459638 73
9375078973 73
9375078974 73
9375078975 73
3073173576 73
3073173585 73
27459165 73
1771458655 73
1771458658 73
27460198 73
9080098305 73
251892353 73
3528738434 73
3528738438 73
3528738439 73
3528738440 73
5257738379 73
5257738381 73
5257738384 73
3528710290 73
5257738387 73
5257738389 73
9030037142 73
5257738390 73
6995618971 73
6995618979 73
3858880678 73
6280047275 73
6280047277 73
6280047278 73
6280047280 73
5160943793 73
5160943794 73
5160943797 73
5160943798 73
5160943803 73
5160943806 73
9694087359 73
9694087360 73
9694087361 73
5160943807 73
472493763 73
1039290562 73
1039290578 73
1039290584 73
1039290586 73
9080123618 73
9080123619 73
9080123622 73
3706494694 73
6969936109 73
6969936112 73
27351282 73
27351284 73
27459830 73
2914561272 73
251892475 73
25477371 73
249679102 73
28419328 73
1014803714 73
21523716 73
1014803718 73
1014803721 73
1014803736 73
5925626141 73
5925626142 73
1014649672 73
4144358216 73
4144358217 73
302013776 73
9375100241 73
9375100242 73
1939632502 73
1939632504 73
3550836102 73
251757452 73
2934411661 73
251757458 73
2934411667 73
2934411668 73
2872704413 73
2935392676 73
4827050921 73
3499556266 73
28418497 73
3247933387 73
9808795600 73
9808795602 73
251757533 73
9703794686 73
9703794687 73
5335233120 74
2934288514 74
250324965 74
21523718 74
5165786239 74
21523719 74
8042022825 74
5573991659 74
5573991660 74
5335233119 74
4138224462 74
5335233113 74
252729234 74
5009060057 74
5335233114 74
2934288509 74
1014649631 74
1617596646 75
1617596615 75
1617596616 75
1617596621 75
21563503 75
1617596627 75
1617596659 75
1617596669 75
25498458 76
9659603285 76
21578454 76
9748953621 77
21578461 77
4378043682 78
4331121754 78
21685481 78
21685483 78
1837610895 78
1360122929 78
25500530 78
1360122933 78
25500246 78
1163955034 78
4331121755 78
269547420 78
4462680070 79
9203541612 79
21686572 79
21686574 79
4462683090 79
3515286914 80
3515286915 80
3515286916 80
5565466183 80
1493676622 80
1493676623 80
28728208 80
25477106 80
21990614 80
1771453860 81
3197333544 81
1711679434 81
9375170320 81
9375170321 81
9375170322 81
9375170323 81
9375170324 81
9375170325 81
9375170326 81
1711679380 81
7191329809 81
7191329811 81
28728210 81
28728187 81
21990620 81
4556931602 82
4556931604 82
21990622 82
21990627 83
475396924 83
8672066581 83
7636180239 83
250327591 84
1326821544 84
8868010287 84
5565443389 84
5565443390 84
250327618 84
5565443397 84
5875062471 84
5875062472 84
9808795603 84
9808795604 84
1719422038 84
9856119639 84
8923643489 84
8923643490 84
9693628386 84
21990628 84
21990629 84
9030155750 84
21990630 84
9030155754 84
9030155755 84
9030155756 84
9042053623 84
21990632 85
9030155751 85
1718566880 85
24659907 86
1311961990 86
24659947 86
6948380395 86
24949780 86
9693920801 87
9693920794 87
9693920795 87
9693920797 87
24660863 87
1312453954 88
1556260235 88
24661966 88
25544111 88
1312453966 88
1556260241 88
1312454066 88
25544112 88
1312454100 88
24662037 88
1312453915 88
24950048 89
5095547180 89
5095547184 89
24950005 89
24950013 89
3517985666 90
5090420610 90
25161348 90
5090420614 90
8807429660 90
8807429664 90
8807429665 90
9691082671 90
25066419 90
2387226304 90
3499500226 90
2387226307 90
2387226309 90
2387226311 90
2387226313 90
5090420940 90
24950097 90
5090420958 90
5090420959 90
5090420964 90
9024139130 90
9024139131 90
9693920802 91
9693920803 91
24950110 91
24950111 91
24950112 92
25248126 92
25161346 93
1721678995 93
316763501 93
24950117 93
6918421504 94
1951372930 94
24952195 94
24952196 94
2528522503 94
1951372935 94
6918421512 94
6918421513 94
2528522507 94
1556097163 94
1561071632 94
2528522518 94
1556324759 94
1556097431 94
1556097092 94
1556097306 94
2528522528 94
1556097185 94
6985465124 94
6985465125 94
1561071655 94
1561071656 94
6985465129 94
6985465130 94
1556097321 94
2528522542 94
4018000435 94
1590114998 94
1556097080 94
6985465145 94
1556324793 94
1556097217 94
9694091972 94
9694091973 94
1556097222 94
4777897927 94
4777897928 94
1556097353 94
1556097098 94
1556324683 94
1556324684 94
25278669 94
25278670 94
3385387604 94
3385387605 94
3385387606 94
3385387607 94
696477399 94
1556097368 94
6918421503 94
1556097118 94
4117882851 94
4117882852 94
4085404135 94
4117882856 94
4117882857 94
4085404136 94
4117882860 94
1556097136 94
1556097137 94
1951372915 94
1951372927 94
5087519104 95
25066338 95
25161347 95
5090420965 95
25066412 95
5047029678 96
25066461 96
25066462 96
3704225378 97
1536948581 97
4085778923 97
1536948622 97
1938819279 97
9684101713 97
4085778934 97
4143767990 97
25066684 97
1852997088 98
25066784 98
25066694 98
25066696 98
25161353 98
4866591373 98
4866591374 98
4866591375 98
4866591376 98
3816097105 98
3233714196 98
3233714198 98
9856119645 98
25067264 99
25067265 99
2566132609 99
25067266 99
1852996996 99
2504822145 99
25067267 99
1569382119 99
6509584414 99
2504822137 99
1569382170 99
2504822139 99
1569382174 99
25066687 99
25067304 100
2566132610 100
2566132611 100
25067395 101
25067396 101
25067397 101
5146186470 101
950703625 101
950703626 101
5146186463 101
5146186489 101
25067326 101
1726783391 101
9856119646 102
25067427 102
25067398 102
1951616322 103
5104314275 103
25067461 103
25067463 103
25067469 103
25067470 103
5104314255 103
5104314256 103
5104314384 103
25067473 103
25067476 103
1186508405 103
5104314353 104
25067727 104
1569343756 104
25067479 104
1569343909 105
25067558 105
25067728 105
5104314096 105
5104314098 105
25067636 105
5104314325 105
25067670 105
1569343576 105
25067737 106
1569312412 106
25067933 106
25067871 106
25067914 107
1569216650 107
25067920 107
7911231380 107
1722621718 107
7911231384 107
25067803 107
1569216123 107
25161375 107
5141228834 107
1569216316 107
4085783103 107
4085783105 107
1569216326 107
6446292570 107
1951616226 107
5141216740 107
5141216741 107
7911267687 107
7911267688 107
7911267690 107
7911267692 107
7911267694 107
7911267695 107
7911267696 107
9659831673 107
9659831674 107
9659831675 107
25265023 107
25071090 108
25071131 108
5247857728 109
9691101411 109
9691101412 109
25161357 109
2387194158 109
5141877019 109
25248125 110
1211381855 110
25471736 111
25503860 111
7271474849 112
321255907 112
25472324 112
25472545 113
4675821944 113
4675821925 113
4675821932 113
4665353645 113
4665353644 113
762080111 113
1617596591 113
8373728533 113
25472566 113
25473048 113
25472379 113
1617596607 113
1882379274 114
1882379248 114
1882379285 114
4425001783 114
25472760 114
25472763 114
3247578846 114
4823246341 115
4425001781 115
4425001782 115
25472767 115
7447716112 116
25472789 116
9161061774 116
25472800 117
4571194090 117
4571194091 117
1954751920 117
2036125650 117
2940401398 117
6014339453 117
1684835105 118
1684835107 118
1684781486 118
3739048019 118
3739048020 118
3739048021 118
25472885 118
4948630427 118
4675822093 119
4675822095 119
4675822097 119
8373728531 119
4675822100 119
8373728532 119
1617647898 119
761830938 119
1617647900 119
1617647901 119
1617647903 119
4661317153 119
4661317155 119
1617647919 119
1617647924 119
1617647928 119
1617647931 119
1617647934 119
4665352262 119
4665352264 119
761831000 119
25472890 119
761831039 119
1311962080 120
9042129985 120
9042129986 120
1401893666 120
1311961868 120
1215563885 120
25473199 120
25473200 120
25473204 120
25473205 120
1215563897 120
6871422362 120
6871422364 120
1759454078 120
9042129984 121
875789647 121
1150003472 121
25473201 121
25473202 121
1311961947 121
1311962012 121
9042129983 121
1311962111 121
25473203 122
5067002855 122
25473281 123
9683585635 123
903630659 123
8497605091 123
4777885221 123
4085387943 123
4085387945 123
7246486955 123
4136124524 123
4136124526 123
4078858000 123
4078858001 123
869968536 123
585127354 123
585148380 123
6265654109 123
25473279 123
697037343 124
5905807278 124
8579276917 124
9694104278 124
25474005 124
25474015 124
25497603 125
9694091974 125
9694091975 125
9694091976 125
9694091977 125
9694091978 125
6149398571 125
9856119625 125
9694091981 125
25475053 125
9694091983 125
9694091982 125
9694104279 125
1547657140 125
1312471255 125
9694104280 125
1312471226 125
1312471228 125
25475072 126
25497222 126
1547657104 126
1312471188 126
1312471189 126
7236131861 126
7236131862 126
7236131864 126
7236131865 126
1312471196 126
1312471202 126
9690769059 126
25476132 126
4920098342 126
6266867111 126
6266867112 126
6266867113 126
6266867114 126
8064065323 126
4920098343 126
4920098344 126
1312471216 126
9690974262 126
277337783 126
1312471223 126
9690974264 126
9690974266 126
9690974263 126
9690974265 126
9690974272 126
9690974274 126
9690974275 126
9690974276 126
9690974277 126
9690974278 126
25475661 126
25496910 126
1312471252 126
6332695637 126
6332695638 126
9135848919 126
9135848920 126
9135848921 126
9135848922 126
9135848923 126
9135848924 126
6332695639 126
9135848925 126
9699944538 126
9699953505 126
1312471265 126
585180151 126
1233350889 127
9856119626 127
9856119627 127
283061836 127
3231501611 127
1233350862 127
4166967089 127
675734610 127
675734613 127
25475419 127
675734622 127
25475561 128
9690878337 128
1569486259 129
25475597 129
6696695781 130
8784000965 130
25475678 130
6696695783 130
9823138208 131
9823138209 131
1326821607 131
1326821594 131
25475694 131
25475695 131
25475696 131
25475697 131
4297211186 131
4297211187 131
25475698 131
435104726 131
435104728 131
355416921 131
1326821466 131
9823138206 131
7075087297 132
7075087298 132
7075087299 132
6273056647 132
6273056648 132
9693963689 132
6239229422 132
6239229423 132
9693963696 132
435104721 132
9693963698 132
25475699 132
1326821620 132
9693963699 132
6272993491 132
6272993492 132
9693963697 132
25497619 132
25475754 133
1816777875 133
1493229962 133
25476131 134
4920098349 134
5931509720 134
5931509721 134
25476124 134
25476127 134
806373533 135
25477774 135
819157946 136
25477858 136
4556931603 136
3661703766 136
25495544 137
269550333 137
25495697 138
9856119622 138
1834657467 139
25495820 139
1834657469 139
6354294763 139
470727776 140
5736847361 140
5736847362 140
5736847363 140
5736847364 140
25496100 140
749947393 140
749947402 140
25495852 140
25495854 140
25495855 140
350629203 140
269584410 140
317930380 141
4211515637 141
4211515622 141
25496775 141
25496779 142
25496780 142
1816038211 143
1985084135 143
25496783 143
25496786 143
25496787 143
5265830862 144
25496815 144
25496785 144
4429088632 144
1958800795 144
8972511965 144
25496781 145
25496788 145
25496797 145
25496798 145
25496799 145
2453947049 146
8787384684 146
8787384685 146
8787384686 146
4211515634 146
25496792 146
4211515644 146
4211515645 146
25496800 147
1816038214 147
323260106 147
1816038224 147
5014591889 147
1816038199 147
1816038233 147
1816038237 147
1816038239 147
25496817 148
25496818 148
5426506500 148
1832129795 149
6407948171 149
4077495820 149
4077495821 149
6407948172 149
25496847 149
25496848 149
25496849 149
4077495826 149
25496850 149
9781435149 149
25496851 149
5504212623 149
4730978978 149
4730978979 149
4942595236 149
4730978981 149
4730978982 149
4730978983 149
1684437690 149
1684437692 149
1319881922 149
1319881924 149
1655214934 149
25497563 149
25497564 149
25497566 149
1655214955 149
6124650606 149
1832129778 149
4076126707 149
1832129789 149
1938953399 150
25496857 150
4730978984 150
9161061778 150
9161061779 150
9804471701 150
25496854 150
9804471702 150
5948183671 150
25496855 150
9203537438 150
9203537439 150
2135411308 151
5711517565 151
5457908028 151
25499655 151
25504145 152
25504146 152
25504148 152
1835355916 153
1793420660 153
25504149 153
1707790044 153
4232015838 153
25504770 154
367105858 154
25504755 154
367105859 155
25504777 155
1268892466 155
1268892467 155
25504756 155
25504763 155
7572833379 156
7572833380 156
7572833381 156
25505607 156
25505679 156
25505585 156
1828402762 157
25505643 157
25505618 157
25505593 157
25505630 157
1828402763 158
1828402764 158
2142508727 158
25505662 158
25505695 158
1852996856 159
25505685 159
1852996734 159
1556097153 160
8785024515 160
1556097030 160
5905896973 160
1556097166 160
1556097177 160
1556097178 160
1556097051 160
1556097320 160
1556097448 160
1547013554 160
1556097227 160
1547013710 160
25532494 160
9856119631 160
1547013589 160
1547013719 160
8807410150 160
8807410151 160
1556097048 161
25532542 161
2480657188 162
4826448085 162
25632678 162
2135411293 162
25632864 163
25632865 163
1215563905 163
1215563890 163
244128953 163
25632863 163
28418880 164
27459905 164
1312471267 164
429346243 164
4534184516 164
742399752 164
1312471210 164
4629462859 164
429346253 164
1312471217 164
1312471197 164
1312471190 164
9693971449 164
9693971450 164
9693971451 164
9693971452 164
28418877 164
28418879 164
1042862785 165
7911297478 165
302013672 165
302013674 165
302013675 165
7815533548 165
7815533546 165
6345441358 165
7911297487 165
3486459762 165
3486459764 165
3486459765 165
249558966 165
347539416 165
3081980920 165
27480956 165
27480960 166
27480961 166
9678821156 166
9678821159 166
9678821160 166
9678821161 166
3486459769 166
28193265 167
3170676207 167
249679365 168
4344245894 168
7817162929 168
4244498866 168
2140124996 168
28418138 168
28418141 168
3892081373 168
3892081378 168
1014803686 168
7797338599 168
7797338600 168
1014803691 168
302013681 168
302013682 168
1014803702 168
1014803704 168
3894948091 168
3894948093 168
4430996024 169
28418859 169
4155841820 169
3632581622 169
3984132034 170
3984132035 170
4116809027 170
3984132037 170
4116809028 170
302013708 170
4422013486 170
249679343 170
28418929 170
4244498867 170
4244498868 170
2990651905 171
1755708646 171
1755708647 171
1755708648 171
1758552521 171
1758552522 171
2990664881 171
28800660 171
973128725 171
9693929369 171
1755708737 172
1755708738 172
1755708739 172
5041945508 172
9693903657 172
2990651920 172
2990651921 172
28800666 172
28800664 172
1755708730 172
1755708732 172
5565443391 172
5046314090 173
28800671 173
1311962065 173
1311961846 173
5046314073 173
1311962079 173
28800672 174
9856119642 174
8869435290 174
5247852872 175
316763513 175
5046314091 175
5046314092 175
316763500 175
28800689 175
5224630617 175
9693730842 175
5046314077 175
5046005758 175
707377287 176
30056330 176
1547393045 176
1312471191 176
6149398572 176
4619022514 176
3830043581 176
1312471231 176
8579233861 176
8579233862 176
1547013574 176
1547013588 176
1547013592 176
1547013724 176
1547013597 176
1547392865 176
5580861156 176
6600283121 176
251892979 176
1547013754 176
3741131608 177
149431715 177
213668839 178
347335859 178
354886099 178
9269886261 178
8868010205 178
250549699 179
250549700 179
8868010279 179
8868010216 179
8868010280 179
8868010218 179
213668842 179
8868010281 179
8868010221 179
213668844 179
8868010202 179
1685272862 179
1719422032 180
213670986 180
1312189047 180
2642878644 181
213672005 181
249559005 182
302013662 182
7900221088 183
249560091 183
9021491075 183
7900221087 183
250325410 184
250549636 184
3787645606 184
3787645607 184
3787645608 184
3787645609 184
3787645610 184
5492419692 184
250327037 185
1310663631 185
9693628387 186
9693628388 186
250327619 186
347335878 186
2642612586 186
250327576 186
7151566952 187
250327660 187
338319877 187
3930921860 188
3708234957 188
4230027057 188
4155841811 188
251892564 188
843376599 188
4378043667 189
269547419 189
4378043661 189
4378043662 189
316763545 190
5046005745 190
5046005743 190
1145174402 191
4571241384 191
9820538031 191
355416887 191
355416890 191
355416892 191
3257317059 191
9820537936 191
9820537937 191
9820537940 191
9820537941 191
9820537942 191
9820537943 191
9820537944 191
9820537946 191
1165343843 191
4729480806 191
4729480807 191
4729480808 191
4571244658 191
4571244659 191
4571244660 191
4571244663 191
20955169 192
367074596 192
9693971465 193
4230595026 193
377494060 193
27331469 193
435104736 194
435104732 194
435104735 194
7918978033 195
438170475 195
6218468163 196
1550763749 196
1547013711 196
9704122321 196
471488499 196
4847781268 196
1493722803 196
4847781269 196
1550763764 196
1550763708 196
1747873474 197
473219610 197
8814668141 197
5104314222 197
25161386 198
473258827 198
3644748773 198
473264457 199
1268903266 199
1561411396 200
585201189 200
8579276918 200
3068267824 201
670103313 201
690295042 202
9690878341 202
5122737222 202
9690878343 202
4195111363 203
748941508 203
748941546 203
748941552 203
819132568 203
1684781470 203
4195111355 204
748941556 204
811035012 205
5905897286 205
6446218921 205
6446218922 205
1556097034 205
1556097387 205
1556097139 205
1556097111 205
1556097271 205
1556097147 205
1556097215 205
1723315608 206
3247825561 206
3247825562 206
7636278193 206
7636278195 206
7636278196 206
7636278198 206
4807521484 206
1309067471 206
3741131600 206
5927671121 206
3741131606 206
7636244312 206
7636244313 206
7636244314 206
9042037852 206
914822496 206
2624005734 206
914822508 206
9030155763 206
5927671156 206
9030155766 206
9030155767 206
4826555772 206
1755708768 207
1758552678 207
1758552682 207
2990717003 207
1759454351 207
973128722 207
1755708765 207
1755708766 207
1150003170 208
8784212017 208
1150003155 208
4826555767 208
1150003224 208
9808795611 208
4826555768 209
1150003195 209
25632870 209
1238249904 210
7900221108 210
1736734053 210
2140125056 210
1547013760 211
1547013601 211
1547013730 211
8785024514 211
1547013604 211
1547013704 211
1312453936 211
1547013653 211
1312453879 211
1547013593 211
9694096799 211
1353133536 212
4643336966 212
4643336968 212
4643336979 212
1353133533 212
1547013621 213
1547013694 213
1547013567 213
4402629177 214
4402594986 214
1547013655 214
8807410149 215
1547013672 215
1547013705 215
9856119630 215
1547013688 215
1547013699 216
1550763732 216
1547393025 217
1547392771 217
4920098350 217
1547392848 217
1547392818 217
1547392914 217
1547392951 217
1547392728 217
1547392764 217
1547392894 217
1547392927 217
1556097337 218
1556097148 218
1556097245 219
5189042550 219
1951372909 219
5976760443 220
1556324659 220
1590088452 221
1561071644 221
1599652497 222
5504771250 222
1599652492 222
1617532089 223
1617532091 223
3265436260 224
4697288390 224
2341656968 224
4697287178 224
1828408303 224
8620082704 224
6327557047 224
4696568114 224
5146127859 224
4696544885 224
367102039 224
6327557048 224
1617596505 224
4696545402 224
4166662878 224
6868293535 224
1678452786 225
3474115151 225
7610670751 225
7610670826 226
7610670830 226
7610670771 226
1678452790 226
7610670780 226
7610670781 226
1684835042 227
4197055203 227
1684835138 227
1684835110 227
8868809321 227
1684835019 227
6014333809 227
1684835121 227
1684835093 227
1684835030 227
1684835062 227
5609643672 227
1684835097 227
5609643675 227
1707790024 228
4658088777 228
250549835 229
1718566997 229
1718567007 229
9804685199 230
9804685200 230
9804685201 230
9804685202 230
1723388986 230
7620895974 231
25161384 231
1727515734 231
1755708736 232
4992781181 232
2990721391 232
1761598585 233
4316306163 233
4316306164 233
1137777341 233
1828402755 234
1828402756 234
1832248440 235
2576893628 235
1852996517 236
1852996670 236
1939632512 237
108418 237
4826555773 237
1939632510 237
1990694641 238
1990694635 238
1990694647 238
3130435826 239
1990694638 239
6431923714 240
6431923715 240
5471345385 240
9693974377 240
308837357 240
2146369238 240
9161061783 240
9846850972 240
9846850973 240
9846850974 240
2146369240 241
5468301601 241
10607626 241
6332545601 242
9030284967 242
3093894066 242
2254629351 242
2665239972 243
6509684093 243
2935324281 244
2737313094 244
288193455 244
3691462888 245
9804685203 245
9804685204 245
2755124949 245
9804685206 245
9804685205 245
2914561217 246
5924603458 246
5924603459 246
5924603460 246
5924603457 246
5924611312 246
5924603444 246
5924603445 246
5924603446 246
5924603447 246
5924603449 246
8500636794 246
5924603452 246
5924603453 246
5924603454 246
5924603455 246
4938216620 247
4166634958 247
3267461735 247
3272782432 248
1547013738 248
3272782429 248
3272782446 248
3644748769 249
3519288132 249
9693628389 250
3741117629 250
9693628390 250
3892081362 251
3892081363 251
5788363874 252
4208239651 252
4208239642 252
9201323561 252
4462680076 252
9201323322 252
5374181585 252
6606148797 252
3972566714 252
6606148798 252
5899711453 252
5899711454 252
4072083342 253
4072083343 253
4166662881 254
8620105277 254
4169836445 254
8675201264 255
7911282822 255
1556097326 255
4169714270 255
8026335686 256
4174200046 256
4879371168 257
4879371165 257
4421008566 257
4697525032 258
26374229 258
4697525030 258
4827019220 259
835390894 259
4866475736 260
4866475731 260
4866475733 260
5177352922 261
5177352923 261
5177352932 261
5177352933 261
9733914457 262
5253290694 262
25496750 263
5265840063 263
5609643673 264
5609643674 264
6645346885 265
6711365597 265
7572833353 266
7572833350 266
7911282827 267
4169714271 267
1587330970 268
8783914189 268
8604055550 268
8869040027 269
8869040028 269
9691082176 270
4872502280 270
1 L3_1
2 L3_2
3 L3_3
4 L3_4
5 L3_5
6 L3_6
7 L3_7
8 L3_8
9 L3_9
10 L3_10
11 L3_11
12 L3_12
13 L3_13
14 L3_14
15 L3_15
16 L3_2
17 L3_2
18 L3_16
19 L3_17
20 L3_18
21 L3_19
22 L3_20
23 L3_21
24 L3_22
25 L3_23
26 L3_24
27 L3_25
28 L3_26
29 L3_27
30 L3_28
31 L3_29
32 L3_30
33 L3_31
34 L3_32
35 L3_33
36 L3_34
37 L3_35
38 L3_36
39 L3_37
40 L3_38
41 L3_39
42 L3_40
43 L3_7
44 L3_41
45 L3_42
46 L3_43
47 L3_44
48 L3_45
49 L3_46
50 L3_47
51 L3_48
52 L3_49
53 L3_50
54 L3_51
55 L3_52
56 L3_53
57 L3_55
58 L3_56
59 L3_57
60 L3_58
61 L3_59
62 L3_60
63 L3_25
64 L3_62
65 L3_63
66 L3_64
67 L3_64
68 L3_65
69 L3_66
70 L3_67
71 L3_68
72 L3_69
73 L3_70
74 L3_71
75 L3_72
76 L3_73
77 L3_74
78 L3_75
79 L3_76
80 L3_77
81 L3_78
82 L3_79
83 L3_80
84 L3_81
85 L3_82
86 L3_83
87 L3_84
88 L3_85
89 L3_86
90 L3_87
91 L3_88
92 L3_26
93 L3_4
94 L3_89
95 L3_90
96 L3_54
97 L3_91
98 L3_2
99 L3_92
100 L3_93
101 L3_94
102 L3_95
103 L3_96
104 L3_97
105 L3_97
106 L3_12
107 L3_98
108 L3_99
109 L3_100
110 L3_101
111 L3_102
112 L3_103
113 L3_104
114 L3_105
115 L3_106
116 L3_107
117 L3_108
118 L3_109
119 L3_110
120 L3_112
121 L3_113
122 L3_114
123 L3_115
124 L3_116
125 L3_117
126 L3_118
127 L3_9
128 L3_119
129 L3_120
130 L3_121
131 L3_122
132 L3_123
133 L3_124
134 L3_125
135 L3_126
136 L3_127
137 L3_128
138 L3_129
139 L3_130
140 L3_131
141 L3_132
142 L3_133
143 L3_134
144 L3_135
145 L3_136
146 L3_137
147 L3_138
148 L3_139
149 L3_140
150 L3_140
151 L3_141
152 L3_142
153 L3_143
154 L3_144
155 L3_144
156 L3_145
157 L3_146
158 L3_147
159 L3_148
160 L3_149
161 L3_150
162 L3_151
163 L3_152
164 L3_153
165 L3_154
166 L3_155
167 L3_156
168 L3_157
169 L3_158
170 L3_159
171 L3_160
172 L3_161
173 L3_162
174 L3_4
175 L3_4
176 L3_163
177 L3_164
178 L3_165
179 L3_166
180 L3_167
181 L3_168
182 L3_169
183 L3_170
184 L3_171
185 L3_172
186 L3_173
187 L3_174
188 L3_175
189 L3_75
190 L3_176
191 L3_177
192 L3_178
193 L3_179
194 L3_180
195 L3_181
196 L3_182
197 L3_183
198 L3_184
199 L3_185
200 L3_186
201 L3_187
202 L3_188
203 L3_189
204 L3_190
205 L3_191
206 L3_192
207 L3_160
208 L3_193
209 L3_194
210 L3_195
211 L3_196
212 L3_197
213 L3_198
214 L3_199
215 L3_89
216 L3_200
217 L3_201
218 L3_202
219 L3_203
220 L3_204
221 L3_205
222 L3_206
223 L3_207
224 L3_208
225 L3_209
226 L3_210
227 L3_211
228 L3_212
229 L3_213
230 L3_214
231 L3_215
232 L3_216
233 L3_217
234 L3_218
235 L3_219
236 L3_61
237 L3_220
238 L3_221
239 L3_222
240 L3_223
241 L3_224
242 L3_225
243 L3_226
244 L3_227
245 L3_228
246 L3_229
247 L3_230
248 L3_231
249 L3_232
250 L3_233
251 L3_235
252 L3_76
253 L3_89
254 L3_208
255 L3_236
256 L3_237
257 L3_238
258 L3_239
259 L3_240
260 L3_241
261 L3_242
262 L3_234
263 L3_243
264 L3_244
265 L3_245
266 L3_246
267 L3_247
268 L3_248
269 L3_249
270 L3_250
