cluster_id,cluster_size
0,9
1,33
2,876
3,12
4,45
5,15
6,6
7,423
8,80
9,91
10,14
11,51
12,188
13,42
14,18
15,7
16,70
17,102
18,226
19,40
20,2
21,4
22,11
23,21
24,35
25,10
26,37
27,41
28,53
29,4
30,5
31,3
32,65
33,3
34,18
35,11
36,68
37,54
38,10
39,2
40,16
41,5
42,4
43,8
44,6
45,30
46,49
47,8
48,2
49,63
50,4
51,2
52,60
53,6
54,8
55,4
56,15
57,3
58,3
59,29
60,19
61,26
62,5
63,26
64,4
65,17
66,3
67,2
68,16
69,17
70,9
71,3
72,4
73,25
74,3
75,5
76,5
77,5
78,22
79,4
80,69
81,5
82,14
83,4
84,10
85,3
86,12
87,13
88,29
89,2
90,6
91,2
92,3
93,13
94,7
95,4
96,3
97,7
98,8
99,23
100,2
101,14
102,9
103,2
104,17
105,6
106,18
107,58
108,2
109,4
110,16
111,18
112,3
113,2
114,4
115,2
116,2
117,4
118,13
119,4
120,3
121,6
122,7
123,14
124,9
125,3
126,4
127,3
128,5
129,9
130,6
131,11
132,3
133,19
134,2
135,4
136,6
137,16
138,11
139,2
140,19
141,4
142,11
143,18
144,12
145,6
146,20
147,2
148,5
149,19
150,3
151,2
152,2
153,4
154,8
155,2
156,3
157,6
158,23
159,2
160,4
161,3
162,2
163,10
164,4
165,3
166,2
167,3
168,2
169,4
170,3
171,11
172,24
173,6
174,3
175,11
176,5
177,3
178,3
179,2
180,11
181,2
182,3
183,2
184,2
185,3
186,2
187,19
188,3
189,6
190,14
191,2
192,3
193,5
194,3
195,3
196,4
197,2
198,2
199,4
200,5
201,10
202,3
203,4
204,2
205,3
206,6
207,16
208,3
209,4
210,2
211,3
212,3
213,2
214,4
215,2
216,3
217,3
218,2
219,3
220,4
221,2
222,2
223,2
224,2
225,2
226,3
227,2
228,2
