cluster_id,cluster_size
0,9
1,28
2,182
3,5
4,18
5,15
6,5
7,8
8,13
9,66
10,122
11,42
12,26
13,14
14,45
15,113
16,39
17,4
18,18
19,4
20,47
21,160
22,39
23,150
24,62
25,2
26,17
27,13
28,3
29,2
30,4
31,39
32,10
33,80
34,21
35,31
36,14
37,10
38,35
39,41
40,42
41,4
42,5
43,3
44,21
45,3
46,11
47,46
48,36
49,4
50,8
51,27
52,2
53,18
54,11
55,4
56,4
57,71
58,16
59,44
60,8
61,6
62,29
63,29
64,15
65,48
66,7
67,2
68,50
69,42
70,70
71,2
72,4
73,52
74,32
75,6
76,8
77,4
78,15
79,3
80,3
81,22
82,18
83,8
84,19
85,16
86,3
87,2
88,11
89,4
90,16
91,8
92,2
93,2
94,10
95,7
96,2
97,3
98,9
99,11
100,3
101,4
102,6
103,18
104,3
105,10
106,4
107,5
108,11
109,5
110,4
111,7
112,21
113,4
114,4
115,2
116,3
117,6
118,44
119,5
120,4
121,3
122,9
123,13
124,6
125,6
126,8
127,3
128,3
129,10
130,3
131,12
132,4
133,9
134,29
135,3
136,2
137,3
138,6
139,5
140,2
141,3
142,2
143,3
144,12
145,7
146,4
147,3
148,7
149,7
150,3
151,14
152,2
153,21
154,15
155,6
156,18
157,23
158,11
159,2
160,28
161,33
162,4
163,4
164,2
165,3
166,16
167,14
168,3
169,5
170,10
171,32
172,2
173,93
174,2
175,4
176,8
177,2
178,8
179,4
180,6
181,5
182,8
183,4
184,2
185,3
186,8
187,2
188,9
189,5
190,5
191,30
192,12
193,4
194,4
195,2
196,3
197,5
198,3
199,5
200,12
201,2
202,5
203,4
204,5
205,3
206,3
207,10
208,2
209,4
210,3
211,6
212,8
213,21
214,8
215,18
216,23
217,10
218,15
219,8
220,7
221,2
222,10
223,9
224,4
225,4
226,8
227,5
228,10
229,8
230,4
231,3
232,3
233,10
234,15
235,2
236,3
237,11
238,3
239,2
240,2
241,4
242,3
243,7
244,5
245,2
246,5
247,3
248,13
249,4
250,5
251,4
252,15
253,2
254,3
255,4
256,22
257,4
258,3
259,2
260,2
261,5
262,3
263,3
264,2
265,3
266,3
267,2
268,4
269,17
270,3
271,3
272,2
273,10
274,5
275,11
276,5
277,21
278,8
279,3
280,4
281,3
282,2
283,4
284,4
285,3
286,9
287,5
288,5
289,5
290,3
291,3
292,5
293,2
294,11
295,5
296,9
297,5
298,2
299,12
300,3
301,2
302,2
303,3
304,2
305,16
306,4
307,3
308,3
309,4
310,6
311,11
312,2
313,3
314,5
315,3
316,12
317,2
318,2
319,2
320,3
321,4
322,4
323,2
324,2
325,10
326,3
327,4
328,2
329,6
330,3
331,6
332,2
333,16
334,2
335,2
336,3
337,2
338,4
339,2
340,3
341,2
342,12
343,2
344,3
345,4
346,2
347,3
348,3
349,5
350,3
351,2
352,3
353,2
354,2
355,3
356,2
357,4
358,2
359,2
360,2
361,4
362,2
363,2
364,3
365,2
366,2
367,3
368,3
369,2
370,2
