cluster_id,cluster_size
0,9
1,26
2,50
3,2
4,18
5,7
6,2
7,8
8,9
9,11
10,22
11,20
12,14
13,42
14,8
15,6
16,53
17,4
18,2
19,18
20,2
21,21
22,25
23,2
24,37
25,7
26,5
27,31
28,27
29,42
30,58
31,2
32,13
33,12
34,3
35,2
36,4
37,8
38,16
39,8
40,2
41,4
42,13
43,9
44,2
45,4
46,3
47,7
48,4
49,5
50,5
51,4
52,3
53,5
54,13
55,12
56,72
57,8
58,2
59,7
60,2
61,79
62,4
63,2
64,8
65,11
66,7
67,4
68,4
69,10
70,59
71,15
72,8
73,3
74,18
75,9
76,2
77,10
78,17
79,3
80,2
81,5
82,33
83,29
84,10
85,2
86,4
87,12
88,13
89,23
90,25
91,3
92,2
93,6
94,4
95,15
96,3
97,16
98,3
99,2
100,18
101,17
102,8
103,2
104,7
105,2
106,12
107,3
108,2
109,3
110,25
111,2
112,4
113,12
114,4
115,2
116,30
117,8
118,2
119,2
120,2
121,2
122,3
123,5
124,3
125,4
126,6
127,6
128,5
129,6
130,3
131,42
132,7
133,4
134,5
135,10
136,4
137,4
138,3
139,3
140,4
141,9
142,5
143,3
144,3
145,2
146,4
147,3
148,2
149,6
150,25
151,2
152,2
153,12
154,3
155,3
156,2
157,13
158,6
159,6
160,7
161,3
162,27
163,5
164,5
165,3
166,9
167,4
168,2
169,6
170,3
171,4
172,23
173,4
174,4
175,2
176,2
177,3
178,3
179,6
180,2
181,3
182,3
183,3
184,3
185,11
186,3
187,3
188,2
189,8
190,10
191,6
192,3
193,8
194,2
195,3
196,4
197,2
198,7
199,4
200,3
201,7
202,6
203,5
204,2
205,8
206,9
207,6
208,2
209,3
210,12
211,17
212,11
213,2
214,6
215,21
216,4
217,2
218,3
219,2
220,3
221,9
222,9
223,7
224,6
225,2
226,7
227,5
228,5
229,17
230,5
231,3
232,3
233,18
234,2
235,7
236,11
237,2
238,4
239,5
240,2
241,3
242,2
243,8
244,4
245,5
246,8
247,5
248,6
249,2
250,4
251,2
252,5
253,3
254,22
255,11
256,10
257,4
258,4
259,25
260,2
261,2
262,3
263,5
264,3
265,4
266,12
267,15
268,10
269,2
270,3
271,3
272,11
273,30
274,5
275,3
276,3
277,3
278,3
279,3
280,13
281,2
282,35
283,4
284,11
285,3
286,2
287,5
288,2
289,7
290,22
291,18
292,12
293,6
294,8
295,6
296,21
297,3
298,10
299,10
300,5
301,6
302,2
303,10
304,9
305,4
306,2
307,6
308,4
309,8
310,2
311,8
312,3
313,3
314,8
315,4
316,7
317,3
318,3
319,10
320,3
321,3
322,20
323,3
324,11
325,2
326,3
327,4
328,4
329,25
330,3
331,7
332,4
333,2
334,2
335,5
336,3
337,2
338,3
339,10
340,4
341,5
342,2
343,3
344,3
345,4
346,7
347,2
348,5
349,3
350,8
351,9
352,10
353,4
354,2
355,3
356,3
357,3
358,22
359,4
360,3
361,7
362,11
363,3
364,7
365,8
366,2
367,4
368,2
369,2
370,4
371,9
372,4
373,9
374,3
375,3
376,2
377,2
378,6
379,3
380,26
381,4
382,2
383,2
384,3
385,2
386,6
387,3
388,3
389,2
390,5
391,2
392,2
393,5
394,4
395,5
396,5
397,8
398,4
399,2
400,3
401,2
402,2
403,3
404,4
405,3
406,4
407,8
408,3
409,6
410,3
411,4
412,21
413,15
414,4
415,9
416,3
417,3
418,2
419,3
420,2
421,7
422,3
423,5
424,3
425,3
426,12
427,3
428,2
429,5
430,5
431,2
432,5
433,17
434,2
435,7
436,2
437,3
438,2
439,5
440,2
441,3
442,6
443,2
444,5
445,5
446,2
447,2
448,4
449,8
450,16
451,3
452,3
453,2
454,3
455,8
456,3
457,2
458,3
459,3
460,2
461,2
462,3
463,2
464,5
465,4
466,4
467,2
468,4
469,2
470,12
471,4
472,3
473,3
474,4
475,17
476,3
477,2
478,6
479,2
480,2
481,2
482,4
483,11
484,2
485,6
486,9
487,3
488,3
489,3
490,5
491,3
492,11
493,2
494,3
495,2
496,2
497,5
498,3
499,6
500,3
501,4
502,4
503,2
504,6
505,3
506,2
507,2
508,2
509,2
510,9
511,3
512,6
513,4
514,5
515,4
516,3
517,3
518,5
519,2
520,2
521,3
522,5
523,2
524,16
525,2
526,4
527,2
528,3
529,5
530,2
531,5
532,2
533,2
534,3
535,2
536,3
537,2
538,3
539,3
540,2
541,3
542,2
543,10
544,5
545,6
546,2
547,5
548,4
549,3
550,6
551,3
552,2
553,2
554,5
555,5
556,2
557,3
558,6
559,3
560,6
561,2
562,2
563,3
564,6
565,3
566,2
567,2
568,2
569,2
570,2
571,3
572,6
573,2
574,4
575,2
576,3
577,2
578,3
579,2
580,3
581,2
582,2
583,3
584,2
585,2
586,2
587,2
588,4
589,2
590,2
591,3
592,2
593,2
594,2
595,3
596,2
597,4
598,2
599,2
600,2
601,2
602,2
603,2
604,3
605,3
606,2
607,3
608,3
609,3
610,2
611,4
612,2
613,2
