cluster_id,cluster_size
0,9
1,33
2,277
3,6
4,21
5,15
6,6
7,226
8,42
9,60
10,14
11,47
12,134
13,42
14,18
15,4
16,98
17,188
18,209
19,70
20,18
21,217
22,35
23,2
24,4
25,42
26,11
27,83
28,21
29,31
30,15
31,10
32,37
33,41
34,42
35,4
36,5
37,3
38,21
39,3
40,3
41,11
42,64
43,38
44,8
45,8
46,28
47,2
48,16
49,5
50,4
51,8
52,6
53,30
54,30
55,48
56,8
57,2
58,63
59,2
60,4
61,53
62,6
63,8
64,4
65,15
66,4
67,3
68,29
69,18
70,8
71,19
72,16
73,5
74,25
75,4
76,16
77,8
78,3
79,2
80,10
81,2
82,3
83,9
84,16
85,3
86,4
87,24
88,3
89,11
90,5
91,5
92,11
93,5
94,22
95,4
96,4
97,2
98,4
99,6
100,62
101,5
102,4
103,3
104,9
105,13
106,14
107,3
108,3
109,10
110,3
111,12
112,4
113,9
114,4
115,29
116,2
117,6
118,2
119,2
120,3
121,13
122,7
123,4
124,3
125,7
126,8
127,4
128,14
129,9
130,2
131,17
132,6
133,18
134,23
135,11
136,2
137,2
138,28
139,4
140,16
141,18
142,3
143,6
144,2
145,94
146,2
147,4
148,2
149,4
150,5
151,8
152,4
153,2
154,5
155,6
156,5
157,8
158,9
159,3
160,32
161,12
162,4
163,2
164,3
165,5
166,3
167,6
168,12
169,6
170,5
171,5
172,3
173,19
174,2
175,4
176,6
177,8
178,28
179,8
180,18
181,23
182,10
183,16
184,8
185,7
186,2
187,19
188,4
189,11
190,10
191,12
192,6
193,3
194,10
195,15
196,2
197,5
198,12
199,3
200,2
201,2
202,4
203,8
204,2
205,5
206,3
207,6
208,6
209,4
210,15
211,3
212,23
213,2
214,4
215,3
216,2
217,10
218,3
219,3
220,2
221,3
222,3
223,2
224,4
225,3
226,3
227,2
228,17
229,5
230,11
231,24
232,8
233,4
234,6
235,3
236,4
237,10
238,5
239,5
240,3
241,3
242,5
243,2
244,11
245,2
246,3
247,2
248,2
249,3
250,2
251,16
252,3
253,6
254,14
255,2
256,3
257,5
258,3
259,3
260,4
261,2
262,2
263,2
264,4
265,3
266,2
267,10
268,3
269,4
270,2
271,3
272,6
273,16
274,3
275,4
276,2
277,3
278,2
279,12
280,2
281,3
282,4
283,2
284,3
285,2
286,3
287,2
288,3
289,4
290,2
291,2
292,2
293,2
294,2
295,2
296,3
297,2
298,2
