cluster_id,cluster_size
0,9
1,32
2,268
3,6
4,21
5,15
6,6
7,210
8,42
9,60
10,14
11,47
12,113
13,39
14,8
15,18
16,4
17,98
18,183
19,209
20,70
21,18
22,14
23,35
24,2
25,4
26,42
27,11
28,83
29,21
30,31
31,15
32,10
33,37
34,41
35,42
36,4
37,5
38,3
39,21
40,3
41,3
42,11
43,64
44,116
45,38
46,4
47,8
48,28
49,2
50,11
51,5
52,4
53,66
54,8
55,6
56,29
57,30
58,15
59,48
60,8
61,2
62,58
63,2
64,4
65,53
66,6
67,8
68,4
69,15
70,4
71,3
72,29
73,18
74,8
75,19
76,16
77,4
78,2
79,19
80,4
81,16
82,8
83,3
84,2
85,10
86,2
87,3
88,9
89,16
90,3
91,4
92,6
93,18
94,3
95,11
96,4
97,5
98,11
99,5
100,7
101,21
102,4
103,4
104,2
105,3
106,6
107,62
108,5
109,4
110,3
111,9
112,13
113,6
114,14
115,3
116,3
117,10
118,3
119,12
120,4
121,9
122,4
123,29
124,2
125,6
126,5
127,2
128,2
129,3
130,13
131,7
132,4
133,3
134,7
135,8
136,4
137,14
138,2
139,21
140,17
141,6
142,18
143,23
144,11
145,2
146,28
147,4
148,16
149,18
150,3
151,5
152,2
153,94
154,2
155,4
156,2
157,4
158,6
159,5
160,8
161,4
162,2
163,2
164,6
165,3
166,3
167,8
168,2
169,9
170,5
171,32
172,12
173,4
174,2
175,3
176,5
177,3
178,5
179,12
180,6
181,5
182,5
183,3
184,3
185,19
186,2
187,4
188,3
189,6
190,8
191,21
192,8
193,18
194,23
195,10
196,16
197,8
198,7
199,2
200,19
201,7
202,4
203,11
204,10
205,12
206,3
207,3
208,10
209,15
210,2
211,4
212,12
213,3
214,2
215,2
216,4
217,8
218,2
219,5
220,3
221,6
222,5
223,4
224,15
225,3
226,22
227,2
228,4
229,3
230,2
231,10
232,3
233,3
234,2
235,3
236,3
237,2
238,4
239,3
240,3
241,2
242,13
243,5
244,11
245,5
246,24
247,8
248,3
249,6
250,3
251,4
252,4
253,3
254,10
255,5
256,5
257,3
258,3
259,5
260,2
261,11
262,2
263,3
264,2
265,2
266,3
267,2
268,16
269,4
270,3
271,6
272,14
273,2
274,3
275,5
276,3
277,3
278,4
279,2
280,2
281,2
282,4
283,4
284,2
285,2
286,10
287,3
288,4
289,2
290,3
291,6
292,16
293,3
294,4
295,2
296,3
297,2
298,12
299,2
300,3
301,4
302,2
303,5
304,3
305,2
306,3
307,2
308,3
309,4
310,2
311,2
312,2
313,2
314,2
315,2
316,3
317,3
318,2
319,2
