cluster_id,cluster_size
0,9
1,33
2,277
3,12
4,25
5,15
6,6
7,253
8,80
9,60
10,14
11,50
12,145
13,42
14,18
15,7
16,98
17,397
18,70
19,102
20,225
21,40
22,2
23,4
24,54
25,11
26,21
27,31
28,15
29,10
30,37
31,41
32,53
33,4
34,5
35,3
36,21
37,3
38,18
39,11
40,68
41,38
42,8
43,8
44,28
45,2
46,16
47,5
48,4
49,8
50,6
51,34
52,30
53,49
54,8
55,2
56,63
57,2
58,54
59,6
60,8
61,4
62,15
63,4
64,3
65,29
66,18
67,8
68,19
69,17
70,5
71,25
72,4
73,108
74,17
75,8
76,3
77,2
78,12
79,5
80,9
81,16
82,3
83,4
84,24
85,3
86,5
87,5
88,11
89,5
90,22
91,4
92,2
93,4
94,62
95,5
96,3
97,9
98,13
99,14
100,3
101,10
102,3
103,12
104,4
105,9
106,4
107,29
108,2
109,6
110,2
111,2
112,3
113,13
114,7
115,4
116,3
117,7
118,8
119,23
120,14
121,9
122,2
123,17
124,6
125,18
126,52
127,11
128,2
129,2
130,4
131,16
132,18
133,3
134,6
135,2
136,4
137,2
138,2
139,4
140,13
141,4
142,2
143,5
144,6
145,5
146,8
147,9
148,3
149,32
150,12
151,4
152,3
153,5
154,3
155,6
156,6
157,5
158,5
159,3
160,19
161,2
162,4
163,6
164,18
165,16
166,7
167,2
168,19
169,4
170,11
171,10
172,12
173,6
174,3
175,10
176,20
177,2
178,5
179,12
180,3
181,2
182,2
183,4
184,8
185,2
186,6
187,3
188,6
189,4
190,3
191,23
192,2
193,4
194,3
195,2
196,10
197,4
198,3
199,2
200,3
201,2
202,4
203,6
204,2
205,11
206,24
207,8
208,6
209,3
210,4
211,11
212,5
213,3
214,3
215,5
216,2
217,11
218,2
219,3
220,2
221,2
222,3
223,2
224,16
225,3
226,6
227,14
228,2
229,3
230,5
231,3
232,3
233,4
234,2
235,2
236,2
237,4
238,3
239,2
240,10
241,3
242,4
243,2
244,3
245,6
246,16
247,3
248,4
249,2
250,3
251,2
252,12
253,2
254,3
255,4
256,2
257,3
258,3
259,2
260,3
261,4
262,2
263,2
264,2
265,2
266,2
267,2
268,3
269,2
270,2
