cluster_id,cluster_size
0,22
1,230
2,2696
3,13
4,15
5,15
6,68
7,48
8,6
9,11
10,44
11,46
12,41
13,4
14,9
15,3
16,26
17,25
18,57
19,19
20,19
21,12
22,10
23,30
24,51
25,66
26,63
27,30
28,11
29,4
30,15
31,45
32,5
33,21
34,2
35,2
36,9
37,8
38,5
39,84
40,14
41,4
42,10
43,3
44,2
45,2
46,3
47,13
48,4
49,3
50,7
51,8
52,23
53,2
54,2
55,2
56,7
57,17
58,18
59,3
60,2
61,2
62,5
63,13
64,4
65,23
66,27
67,4
68,12
69,11
70,23
71,2
72,4
73,2
74,15
75,2
76,12
77,34
78,44
79,3
80,5
81,3
82,7
83,2
84,4
85,3
86,10
87,4
88,2
89,24
90,3
91,5
92,3
93,3
94,2
95,6
96,3
97,2
98,2
99,19
100,2
101,5
102,5
103,4
104,2
105,3
106,6
107,16
108,3
109,3
110,2
111,6
112,2
113,3
114,3
115,2
116,2
117,2
118,2
