cluster_id,cluster_size
0,45
1,230
2,2833
3,13
4,15
5,15
6,68
7,48
8,6
9,11
10,44
11,46
12,41
13,4
14,9
15,3
16,26
17,25
18,57
19,19
20,19
21,12
22,10
23,51
24,66
25,65
26,30
27,11
28,4
29,15
30,5
31,21
32,2
33,2
34,9
35,8
36,5
37,84
38,14
39,4
40,13
41,2
42,2
43,3
44,13
45,4
46,3
47,7
48,8
49,2
50,2
51,2
52,17
53,3
54,2
55,2
56,5
57,13
58,4
59,27
60,4
61,11
62,23
63,2
64,4
65,2
66,15
67,2
68,12
69,34
70,47
71,3
72,5
73,3
74,7
75,2
76,4
77,3
78,10
79,4
80,24
81,3
82,5
83,3
84,2
85,6
86,3
87,2
88,2
89,19
90,2
91,5
92,5
93,4
94,2
95,3
96,6
97,16
98,3
99,3
100,2
101,6
102,2
103,3
104,3
105,2
106,2
107,2
108,2
