cluster_id,cluster_size
0,9
1,26
2,124
3,3
4,18
5,15
6,3
7,8
8,13
9,36
10,110
11,42
12,20
13,14
14,45
15,16
16,88
17,29
18,4
19,18
20,4
21,47
22,51
23,100
24,19
25,39
26,144
27,61
28,2
29,17
30,13
31,3
32,2
33,4
34,39
35,9
36,80
37,20
38,3
39,4
40,14
41,3
42,24
43,10
44,8
45,41
46,41
47,4
48,5
49,20
50,3
51,11
52,14
53,8
54,3
55,8
56,27
57,2
58,18
59,11
60,4
61,4
62,71
63,15
64,3
65,8
66,6
67,28
68,23
69,7
70,12
71,22
72,7
73,50
74,38
75,69
76,2
77,4
78,29
79,46
80,29
81,5
82,8
83,4
84,15
85,3
86,3
87,20
88,17
89,8
90,3
91,7
92,12
93,16
94,3
95,2
96,10
97,4
98,30
99,16
100,6
101,2
102,2
103,10
104,2
105,2
106,2
107,9
108,11
109,3
110,4
111,6
112,6
113,12
114,3
115,10
116,4
117,5
118,11
119,5
120,4
121,6
122,9
123,5
124,4
125,4
126,2
127,3
128,2
129,6
130,28
131,2
132,2
133,12
134,4
135,3
136,9
137,13
138,6
139,6
140,8
141,3
142,27
143,3
144,10
145,3
146,12
147,4
148,3
149,6
150,29
151,3
152,4
153,4
154,2
155,3
156,3
157,6
158,3
159,5
160,3
161,2
162,10
163,6
164,3
165,2
166,3
167,5
168,7
169,7
170,4
171,3
172,7
173,6
174,3
175,14
176,2
177,9
178,12
179,2
180,6
181,12
182,19
183,11
184,2
185,19
186,24
187,4
188,3
189,2
190,3
191,16
192,10
193,3
194,5
195,9
196,4
197,2
198,45
199,2
200,4
201,8
202,2
203,8
204,4
205,6
206,5
207,8
208,4
209,2
210,3
211,8
212,4
213,4
214,22
215,12
216,9
217,6
218,10
219,4
220,4
221,2
222,31
223,3
224,5
225,3
226,4
227,12
228,2
229,2
230,4
231,3
232,5
233,3
234,3
235,10
236,2
237,2
238,38
239,3
240,3
241,6
242,7
243,47
244,18
245,8
246,18
247,23
248,3
249,10
250,15
251,8
252,7
253,2
254,10
255,9
256,4
257,8
258,2
259,10
260,8
261,4
262,3
263,3
264,10
265,2
266,11
267,24
268,2
269,3
270,11
271,3
272,2
273,2
274,4
275,3
276,7
277,5
278,2
279,5
280,3
281,13
282,4
283,5
284,4
285,15
286,2
287,3
288,4
289,22
290,4
291,2
292,3
293,2
294,2
295,5
296,3
297,3
298,2
299,8
300,3
301,26
302,4
303,2
304,4
305,16
306,3
307,3
308,2
309,8
310,5
311,11
312,5
313,21
314,8
315,2
316,3
317,4
318,3
319,2
320,4
321,3
322,4
323,4
324,24
325,5
326,3
327,2
328,5
329,5
330,5
331,4
332,3
333,3
334,5
335,2
336,3
337,10
338,5
339,8
340,16
341,4
342,2
343,11
344,3
345,2
346,3
347,2
348,2
349,3
350,2
351,5
352,2
353,4
354,3
355,3
356,3
357,4
358,6
359,4
360,11
361,2
362,3
363,3
364,5
365,3
366,12
367,3
368,2
369,2
370,2
371,2
372,3
373,4
374,4
375,2
376,2
377,2
378,10
379,3
380,4
381,11
382,3
383,2
384,6
385,5
386,2
387,16
388,2
389,2
390,2
391,3
392,4
393,2
394,3
395,3
396,2
397,9
398,2
399,3
400,4
401,2
402,3
403,3
404,5
405,5
406,3
407,4
408,2
409,2
410,3
411,2
412,2
413,2
414,2
415,2
416,3
417,2
418,4
419,2
420,2
421,2
422,2
423,4
424,2
425,3
426,2
427,2
428,3
429,2
430,4
431,2
432,2
433,3
434,3
435,2
436,3
437,2
