cluster_id,cluster_size
0,9
1,98
2,902
3,12
4,45
5,15
6,6
7,425
8,80
9,149
10,14
11,51
12,214
13,42
14,19
15,7
16,70
17,102
18,232
19,40
20,2
21,4
22,11
23,21
24,38
25,10
26,37
27,41
28,53
29,4
30,5
31,3
32,3
33,25
34,11
35,74
36,54
37,10
38,2
39,16
40,5
41,4
42,8
43,6
44,30
45,49
46,8
47,63
48,4
49,2
50,60
51,12
52,8
53,4
54,15
55,3
56,29
57,22
58,5
59,26
60,4
61,17
62,3
63,2
64,16
65,17
66,9
67,3
68,44
69,5
70,5
71,5
72,22
73,4
74,69
75,5
76,14
77,4
78,10
79,3
80,33
81,2
82,6
83,2
84,3
85,13
86,4
87,3
88,7
89,8
90,23
91,2
92,14
93,9
94,2
95,17
96,18
97,2
98,4
99,16
100,18
101,3
102,2
103,4
104,2
105,2
106,4
107,13
108,4
109,3
110,6
111,7
112,14
113,10
114,3
115,4
116,3
117,5
118,9
119,6
120,11
121,3
122,19
123,2
124,4
125,2
126,6
127,16
128,11
129,2
130,19
131,4
132,11
133,18
134,12
135,6
136,31
137,2
138,5
139,3
140,2
141,2
142,4
143,8
144,2
145,3
146,6
147,23
148,2
149,4
150,3
151,2
152,10
153,4
154,2
155,3
156,2
157,4
158,3
159,11
160,24
161,3
162,11
163,5
164,3
165,3
166,2
167,2
168,3
169,2
170,2
171,3
172,2
173,19
174,3
175,6
176,14
177,2
178,5
179,3
180,5
181,3
182,3
183,4
184,2
185,2
186,4
187,5
188,10
189,3
190,4
191,2
192,3
193,6
194,16
195,3
196,4
197,2
198,3
199,3
200,2
201,4
202,2
203,3
204,3
205,2
206,3
207,2
208,2
209,2
210,2
211,2
212,3
213,2
