cluster_id,cluster_size
0,9
1,33
2,786
3,12
4,42
5,15
6,6
7,261
8,80
9,71
10,14
11,51
12,149
13,42
14,18
15,7
16,70
17,102
18,225
19,40
20,2
21,4
22,54
23,11
24,21
25,35
26,18
27,10
28,37
29,41
30,53
31,4
32,5
33,3
34,21
35,3
36,18
37,11
38,68
39,38
40,10
41,28
42,2
43,16
44,5
45,4
46,8
47,6
48,34
49,30
50,49
51,8
52,2
53,63
54,4
55,2
56,54
57,6
58,8
59,4
60,15
61,3
62,3
63,29
64,26
65,19
66,17
67,5
68,26
69,4
70,108
71,17
72,9
73,3
74,2
75,16
76,17
77,9
78,16
79,3
80,4
81,25
82,3
83,5
84,5
85,11
86,5
87,22
88,4
89,69
90,5
91,9
92,14
93,4
94,10
95,3
96,12
97,13
98,29
99,2
100,6
101,2
102,2
103,3
104,13
105,7
106,4
107,3
108,7
109,8
110,23
111,2
112,14
113,9
114,2
115,17
116,6
117,18
118,52
119,2
120,2
121,4
122,16
123,18
124,3
125,6
126,2
127,4
128,2
129,2
130,4
131,13
132,4
133,2
134,5
135,6
136,5
137,8
138,9
139,3
140,44
141,4
142,3
143,5
144,9
145,6
146,6
147,5
148,3
149,19
150,2
151,4
152,6
153,18
154,16
155,7
156,2
157,19
158,4
159,11
160,18
161,12
162,6
163,20
164,2
165,5
166,12
167,3
168,2
169,2
170,4
171,8
172,2
173,6
174,3
175,6
176,3
177,23
178,2
179,4
180,3
181,2
182,10
183,4
184,3
185,2
186,3
187,2
188,4
189,6
190,2
191,11
192,24
193,6
194,3
195,4
196,11
197,5
198,3
199,3
200,2
201,11
202,2
203,3
204,2
205,2
206,3
207,2
208,19
209,3
210,6
211,14
212,2
213,3
214,5
215,3
216,3
217,4
218,2
219,2
220,4
221,3
222,2
223,10
224,3
225,4
226,2
227,3
228,6
229,16
230,3
231,4
232,2
233,3
234,3
235,2
236,4
237,2
238,3
239,3
240,2
241,3
242,4
243,2
244,2
245,2
246,2
247,2
248,3
249,2
250,2
