cluster_id,cluster_size
0,11
1,202
2,1170
3,12
4,53
5,15
6,6
7,674
8,259
9,14
10,51
11,43
12,7
13,103
14,40
15,2
16,4
17,11
18,38
19,10
20,41
21,41
22,53
23,4
24,9
25,3
26,25
27,11
28,76
29,54
30,19
31,5
32,4
33,8
34,6
35,30
36,49
37,66
38,60
39,12
40,8
41,4
42,15
43,3
44,29
45,25
46,5
47,27
48,21
49,17
50,3
51,2
52,16
53,9
54,3
55,44
56,5
57,5
58,5
59,22
60,69
61,5
62,14
63,4
64,10
65,3
66,33
67,2
68,6
69,2
70,3
71,13
72,4
73,3
74,7
75,8
76,23
77,2
78,14
79,9
80,2
81,17
82,18
83,2
84,4
85,17
86,18
87,3
88,2
89,5
90,2
91,2
92,5
93,13
94,4
95,3
96,6
97,9
98,14
99,10
100,4
101,9
102,5
103,11
104,19
105,2
106,4
107,2
108,16
109,11
110,2
111,11
112,18
113,12
114,6
115,31
116,3
117,5
118,3
119,2
120,3
121,4
122,8
123,2
124,7
125,23
126,2
127,4
128,3
129,10
130,2
131,3
132,2
133,4
134,3
135,2
136,11
137,24
138,3
139,11
140,5
141,3
142,3
143,2
144,2
145,3
146,2
147,2
148,3
149,2
150,19
151,3
152,14
153,2
154,5
155,3
156,5
157,4
158,2
159,3
160,4
161,5
162,3
163,2
164,3
165,6
166,16
167,3
168,4
169,3
170,2
171,4
172,2
173,3
174,3
175,3
176,3
177,2
178,2
179,2
180,2
181,2
182,3
