cluster_id,cluster_size
0,9
1,26
2,56
3,2
4,18
5,7
6,3
7,8
8,13
9,14
10,23
11,22
12,20
13,14
14,43
15,8
16,6
17,69
18,4
19,4
20,18
21,2
22,36
23,25
24,43
25,7
26,9
27,39
28,46
29,61
30,58
31,2
32,17
33,12
34,3
35,2
36,4
37,85
38,12
39,9
40,58
41,8
42,2
43,4
44,13
45,2
46,4
47,3
48,7
49,5
50,4
51,5
52,9
53,3
54,5
55,13
56,8
57,3
58,7
59,6
60,80
61,5
62,2
63,8
64,6
65,12
66,7
67,4
68,4
69,69
70,15
71,3
72,8
73,5
74,19
75,9
76,2
77,11
78,20
79,3
80,9
81,15
82,38
83,42
84,10
85,2
86,4
87,12
88,13
89,23
90,29
91,5
92,7
93,4
94,15
95,3
96,16
97,3
98,3
99,20
100,17
101,8
102,3
103,2
104,16
105,3
106,2
107,9
108,4
109,28
110,16
111,5
112,2
113,33
114,10
115,2
116,2
117,2
118,3
119,5
120,3
121,4
122,6
123,6
124,8
125,6
126,3
127,7
128,4
129,5
130,11
131,5
132,4
133,3
134,3
135,4
136,9
137,5
138,4
139,4
140,2
141,4
142,3
143,2
144,6
145,27
146,2
147,2
148,12
149,4
150,3
151,2
152,13
153,6
154,6
155,7
156,3
157,27
158,5
159,5
160,3
161,11
162,4
163,3
164,6
165,3
166,4
167,27
168,4
169,2
170,2
171,3
172,3
173,6
174,3
175,3
176,5
177,3
178,3
179,2
180,8
181,23
182,6
183,3
184,2
185,3
186,5
187,2
188,7
189,4
190,3
191,7
192,6
193,6
194,2
195,8
196,9
197,12
198,2
199,3
200,12
201,17
202,3
203,11
204,2
205,6
206,21
207,2
208,3
209,2
210,3
211,20
212,9
213,7
214,6
215,3
216,5
217,5
218,31
219,3
220,31
221,2
222,18
223,2
224,4
225,6
226,2
227,4
228,2
229,8
230,4
231,5
232,5
233,8
234,4
235,2
236,3
237,8
238,4
239,4
240,22
241,11
242,9
243,10
244,4
245,4
246,2
247,28
248,3
249,3
250,5
251,3
252,4
253,12
254,21
255,2
256,3
257,3
258,31
259,5
260,3
261,8
262,3
263,3
264,3
265,10
266,2
267,37
268,6
269,11
270,3
271,3
272,5
273,2
274,22
275,34
276,6
277,8
278,17
279,21
280,3
281,10
282,15
283,5
284,7
285,2
286,10
287,9
288,4
289,8
290,2
291,9
292,6
293,8
294,4
295,8
296,3
297,3
298,10
299,3
300,5
301,21
302,2
303,3
304,11
305,2
306,4
307,25
308,3
309,7
310,4
311,2
312,2
313,5
314,3
315,3
316,10
317,4
318,5
319,4
320,7
321,2
322,8
323,2
324,3
325,8
326,9
327,10
328,4
329,3
330,3
331,22
332,13
333,3
334,7
335,8
336,2
337,4
338,2
339,2
340,2
341,5
342,9
343,3
344,3
345,2
346,2
347,3
348,26
349,4
350,2
351,2
352,4
353,2
354,6
355,3
356,3
357,2
358,5
359,2
360,2
361,5
362,11
363,5
364,8
365,2
366,3
367,2
368,2
369,5
370,4
371,3
372,4
373,14
374,8
375,4
376,24
377,15
378,4
379,3
380,3
381,7
382,5
383,5
384,5
385,3
386,12
387,2
388,5
389,5
390,2
391,5
392,17
393,4
394,3
395,3
396,5
397,2
398,3
399,6
400,5
401,5
402,5
403,8
404,16
405,3
406,2
407,3
408,9
409,2
410,3
411,2
412,2
413,3
414,5
415,4
416,2
417,4
418,3
419,3
420,27
421,3
422,2
423,6
424,2
425,2
426,11
427,2
428,6
429,9
430,3
431,3
432,3
433,5
434,3
435,12
436,2
437,3
438,2
439,2
440,6
441,3
442,4
443,4
444,2
445,6
446,4
447,2
448,2
449,2
450,10
451,3
452,6
453,4
454,11
455,3
456,3
457,5
458,2
459,3
460,3
461,5
462,2
463,16
464,2
465,2
466,2
467,3
468,5
469,2
470,3
471,2
472,3
473,3
474,3
475,9
476,4
477,10
478,2
479,4
480,3
481,3
482,2
483,5
484,5
485,2
486,3
487,6
488,3
489,4
490,3
491,2
492,2
493,3
494,3
495,2
496,2
497,2
498,2
499,2
500,2
501,3
502,2
503,2
504,4
505,2
506,2
507,2
508,2
509,2
510,2
511,4
512,2
513,3
514,2
515,2
516,2
517,3
518,2
519,4
520,2
521,2
522,2
523,2
524,2
525,3
526,3
527,2
528,3
529,2
530,3
531,3
532,2
533,4
534,2
