cluster_id,cluster_diam
0,8
1,15
2,61
3,2
4,13
5,14
6,2
7,7
8,10
9,22
10,43
11,35
12,11
13,13
14,22
15,10
16,30
17,23
18,3
19,12
20,3
21,41
22,22
23,38
24,17
25,24
26,88
27,32
28,1
29,9
30,7
31,2
32,1
33,3
34,20
35,8
36,51
37,18
38,2
39,3
40,9
41,2
42,15
43,7
44,7
45,23
46,28
47,3
48,2
49,15
50,2
51,10
52,8
53,6
54,2
55,6
56,25
57,1
58,15
59,10
60,3
61,3
62,32
63,14
64,2
65,5
66,5
67,15
68,17
69,6
70,10
71,12
72,5
73,44
74,24
75,23
76,1
77,2
78,21
79,28
80,20
81,4
82,6
83,3
84,8
85,2
86,2
87,16
88,14
89,6
90,2
91,6
92,10
93,12
94,2
95,1
96,7
97,3
98,19
99,15
100,5
101,1
102,1
103,7
104,1
105,1
106,1
107,8
108,7
109,2
110,3
111,3
112,5
113,8
114,2
115,8
116,3
117,4
118,10
119,4
120,3
121,5
122,8
123,4
124,3
125,3
126,1
127,2
128,1
129,5
130,18
131,1
132,1
133,10
134,3
135,2
136,7
137,11
138,4
139,5
140,7
141,2
142,13
143,2
144,8
145,2
146,11
147,3
148,2
149,4
150,19
151,2
152,3
153,3
154,1
155,2
156,2
157,5
158,2
159,4
160,2
161,1
162,9
163,5
164,2
165,1
166,2
167,4
168,5
169,6
170,3
171,2
172,5
173,5
174,2
175,12
176,1
177,8
178,10
179,1
180,4
181,9
182,14
183,9
184,1
185,15
186,16
187,3
188,2
189,1
190,2
191,15
192,9
193,2
194,4
195,7
196,2
197,1
198,29
199,1
200,3
201,7
202,1
203,7
204,3
205,4
206,4
207,7
208,3
209,1
210,2
211,6
212,3
213,3
214,17
215,10
216,8
217,5
218,9
219,3
220,3
221,1
222,22
223,2
224,4
225,2
226,3
227,10
228,1
229,1
230,3
231,2
232,4
233,2
234,2
235,7
236,1
237,1
238,14
239,2
240,2
241,4
242,6
243,29
244,15
245,7
246,11
247,20
248,2
249,9
250,13
251,6
252,5
253,1
254,8
255,7
256,2
257,5
258,1
259,8
260,5
261,3
262,2
263,2
264,9
265,1
266,10
267,15
268,1
269,2
270,9
271,2
272,1
273,1
274,2
275,2
276,6
277,4
278,1
279,3
280,2
281,12
282,3
283,4
284,2
285,10
286,1
287,2
288,3
289,11
290,3
291,1
292,2
293,1
294,1
295,4
296,2
297,2
298,1
299,5
300,2
301,13
302,3
303,1
304,2
305,12
306,2
307,2
308,1
309,6
310,4
311,9
312,4
313,18
314,6
315,1
316,2
317,3
318,2
319,1
320,3
321,2
322,3
323,3
324,13
325,4
326,2
327,1
328,4
329,4
330,4
331,3
332,2
333,2
334,4
335,1
336,2
337,9
338,4
339,7
340,11
341,2
342,1
343,8
344,2
345,1
346,2
347,1
348,1
349,2
350,1
351,4
352,1
353,3
354,2
355,2
356,2
357,3
358,4
359,3
360,10
361,1
362,2
363,2
364,4
365,2
366,10
367,2
368,1
369,1
370,1
371,1
372,2
373,3
374,3
375,1
376,1
377,1
378,8
379,2
380,3
381,10
382,2
383,1
384,5
385,4
386,1
387,15
388,1
389,1
390,1
391,2
392,3
393,1
394,2
395,2
396,1
397,8
398,1
399,2
400,3
401,1
402,2
403,2
404,4
405,4
406,2
407,3
408,1
409,1
410,2
411,1
412,1
413,1
414,1
415,1
416,2
417,1
418,3
419,1
420,1
421,1
422,1
423,3
424,1
425,2
426,1
427,1
428,2
429,1
430,3
431,1
432,1
433,2
434,2
435,1
436,2
437,1
