cluster_id,cluster_diam
0,8
1,20
2,240
3,10
4,28
5,14
6,5
7,142
8,65
9,55
10,13
11,25
12,71
13,35
14,12
15,6
16,32
17,63
18,97
19,27
20,1
21,3
22,10
23,19
24,17
25,7
26,20
27,23
28,37
29,3
30,2
31,2
32,47
33,2
34,11
35,10
36,43
37,38
38,9
39,1
40,14
41,4
42,3
43,5
44,5
45,21
46,25
47,6
48,1
49,36
50,3
51,1
52,27
53,5
54,6
55,3
56,8
57,2
58,2
59,20
60,17
61,21
62,4
63,19
64,3
65,15
66,2
67,1
68,9
69,11
70,8
71,2
72,3
73,18
74,2
75,4
76,4
77,4
78,19
79,3
80,34
81,4
82,13
83,3
84,8
85,2
86,11
87,6
88,19
89,1
90,5
91,1
92,2
93,10
94,6
95,3
96,2
97,5
98,7
99,15
100,1
101,12
102,8
103,1
104,12
105,4
106,13
107,40
108,1
109,3
110,15
111,17
112,2
113,1
114,3
115,1
116,1
117,3
118,12
119,3
120,2
121,5
122,6
123,9
124,6
125,2
126,3
127,2
128,4
129,8
130,5
131,10
132,2
133,16
134,1
135,3
136,4
137,13
138,9
139,1
140,16
141,3
142,7
143,15
144,9
145,5
146,18
147,1
148,4
149,15
150,2
151,1
152,1
153,2
154,7
155,1
156,2
157,5
158,12
159,1
160,3
161,2
162,1
163,9
164,3
165,2
166,1
167,2
168,1
169,2
170,2
171,9
172,21
173,5
174,2
175,8
176,4
177,2
178,2
179,1
180,10
181,1
182,2
183,1
184,1
185,2
186,1
187,15
188,2
189,4
190,13
191,1
192,2
193,4
194,2
195,2
196,3
197,1
198,1
199,3
200,4
201,8
202,2
203,3
204,1
205,2
206,5
207,8
208,2
209,3
210,1
211,2
212,2
213,1
214,3
215,1
216,2
217,2
218,1
219,2
220,3
221,1
222,1
223,1
224,1
225,1
226,2
227,1
228,1
