cluster_id,cluster_diam
0,9
1,25
2,1
3,6
4,6
5,3
6,5
7,10
8,13
9,8
10,13
11,24
12,2
13,2
14,3
15,1
16,7
17,1
18,6
19,11
20,1
21,5
22,19
23,5
24,4
25,6
26,9
27,9
28,12
29,3
30,13
31,14
32,2
33,1
34,5
35,5
36,2
37,1
38,5
39,5
40,6
41,1
42,1
43,1
44,6
45,3
46,2
47,6
48,1
49,2
50,1
51,2
52,4
53,6
54,30
55,6
56,1
57,1
58,9
59,2
60,1
61,4
62,8
63,6
64,3
65,3
66,2
67,5
68,26
69,7
70,4
71,8
72,3
73,4
74,5
75,1
76,1
77,4
78,7
79,4
80,5
81,1
82,2
83,2
84,9
85,10
86,12
87,1
88,4
89,3
90,11
91,2
92,11
93,1
94,2
95,3
96,9
97,6
98,3
99,1
100,2
101,8
102,2
103,1
104,2
105,14
106,1
107,3
108,11
109,3
110,1
111,3
112,2
113,4
114,1
115,1
116,1
117,1
118,2
119,3
120,3
121,4
122,2
123,2
124,2
125,8
126,13
127,5
128,3
129,4
130,2
131,3
132,3
133,1
134,2
135,7
136,5
137,3
138,2
139,2
140,1
141,3
142,1
143,1
144,1
145,10
146,1
147,1
148,7
149,1
150,1
151,5
152,8
153,4
154,4
155,4
156,2
157,2
158,4
159,2
160,1
161,1
162,3
163,3
164,1
165,1
166,2
167,3
168,11
169,3
170,3
171,1
172,1
173,2
174,2
175,8
176,2
177,5
178,1
179,1
180,1
181,5
182,8
183,1
184,18
185,21
186,2
187,1
188,3
189,2
190,1
191,5
192,5
193,3
194,1
195,4
196,1
197,1
198,3
199,6
200,3
201,2
202,3
203,5
204,1
205,6
206,6
207,1
208,1
209,2
210,7
211,12
212,5
213,3
214,2
215,1
216,4
217,1
218,13
219,2
220,1
221,1
222,2
223,7
224,8
225,6
226,2
227,1
228,6
229,4
230,4
231,6
232,3
233,2
234,2
235,8
236,1
237,1
238,5
239,8
240,1
241,3
242,3
243,2
244,3
245,3
246,3
247,4
248,6
249,4
250,3
251,1
252,1
253,3
254,2
255,1
256,5
257,5
258,22
259,1
260,8
261,2
262,1
263,1
264,1
265,1
266,6
267,2
268,1
269,1
270,6
271,1
272,2
273,4
274,1
275,3
276,10
277,2
278,9
279,1
280,2
281,10
282,23
283,1
284,1
285,2
286,2
287,2
288,9
289,4
290,1
291,1
292,10
293,1
294,5
295,2
296,1
297,2
298,1
299,3
300,5
301,6
302,8
303,3
304,13
305,8
306,3
307,3
308,5
309,9
310,3
311,1
312,2
313,6
314,2
315,4
316,4
317,6
318,2
319,1
320,4
321,3
322,5
323,1
324,6
325,2
326,1
327,5
328,3
329,5
330,2
331,2
332,4
333,1
334,1
335,10
336,5
337,8
338,2
339,9
340,2
341,4
342,3
343,2
344,1
345,6
346,2
347,1
348,3
349,1
350,2
351,6
352,5
353,3
354,2
355,4
356,1
357,1
358,2
359,2
360,3
361,4
362,1
363,1
364,2
365,4
366,2
367,5
368,3
369,1
370,2
371,3
372,1
373,2
374,2
375,1
376,15
377,3
378,2
379,5
380,5
381,1
382,8
383,4
384,1
385,1
386,1
387,1
388,2
389,7
390,1
391,1
392,1
393,4
394,2
395,5
396,10
397,1
398,1
399,1
400,1
401,17
402,3
403,1
404,4
405,1
406,1
407,3
408,1
409,1
410,1
411,3
412,1
413,1
414,3
415,4
416,2
417,1
418,4
419,3
420,3
421,5
422,6
423,4
424,2
425,4
426,5
427,1
428,2
429,1
430,7
431,2
432,6
433,1
434,1
435,2
436,3
437,2
438,1
439,1
440,3
441,2
442,3
443,2
444,2
445,2
446,2
447,2
448,1
449,1
450,13
451,1
452,3
453,2
454,8
455,2
456,2
457,2
458,2
459,1
460,1
461,2
462,6
463,11
464,2
465,4
466,2
467,3
468,1
469,2
470,9
471,4
472,4
473,4
474,1
475,3
476,2
477,1
478,4
479,4
480,12
481,18
482,5
483,1
484,3
485,1
486,2
487,1
488,3
489,1
490,2
491,1
492,3
493,4
494,1
495,7
496,5
497,1
498,2
499,1
500,2
501,1
502,3
503,1
504,2
505,1
506,1
507,5
508,1
509,2
510,2
511,3
512,2
513,1
514,1
515,7
516,4
517,2
518,2
519,1
520,2
521,1
522,7
523,3
524,2
525,1
526,3
527,9
528,3
529,7
530,2
531,1
532,4
533,1
534,1
535,1
536,3
537,7
538,2
539,10
540,1
541,3
542,5
543,2
544,6
545,2
546,2
547,4
548,2
549,3
550,4
551,2
552,1
553,3
554,2
555,2
556,8
557,3
558,7
559,4
560,3
561,1
562,8
563,1
564,1
565,1
566,7
567,4
568,2
569,5
570,3
571,6
572,2
573,13
574,3
575,4
576,2
577,1
578,4
579,5
580,1
581,3
582,1
583,2
584,1
585,2
586,8
587,7
588,5
589,2
590,5
591,3
592,1
593,5
594,4
595,1
596,2
597,1
598,2
599,2
600,3
601,2
602,1
603,10
604,2
605,2
606,1
607,2
608,4
609,1
610,2
611,15
612,2
613,1
614,1
615,3
616,2
617,1
618,3
619,1
620,1
621,1
622,2
623,1
624,4
625,1
626,2
627,1
628,2
629,1
630,1
631,1
632,5
633,1
634,4
635,2
636,1
637,1
638,4
639,1
640,4
641,4
642,4
643,2
644,3
645,5
646,2
647,3
648,3
649,1
650,2
651,2
652,2
653,1
654,1
655,4
656,4
657,1
658,4
659,2
660,1
661,3
662,2
663,3
664,1
665,1
666,1
667,2
668,1
669,3
670,4
671,2
672,1
673,5
674,1
675,1
676,1
677,1
678,1
679,1
680,1
681,2
682,2
683,2
684,3
685,4
686,5
687,2
688,1
689,3
690,1
691,5
692,2
693,3
694,3
695,2
696,1
697,1
698,2
699,1
700,2
701,2
702,3
703,1
704,1
705,1
706,2
707,2
708,1
709,1
710,3
711,1
712,1
713,1
714,1
715,1
716,1
717,3
718,1
719,1
720,1
721,1
722,1
723,1
724,1
725,2
726,1
727,2
728,1
729,1
730,1
731,1
732,3
733,2
734,1
735,1
736,2
737,1
738,2
739,1
740,1
741,1
742,2
743,1
744,1
745,2
746,1
747,1
748,1
749,2
750,1
751,1
752,1
753,1
754,1
755,2
756,1
757,2
758,1
759,1
760,1
761,1
762,3
763,1
764,1
765,1
766,1
767,1
768,1
769,1
770,1
