cluster_id,cluster_diam
0,1
1,3
2,1
3,1
4,4
5,3
6,6
7,9
8,1
9,1
10,5
11,3
12,2
13,1
14,3
15,6
16,8
17,1
18,3
19,5
20,3
21,2
22,1
23,5
24,3
25,1
26,1
27,1
28,1
29,4
30,2
31,2
32,2
33,1
34,2
35,2
36,1
37,6
38,1
39,2
40,1
41,1
42,3
43,2
44,5
45,2
46,1
47,1
48,1
49,2
50,4
51,1
52,5
53,26
54,4
55,4
56,1
57,4
58,1
59,2
60,3
61,4
62,1
63,4
64,1
65,1
66,2
67,5
68,6
69,2
70,6
71,3
72,2
73,2
74,2
75,1
76,1
77,1
78,1
79,2
80,3
81,2
82,2
83,1
84,1
85,1
86,9
87,2
88,4
89,1
90,1
91,1
92,1
93,7
94,1
95,3
96,2
97,2
98,1
99,1
100,1
101,1
102,1
103,8
104,4
105,4
106,2
107,2
108,1
109,3
110,1
111,1
112,1
113,1
114,1
115,1
116,1
117,3
118,1
119,2
120,1
121,4
122,2
123,2
124,1
125,4
126,6
127,1
128,3
129,2
130,1
131,1
132,1
133,4
134,1
135,1
136,1
137,1
138,2
139,2
140,1
141,2
142,2
143,4
144,1
145,3
146,3
147,1
148,1
149,5
150,11
151,2
152,2
153,1
154,1
155,11
156,1
157,1
158,2
159,3
160,1
161,3
162,2
163,1
164,1
165,4
166,4
167,1
168,4
169,1
170,1
171,2
172,1
173,1
174,1
175,1
176,1
177,3
178,4
179,4
180,3
181,4
182,1
183,4
184,3
185,8
186,1
187,1
188,2
189,1
190,1
191,2
192,1
193,1
194,2
195,1
196,2
197,1
198,1
199,1
200,2
201,2
202,2
203,2
204,1
205,2
206,5
207,6
208,2
209,2
210,1
211,5
212,1
213,1
214,10
215,2
216,1
217,2
218,1
219,9
220,3
221,3
222,2
223,1
224,2
225,2
226,3
227,1
228,1
229,5
230,2
231,4
232,4
233,4
234,2
235,1
236,1
237,3
238,4
239,3
240,1
241,4
242,2
243,1
244,4
245,2
246,1
247,2
248,5
249,2
250,1
251,1
252,1
253,1
254,6
255,1
256,3
257,1
258,2
259,1
260,1
261,1
262,2
263,1
264,1
265,2
266,4
267,3
268,1
269,2
270,2
271,3
272,1
273,2
274,2
275,1
276,2
277,3
278,1
279,1
280,1
281,3
282,2
283,2
284,2
285,6
286,4
287,1
288,1
289,4
290,1
291,3
292,1
293,2
294,1
295,2
296,4
297,1
298,1
299,4
300,2
301,6
302,1
303,1
304,13
305,3
306,1
307,2
308,1
309,13
310,2
311,1
312,3
313,1
314,2
315,1
316,1
317,2
318,1
319,1
320,1
321,5
322,4
323,3
324,1
325,2
326,2
327,1
328,5
329,1
330,2
331,1
332,7
333,3
334,4
335,1
336,1
337,1
338,1
339,1
340,1
341,1
342,1
343,14
344,2
345,2
346,3
347,2
348,1
349,2
350,3
351,2
352,1
353,1
354,2
355,4
356,1
357,2
358,3
359,2
360,1
361,2
362,2
363,1
364,2
365,2
366,1
367,1
368,2
369,1
370,2
371,2
372,4
373,3
374,4
375,4
376,3
377,1
378,8
379,1
380,1
381,1
382,1
383,2
384,9
385,5
386,1
387,4
388,2
389,1
390,1
391,5
392,3
393,2
394,1
395,4
396,3
397,4
398,1
399,4
400,2
401,10
402,5
403,4
404,3
405,1
406,4
407,3
408,1
409,1
410,1
411,1
412,2
413,1
414,1
415,2
416,4
417,1
418,5
419,1
420,1
421,4
422,1
423,4
424,3
425,2
426,2
427,4
428,3
429,1
430,1
431,4
432,4
433,2
434,2
435,1
436,1
437,5
438,2
439,2
440,2
441,7
442,2
443,1
444,7
445,1
446,1
447,3
448,1
449,1
450,1
451,1
452,3
453,1
454,2
455,1
456,1
457,1
458,3
459,5
460,1
461,1
462,3
463,2
464,4
465,1
466,10
467,1
468,3
469,2
470,4
471,1
472,1
473,2
474,2
475,2
476,1
477,2
478,2
479,1
480,2
481,3
482,2
483,1
484,2
485,2
486,4
487,4
488,3
489,1
490,1
491,3
492,5
493,1
494,1
495,1
496,2
497,2
498,3
499,2
500,1
501,2
502,2
503,2
504,2
505,1
506,2
507,1
508,1
509,4
510,1
511,1
512,1
513,1
514,6
515,2
516,2
517,2
518,4
519,2
520,1
521,2
522,4
523,1
524,3
525,11
526,5
527,5
528,1
529,3
530,3
531,1
532,3
533,1
534,2
535,1
536,2
537,2
538,3
539,1
540,1
541,1
542,1
543,2
544,1
545,1
546,1
547,1
548,5
549,1
550,1
551,1
552,1
553,1
554,1
555,2
556,1
557,2
558,4
559,2
560,3
561,2
562,2
563,1
564,1
565,1
566,10
567,2
568,5
569,1
570,1
571,1
572,4
573,1
574,2
575,1
576,1
577,2
578,3
579,2
580,3
581,3
582,2
583,2
584,1
585,1
586,1
587,2
588,2
589,1
590,3
591,1
592,2
593,1
594,2
595,2
596,2
597,1
598,2
599,1
600,1
601,3
602,1
603,5
604,1
605,3
606,4
607,1
608,1
609,2
610,2
611,2
612,8
613,1
614,4
615,1
616,1
617,1
618,3
619,5
620,1
621,3
622,1
623,1
624,2
625,1
626,2
627,2
628,1
629,1
630,1
631,4
632,1
633,1
634,2
635,2
636,2
637,2
638,3
639,3
640,2
641,2
642,2
643,1
644,1
645,2
646,3
647,1
648,1
649,1
650,1
651,1
652,2
653,1
654,1
655,1
656,1
657,1
658,1
659,3
660,1
661,1
662,4
663,1
664,1
665,1
666,1
667,1
668,1
669,1
670,1
671,1
672,1
673,3
674,3
675,5
676,2
677,1
678,2
679,4
680,3
681,2
682,3
683,1
684,4
685,1
686,1
687,2
688,1
689,1
690,4
691,3
692,1
693,1
694,2
695,2
696,3
697,3
698,2
699,1
700,1
701,1
702,1
703,2
704,2
705,1
706,1
707,1
708,2
709,1
710,2
711,1
712,2
713,2
714,3
715,2
716,1
717,1
718,1
719,1
720,2
721,1
722,7
723,3
724,1
725,1
726,2
727,1
728,2
729,1
730,1
731,1
732,1
733,1
734,1
735,1
736,1
737,1
738,1
739,1
740,1
741,1
742,1
743,2
744,1
745,1
746,1
747,1
748,1
749,1
750,1
751,2
752,2
753,1
754,1
755,2
756,1
757,1
758,1
759,3
760,1
761,1
762,1
763,1
764,1
765,2
766,1
767,1
768,1
769,2
770,1
771,1
772,2
773,2
774,1
775,1
776,1
777,1
778,1
779,2
780,1
781,1
782,1
783,1
784,2
785,1
786,1
787,2
788,1
789,2
790,1
791,1
792,1
793,2
794,1
795,1
796,1
797,2
798,1
799,1
800,1
801,3
802,2
803,2
804,1
805,1
806,1
807,1
808,1
809,1
810,1
811,1
812,1
813,1
814,1
815,3
816,1
817,1
818,1
819,1
820,1
821,1
822,1
823,1
