cluster_id,cluster_diam
0,10
1,85
2,283
3,10
4,28
5,14
6,5
7,156
8,144
9,13
10,25
11,30
12,6
13,63
14,27
15,1
16,3
17,10
18,17
19,7
20,21
21,23
22,37
23,3
24,6
25,2
26,17
27,10
28,45
29,38
30,17
31,4
32,3
33,5
34,5
35,21
36,25
37,36
38,27
39,10
40,6
41,3
42,8
43,2
44,20
45,20
46,4
47,20
48,15
49,15
50,2
51,1
52,9
53,8
54,2
55,32
56,4
57,4
58,4
59,19
60,34
61,4
62,13
63,3
64,8
65,2
66,21
67,1
68,5
69,1
70,2
71,10
72,3
73,2
74,5
75,7
76,15
77,1
78,12
79,8
80,1
81,12
82,13
83,1
84,3
85,15
86,17
87,2
88,1
89,4
90,1
91,1
92,4
93,12
94,3
95,2
96,5
97,8
98,9
99,7
100,3
101,6
102,4
103,10
104,16
105,1
106,3
107,1
108,13
109,9
110,1
111,7
112,15
113,9
114,5
115,24
116,2
117,4
118,2
119,1
120,2
121,2
122,7
123,1
124,6
125,12
126,1
127,3
128,2
129,9
130,1
131,2
132,1
133,2
134,2
135,1
136,9
137,21
138,2
139,8
140,4
141,2
142,2
143,1
144,1
145,2
146,1
147,1
148,2
149,1
150,15
151,2
152,13
153,1
154,4
155,2
156,4
157,3
158,1
159,2
160,3
161,4
162,2
163,1
164,2
165,5
166,8
167,2
168,3
169,2
170,1
171,3
172,1
173,2
174,2
175,2
176,2
177,1
178,1
179,1
180,1
181,1
182,2
