cluster_id,cluster_diam
0,17
1,100
2,405
3,11
4,14
5,13
6,31
7,44
8,35
9,5
10,10
11,18
12,22
13,23
14,3
15,6
16,2
17,17
18,24
19,38
20,17
21,16
22,9
23,7
24,21
25,25
26,36
27,28
28,23
29,6
30,3
31,8
32,2
33,26
34,4
35,15
36,1
37,1
38,8
39,7
40,4
41,34
42,13
43,3
44,8
45,2
46,1
47,5
48,1
49,2
50,10
51,3
52,2
53,5
54,7
55,15
56,1
57,1
58,1
59,6
60,15
61,17
62,2
63,1
64,1
65,1
66,4
67,12
68,3
69,15
70,15
71,3
72,6
73,10
74,20
75,1
76,3
77,1
78,14
79,9
80,1
81,8
82,28
83,24
84,2
85,4
86,2
87,2
88,6
89,1
90,3
91,2
92,9
93,2
94,1
95,2
96,1
97,9
98,21
99,2
100,9
101,4
102,2
103,2
104,1
105,2
106,5
107,1
108,1
109,15
110,2
111,1
112,4
113,4
114,3
115,1
116,2
117,3
118,1
119,5
120,8
121,2
122,2
123,1
124,1
125,4
126,2
127,2
128,1
129,1
130,1
131,1
132,1
