cluster_id,cluster_diam
0,8
1,20
2,244
3,10
4,28
5,14
6,5
7,105
8,65
9,44
10,13
11,25
12,44
13,35
14,12
15,6
16,32
17,63
18,97
19,27
20,1
21,3
22,30
23,10
24,19
25,17
26,12
27,7
28,20
29,23
30,37
31,3
32,2
33,2
34,16
35,2
36,11
37,10
38,43
39,25
40,9
41,26
42,1
43,14
44,4
45,3
46,5
47,5
48,18
49,21
50,25
51,6
52,1
53,36
54,3
55,1
56,23
57,5
58,6
59,3
60,8
61,2
62,2
63,20
64,21
65,17
66,13
67,4
68,19
69,3
70,47
71,15
72,8
73,2
74,1
75,9
76,11
77,8
78,12
79,2
80,3
81,18
82,2
83,4
84,4
85,10
86,4
87,19
88,3
89,34
90,4
91,7
92,13
93,3
94,8
95,2
96,11
97,10
98,19
99,1
100,5
101,1
102,1
103,2
104,10
105,6
106,3
107,2
108,5
109,7
110,15
111,1
112,12
113,8
114,1
115,12
116,4
117,13
118,40
119,1
120,1
121,3
122,15
123,17
124,2
125,5
126,1
127,3
128,1
129,1
130,3
131,12
132,3
133,1
134,4
135,5
136,4
137,6
138,7
139,2
140,30
141,3
142,2
143,4
144,8
145,5
146,5
147,4
148,2
149,16
150,1
151,3
152,4
153,11
154,13
155,5
156,1
157,16
158,3
159,7
160,15
161,9
162,5
163,18
164,1
165,4
166,10
167,2
168,1
169,1
170,2
171,7
172,1
173,4
174,2
175,5
176,2
177,12
178,1
179,3
180,2
181,1
182,9
183,3
184,2
185,1
186,2
187,1
188,2
189,5
190,1
191,9
192,21
193,5
194,2
195,3
196,8
197,4
198,2
199,2
200,1
201,10
202,1
203,2
204,1
205,1
206,2
207,1
208,15
209,2
210,4
211,13
212,1
213,2
214,4
215,2
216,2
217,3
218,1
219,1
220,3
221,2
222,1
223,8
224,2
225,3
226,1
227,2
228,5
229,8
230,2
231,3
232,1
233,2
234,2
235,1
236,3
237,1
238,2
239,2
240,1
241,2
242,3
243,1
244,1
245,1
246,1
247,1
248,2
249,1
250,1
