cluster_id,cluster_diam
0,8
1,15
2,45
3,1
4,13
5,6
6,1
7,7
8,8
9,10
10,18
11,11
12,13
13,31
14,6
15,3
16,18
17,3
18,1
19,12
20,1
21,14
22,19
23,1
24,16
25,5
26,4
27,17
28,20
29,28
30,31
31,1
32,6
33,7
34,2
35,1
36,3
37,7
38,15
39,6
40,1
41,3
42,9
43,8
44,1
45,3
46,2
47,6
48,3
49,2
50,4
51,3
52,2
53,4
54,7
55,8
56,37
57,6
58,1
59,6
60,1
61,31
62,3
63,1
64,6
65,10
66,6
67,3
68,3
69,8
70,26
71,14
72,5
73,2
74,13
75,8
76,1
77,9
78,12
79,2
80,1
81,4
82,24
83,13
84,6
85,1
86,2
87,11
88,9
89,15
90,16
91,2
92,1
93,4
94,3
95,8
96,2
97,8
98,2
99,1
100,14
101,14
102,6
103,1
104,6
105,1
106,9
107,2
108,1
109,2
110,16
111,1
112,3
113,11
114,3
115,1
116,22
117,6
118,1
119,1
120,1
121,1
122,2
123,4
124,2
125,3
126,3
127,5
128,3
129,5
130,2
131,33
132,5
133,3
134,4
135,9
136,3
137,3
138,2
139,2
140,2
141,8
142,4
143,2
144,2
145,1
146,3
147,2
148,1
149,5
150,17
151,1
152,1
153,10
154,2
155,2
156,1
157,11
158,4
159,5
160,6
161,2
162,13
163,3
164,4
165,2
166,8
167,3
168,1
169,4
170,2
171,3
172,13
173,3
174,3
175,1
176,1
177,2
178,2
179,5
180,1
181,2
182,2
183,2
184,2
185,7
186,2
187,2
188,1
189,7
190,6
191,5
192,2
193,7
194,1
195,2
196,3
197,1
198,6
199,3
200,2
201,5
202,5
203,4
204,1
205,7
206,8
207,4
208,1
209,2
210,9
211,13
212,9
213,1
214,5
215,13
216,2
217,1
218,2
219,1
220,2
221,7
222,8
223,6
224,5
225,1
226,6
227,4
228,4
229,16
230,4
231,2
232,2
233,14
234,1
235,6
236,8
237,1
238,3
239,4
240,1
241,2
242,1
243,7
244,3
245,4
246,6
247,4
248,5
249,1
250,3
251,1
252,3
253,2
254,17
255,10
256,9
257,3
258,3
259,22
260,1
261,1
262,2
263,4
264,2
265,3
266,10
267,8
268,9
269,1
270,2
271,2
272,10
273,27
274,4
275,2
276,2
277,2
278,2
279,2
280,12
281,1
282,12
283,3
284,8
285,2
286,1
287,3
288,1
289,6
290,21
291,14
292,8
293,4
294,7
295,5
296,20
297,2
298,9
299,8
300,4
301,4
302,1
303,8
304,7
305,2
306,1
307,4
308,3
309,5
310,1
311,6
312,2
313,2
314,5
315,3
316,5
317,2
318,2
319,9
320,2
321,2
322,11
323,2
324,9
325,1
326,2
327,3
328,2
329,15
330,2
331,6
332,2
333,1
334,1
335,3
336,2
337,1
338,2
339,9
340,3
341,4
342,1
343,2
344,2
345,2
346,4
347,1
348,4
349,2
350,7
351,5
352,7
353,3
354,1
355,2
356,2
357,2
358,20
359,3
360,2
361,6
362,8
363,2
364,5
365,7
366,1
367,3
368,1
369,1
370,3
371,7
372,3
373,6
374,2
375,2
376,1
377,1
378,5
379,2
380,18
381,3
382,1
383,1
384,2
385,1
386,3
387,2
388,2
389,1
390,3
391,1
392,1
393,4
394,3
395,4
396,4
397,6
398,3
399,1
400,2
401,1
402,1
403,2
404,3
405,2
406,3
407,7
408,2
409,5
410,2
411,3
412,13
413,12
414,3
415,8
416,2
417,2
418,1
419,2
420,1
421,5
422,2
423,4
424,2
425,2
426,9
427,2
428,1
429,4
430,4
431,1
432,4
433,12
434,1
435,4
436,1
437,2
438,1
439,4
440,1
441,2
442,5
443,1
444,4
445,4
446,1
447,1
448,3
449,7
450,11
451,2
452,2
453,1
454,2
455,7
456,2
457,1
458,2
459,2
460,1
461,1
462,2
463,1
464,4
465,3
466,2
467,1
468,3
469,1
470,11
471,3
472,2
473,2
474,3
475,13
476,2
477,1
478,4
479,1
480,1
481,1
482,3
483,10
484,1
485,5
486,6
487,2
488,2
489,2
490,4
491,2
492,9
493,1
494,2
495,1
496,1
497,4
498,2
499,5
500,2
501,3
502,3
503,1
504,5
505,2
506,1
507,1
508,1
509,1
510,7
511,2
512,5
513,3
514,4
515,3
516,2
517,2
518,4
519,1
520,1
521,2
522,4
523,1
524,15
525,1
526,3
527,1
528,2
529,4
530,1
531,3
532,1
533,1
534,2
535,1
536,2
537,1
538,2
539,2
540,1
541,2
542,1
543,9
544,4
545,5
546,1
547,4
548,3
549,2
550,5
551,2
552,1
553,1
554,4
555,4
556,1
557,2
558,4
559,2
560,5
561,1
562,1
563,2
564,5
565,2
566,1
567,1
568,1
569,1
570,1
571,2
572,5
573,1
574,3
575,1
576,2
577,1
578,2
579,1
580,2
581,1
582,1
583,2
584,1
585,1
586,1
587,1
588,3
589,1
590,1
591,2
592,1
593,1
594,1
595,2
596,1
597,3
598,1
599,1
600,1
601,1
602,1
603,1
604,2
605,2
606,1
607,2
608,2
609,2
610,1
611,3
612,1
613,1
