cluster_id,cluster_diam
0,8
1,20
2,90
3,4
4,13
5,14
6,5
7,87
8,35
9,34
10,13
11,22
12,39
13,35
14,12
15,3
16,61
17,55
18,120
19,32
20,10
21,90
22,22
23,1
24,3
25,20
26,10
27,51
28,19
29,15
30,9
31,7
32,20
33,23
34,28
35,3
36,2
37,2
38,16
39,2
40,2
41,10
42,43
43,25
44,7
45,6
46,26
47,1
48,14
49,4
50,3
51,5
52,5
53,17
54,21
55,25
56,6
57,1
58,36
59,1
60,2
61,28
62,5
63,6
64,3
65,8
66,3
67,2
68,20
69,14
70,6
71,17
72,12
73,4
74,19
75,3
76,15
77,7
78,2
79,1
80,7
81,1
82,2
83,8
84,12
85,2
86,3
87,17
88,2
89,8
90,4
91,4
92,10
93,4
94,19
95,3
96,3
97,1
98,3
99,5
100,30
101,4
102,3
103,2
104,7
105,11
106,13
107,2
108,2
109,8
110,2
111,11
112,3
113,7
114,2
115,19
116,1
117,5
118,1
119,1
120,2
121,10
122,6
123,3
124,2
125,5
126,7
127,3
128,12
129,8
130,1
131,12
132,4
133,13
134,17
135,9
136,1
137,1
138,24
139,3
140,15
141,17
142,2
143,5
144,1
145,47
146,1
147,3
148,1
149,3
150,4
151,7
152,3
153,1
154,4
155,5
156,4
157,6
158,7
159,2
160,20
161,10
162,3
163,1
164,2
165,4
166,2
167,5
168,10
169,5
170,4
171,4
172,2
173,16
174,1
175,3
176,4
177,7
178,23
179,7
180,11
181,20
182,9
183,13
184,6
185,5
186,1
187,16
188,3
189,7
190,8
191,9
192,5
193,2
194,9
195,13
196,1
197,4
198,10
199,2
200,1
201,1
202,2
203,7
204,1
205,3
206,2
207,5
208,5
209,2
210,10
211,2
212,12
213,1
214,3
215,2
216,1
217,9
218,2
219,2
220,1
221,2
222,2
223,1
224,2
225,2
226,2
227,1
228,11
229,4
230,9
231,21
232,6
233,3
234,5
235,2
236,3
237,8
238,4
239,4
240,2
241,2
242,4
243,1
244,10
245,1
246,2
247,1
248,1
249,2
250,1
251,15
252,2
253,4
254,13
255,1
256,2
257,4
258,2
259,2
260,3
261,1
262,1
263,1
264,3
265,2
266,1
267,8
268,2
269,3
270,1
271,2
272,5
273,8
274,2
275,3
276,1
277,2
278,1
279,11
280,1
281,2
282,3
283,1
284,2
285,1
286,2
287,1
288,2
289,3
290,1
291,1
292,1
293,1
294,1
295,1
296,2
297,1
298,1
