node_id,cluster_id
6866516260,0
2453947051,0
4211515660,0
8787384683,0
1832666032,0
1637578546,0
8787692633,0
8787692634,0
104315,0
1236791552,1
4076126468,1
9781435148,1
9805219989,1
25509527,1
25509533,1
1236791459,1
9856119617,1
7946372933,1
7946372934,1
7946372935,1
7946372936,1
7946372937,1
7946372938,1
7946372939,1
7946372940,1
7946372941,1
7946372942,1
9197589455,1
9197589454,1
9197589457,1
5516594509,1
3644748768,1
1596648673,1
4076126448,1
3817308659,1
3817308660,1
104318,1
6369329152,2
6369329153,2
373364225,2
25504769,2
373364228,2
1236791297,2
6369329161,2
6369329162,2
6369329163,2
6369329164,2
3518967818,2
6369329166,2
6369329167,2
6369329169,2
1311962130,2
3497483291,2
7926506525,2
7926506526,2
7926506527,2
7926506529,2
7926506530,2
7926506531,2
7926506532,2
1726730281,2
319984684,2
2398924845,2
24951856,2
5475684917,2
367104392,2
1678452791,2
9310662201,2
9310662202,2
1311962169,2
1678452795,2
1678452796,2
1678452797,2
1678452799,2
1678452793,2
1678452802,2
1726730307,2
1311962182,2
2387213896,2
2387213899,2
441958990,2
2387213902,2
441958992,2
2387213904,2
9855343702,2
25632855,2
25632856,2
25632857,2
25632858,2
25632862,2
4870281310,2
1215563870,2
25577057,2
18468962,2
1215563875,2
2140421220,2
2140421219,2
1215563878,2
1215563879,2
18468966,2
2140421222,2
2140421223,2
2140421224,2
1215563894,2
1215563895,2
107641,2
107646,2
107647,2
1215563903,2
5342251136,2
373364868,2
373364870,2
25503880,2
373364874,2
3519879307,2
7617755275,2
3965024397,2
373364878,2
3965024398,2
3965024399,2
25503885,2
7617755274,2
973158035,2
7607080091,2
107684,2
107687,2
4922952362,2
8785457867,2
1707790029,2
1236791506,2
1054045407,2
1311961826,2
1707790052,2
1707790062,2
4329502449,2
7553887498,2
8868824843,2
1054045453,2
1163954964,2
7553887509,2
4072476959,2
5006978853,2
8868824870,2
8868824871,2
5006978855,2
5006978856,2
5006978857,2
5973627687,2
7610670906,2
7610670913,2
9781311299,2
7610670919,2
7610670921,2
3816097104,2
8336028504,2
8336028505,2
9856119643,2
8336028508,2
8336028509,2
8336028510,2
8336028507,2
25500517,2
1081508200,2
1793420652,2
1835356021,2
1771426165,2
25500535,2
4860803960,2
4860803961,2
1649365881,2
1268892541,2
1771426174,2
9024139134,2
104320,2
9024139135,2
9024139138,2
9024139136,2
9024139137,2
2466445190,2
1311961991,2
9024139143,2
9024139144,2
9024139145,2
9024139147,2
9024139148,2
9024139146,2
9024139149,2
9024139150,2
25504143,2
5114681227,2
5114681230,2
25504144,2
957122446,2
4378043789,2
4378043283,2
10572178,2
1311962013,2
20965794,2
20965796,2
20965797,2
20965803,2
1726730162,2
1726730165,2
1163955130,2
747893184,2
316763590,2
316763595,2
4328443355,2
7223709662,2
7223709664,2
1311962082,2
7223709668,2
7223709669,2
3644748774,2
1311962089,2
7223728617,2
2466442731,2
7607077361,2
7607077372,2
104321,3
24951853,3
4922952373,3
9856119641,3
268997562,3
104322,4
1718233922,4
8869435268,4
1718233957,4
1718328198,4
1718233994,4
5046005790,4
7553887409,4
2140227862,4
1771426166,4
25161368,4
7553887415,4
7836155866,4
7836164763,4
7836164764,4
1771426173,4
1684511838,4
8438226815,4
4167762779,5
104323,5
8429225386,5
8429706219,5
8429795032,5
295977520,5
6110191186,5
4167762777,5
8429774517,5
4167762776,5
8429795033,5
8429795034,5
8429795035,5
3855607516,5
1237883773,5
107584,6
30056310,6
251892950,6
3847023130,6
3847023131,6
107585,7
27460259,7
1312471271,7
4864083785,7
1493722804,7
1312471222,7
6218501751,7
1312471193,7
1312188768,8
107586,8
8043350341,8
8318757606,8
8318757605,8
4835109000,8
255678213,8
1312188619,8
9808795601,8
4726152850,8
8043350325,8
4726152854,8
4726152857,8
21523714,9
21523715,9
1678245252,9
3145798533,9
4726152840,9
4835109001,9
4726152844,9
1678283238,9
4726152847,9
4726152848,9
1312454038,9
3215685153,9
1312471208,9
1312454068,9
1782717878,9
4430996023,9
5342236733,9
9694087358,9
30056255,9
3247932481,9
4688513218,9
107587,9
9694087364,9
9694087365,9
8976060358,9
3247932486,9
9694087363,9
9694087362,9
4864083784,9
6465896909,9
4195103055,9
6218501713,9
6218501715,9
3816097108,9
4688513237,9
30056277,9
3816097109,9
3816097110,9
4688513241,9
6218501717,9
6470264536,9
6470264535,9
471488469,9
9781190366,9
9781190367,9
9781190368,9
6218501757,9
3381130086,9
3381130087,9
109415,9
3381130089,9
3381130090,9
3381130091,9
3381130092,9
1678283244,9
1678283242,9
1678283247,9
6218501740,9
6218501746,9
7797330549,9
25248120,9
2203268985,9
25248122,9
25248123,9
25248124,9
3381130493,9
1365887500,10
7657257518,10
2218344498,10
2218344501,10
2218344503,10
2218344505,10
2218344508,10
2218344509,10
2218344510,10
2218344511,10
107588,10
2218344516,10
2218344518,10
2218344522,10
2218340965,10
2218348156,10
2218364541,10
2218364543,10
10677376,10
1497452171,10
2961557,10
9710332576,10
9710332577,10
3715515059,10
4866807989,10
5218862786,10
4866705606,10
7223326407,10
7223326408,10
7223326409,10
7223326410,10
7223326411,10
9021504716,10
7223326413,10
7223326414,10
9781190369,10
3499500263,10
1939558646,10
1939558647,10
1939558648,10
7223365368,10
1939558650,10
7223365371,10
1939558651,10
1939558649,10
7223365370,10
7223365372,10
1939558655,10
1939558657,10
24659709,10
1939558659,10
1939558660,10
1939558661,10
1939558663,10
1939558664,10
1939558666,10
1939558667,10
1939558671,10
1939558672,10
1939558673,10
1939558674,10
2538458898,10
1939558677,10
1939558678,10
1939558681,10
2195965722,10
1939558684,10
1046391070,10
1939558687,10
3139705121,10
2793904931,10
1939558697,10
1939558700,10
1939558701,10
9021535020,10
1939558704,10
8579522887,10
1951616327,10
5925584203,10
5925584204,10
3816097106,10
3816097107,10
24950101,10
24950102,10
24950104,10
24950105,10
357999964,10
4866976610,10
4866976611,10
4866976613,10
4866976614,10
109416,10
4866976617,10
25248112,10
25248115,10
25248119,10
2297373047,10
8869435258,10
25248127,10
25248128,10
9030155653,10
8807431559,10
8807431560,10
1312188821,10
1312264600,10
2387224474,10
2387224475,10
5095547321,10
2218362306,10
2218362310,10
2218362314,10
2218362316,10
2218362321,10
1312188886,10
2218362332,10
1733389278,10
2218362336,10
2218362849,10
1731216865,10
212916714,10
5473274866,10
4866784251,10
5269678593,11
5977954180,11
2612458244,11
9673091207,11
9673091208,11
9690975243,11
9690975244,11
9690975245,11
9673091214,11
9673091213,11
1312932879,11
3987750677,11
3850146457,11
3987750684,11
3987750685,11
3987750686,11
3987750687,11
3987750688,11
6110164641,11
4210859292,11
3987750692,11
9673189925,11
9673189926,11
6110164647,11
6110164649,11
6110164650,11
6110164659,11
6110164660,11
7900888377,11
4534184507,11
1233350847,11
107602,11
6110191188,11
1312932832,11
7644741345,11
7644741346,11
9703827555,11
7644741351,11
377490664,11
9080123628,11
1312932849,11
7900888437,11
5816743941,12
5816743942,12
5816743945,12
5816743947,12
5816743949,12
5816743950,12
8429945617,12
8429945618,12
109728,12
25476134,12
4136137525,12
2203888698,12
25475770,12
1689605567,12
5816744255,12
5816744257,12
8429934918,12
429346251,12
5931509715,12
107606,12
585199079,12
28418921,12
9816821617,12
9693971447,12
9693971448,12
1505332730,12
2364384488,13
8030470473,13
585124778,13
1951242858,13
1951242860,13
2364378222,13
2364371185,13
2364379602,13
2364379603,13
2364379604,13
2364379605,13
107613,13
107614,13
1864047135,13
25475328,14
1990912129,14
9700060292,14
4872502279,14
9690878344,14
9632417162,14
9632417163,14
9683581480,14
3385332654,14
9683686963,14
3733791671,14
1155552319,14
1137777343,14
8030470464,14
8030470469,14
7638732490,14
7638732491,14
25475417,14
4832472797,14
9135845214,14
680069471,14
107615,14
8579240311,14
9135845216,14
9135848931,14
9135845213,14
1951242856,14
1951242857,14
1990912106,14
1951242859,14
2364384492,14
2364384490,14
680069483,14
2364387947,14
9135848938,14
9135848937,14
2364371186,14
1990912115,14
8579240307,14
8579240309,14
8579240310,14
8579240308,14
8579240312,14
8579240313,14
8579240314,14
5141216782,15
4077593104,15
5141216790,15
5473273373,15
5473273376,15
7745051680,15
1569343523,15
7926686250,15
25532464,15
385311796,15
6985395258,15
25532475,15
5473273425,15
1678227031,15
5238587992,15
5473273433,15
5238587994,15
5473273435,15
1569343577,15
3272782433,15
329983075,15
107626,15
107627,15
107628,15
5049840242,15
5049840243,15
5049840245,15
5049840248,15
2961549,15
25161362,15
25161363,15
1569216662,15
25161377,15
25161378,15
25161379,15
4867087535,15
3153656028,15
3153656030,15
1951616231,15
1951616232,15
1951616234,15
1951616236,15
1951616261,15
2378843909,15
1951616263,15
1951616268,15
1951616270,15
1951616276,15
1951616278,15
6463234329,15
1951616283,15
1951616284,15
1951616287,15
1951616291,15
1951616292,15
1951616295,15
1951616297,15
4077599543,15
4077599545,15
9027328314,15
9027328313,15
1951616319,15
5925584201,15
8390582613,15
5141354328,15
5141354329,15
5141354330,15
5141354331,15
5141354332,15
1312453981,15
5141354333,15
24950113,15
24950114,15
24950115,15
9856119649,15
9856119651,15
385311590,15
25067883,15
1312453996,15
5227220846,15
8807431535,15
8807431541,15
3272712566,15
1782714747,15
8807431548,15
6369361790,15
8807431550,15
6369361792,15
1678226827,15
4072083344,15
4072083345,15
5065949596,15
1312454045,15
5065949598,15
1678226846,15
2279592861,15
25067936,15
25067935,15
1312454055,15
25532332,15
4748394420,15
259252667,15
1312454087,15
25532377,15
25532384,15
1678226917,15
8807410152,15
5141216745,15
8807410154,15
5141216746,15
8807410158,15
8785024497,15
5141216754,15
473258249,16
1312454029,16
1312454031,16
473258639,16
3887941013,16
2059790748,16
25532576,16
6458938017,16
1312454058,16
1312454061,16
25544110,16
25265075,16
5340811829,16
5340811830,16
25265077,16
25265079,16
25265078,16
4085783099,16
1418752708,16
5340811717,16
4077579334,16
1312454090,16
4166634955,16
2142502090,16
7911243856,16
1418752721,16
7911243857,16
4166634962,16
763372884,16
7911243861,16
7911243858,16
7911243863,16
763372886,16
9413430622,16
7911267686,16
1727515754,16
7911267693,16
1312453999,16
107632,16
8753664977,17
107634,17
7223298253,17
25161361,17
5141625696,18
4729628192,18
9856119650,18
6369361796,18
6369361797,18
5141625702,18
5141625703,18
25067400,18
7223298252,18
7223298254,18
3644785104,18
107637,18
5141625621,18
5141625623,18
5141625625,18
6369361788,18
5141625630,18
6369361791,18
9856119648,19
5198585557,19
107638,19
5198585559,19
4962956931,20
25505673,20
25504779,20
9611081868,20
25505677,20
25161365,20
9691102358,20
8807441176,20
25505561,20
9691102362,20
3656358065,20
4866653236,20
1311961910,20
7926554423,20
4866651959,20
7926554424,20
4866651962,20
4866651963,20
4866651966,20
7926554430,20
4866651968,20
4866651969,20
7926554431,20
1828402760,20
5046447437,20
1828402765,20
1938819282,20
1938819283,20
1938819284,20
1938819285,20
1938819286,20
25505622,20
1938819288,20
25505624,20
25505629,20
3704225375,20
3704225376,20
3704225379,20
3704225380,20
1938819301,20
25066470,20
1938819306,20
1938819313,20
2012969971,20
4866623226,20
107643,20
107644,20
9754527744,21
473264641,21
9754527745,21
5055364611,21
5055364612,21
5055364608,21
5055364614,21
5055364610,21
3265436680,21
4627445257,21
4627445258,21
4627445259,21
4627445260,21
4627445261,21
3265436686,21
3265436678,21
3265436688,21
8620105233,21
8620105234,21
1678452753,21
8620105236,21
3265436692,21
3265436695,21
8620105240,21
8620105242,21
8620105243,21
8620105244,21
268124704,21
9754453026,21
9754453027,21
9754453028,21
9754453029,21
9754453030,21
9754453031,21
9754453032,21
9754453033,21
8620105259,21
473265708,21
8620105265,21
8620105268,21
8620105269,21
8620105270,21
5177397821,21
5177397822,21
5177397823,21
5177397824,21
5177397825,21
5177397827,21
5177397828,21
5177397829,21
5177397830,21
5177397832,21
5177397835,21
1828402767,21
4150883407,21
1828402769,21
1828402771,21
3696548438,21
1828402774,21
8755805313,21
107667,21
107668,21
1239549084,21
2360684188,21
367100073,21
1617532073,21
5177397419,21
5177397420,21
419632303,21
419632306,21
419632307,21
1214922421,21
3972566710,21
4077627063,21
2140506294,21
368044217,21
1214922426,21
1617532090,21
490946748,21
1214922429,21
1617532088,21
1617532087,21
1707790023,21
367077584,21
472346838,21
2775635677,21
1938819299,21
1938819302,21
4034060007,21
1938819304,21
4650375402,21
4034060012,21
4034060015,21
4034060017,21
4034060018,21
2265065203,21
1938819316,21
2360681713,21
2265065207,21
1938819329,21
419632906,21
1938819340,21
9684083982,21
9684083983,21
9684083984,21
9684083987,21
9684083988,21
9684083992,21
9684083993,21
9684083995,21
5207477021,21
4383369519,21
4627491642,21
4627491643,21
25470781,21
2140432704,21
9781311297,21
108864,21
390341443,21
4383369553,21
4859246418,21
4859246419,21
237911,21
6951230826,21
1955520879,21
5207476606,21
5207476607,21
5207476609,21
25504129,21
5207476611,21
5207476610,21
5207476613,21
5207476615,21
5207476617,21
5207476619,21
1813794712,21
7066617760,21
268124583,21
4367041960,21
4367041962,21
8620272571,21
473266627,21
2775653836,21
5177410511,21
3813810132,21
3813810133,21
9691076056,21
455705562,21
864817628,21
4627445213,21
4627445215,21
4627445216,21
4627445217,21
2360685543,21
4627445240,21
4627445241,21
9754527740,21
9754527741,21
9754527742,21
9754527743,21
8785484288,22
1938819344,22
4072476960,22
4630855202,22
4630855203,22
4630855204,22
107685,22
4630855205,22
4729448871,22
107686,22
107688,22
1236791344,22
1726730303,22
25471681,22
8373690833,22
8373690834,22
8373690835,22
8373690836,22
8373690837,22
8373690838,22
8373690839,22
8373690840,22
8373690841,22
1726730329,22
8373690842,22
7613626073,22
7613626070,22
25503841,22
7617785701,22
25503848,22
7617785710,22
8373752817,22
7617785714,22
1726730354,22
4530339698,22
4530339700,22
4530339702,22
4530339699,22
4530339701,22
6293128709,23
21583366,23
4017328647,23
7223695324,23
9756243981,23
9756243982,23
9756243983,23
9756243984,23
9756243985,23
9756243986,23
3518995475,23
4689775124,23
4689775126,23
8785484312,23
1810130457,23
8785484313,23
8785484315,23
8785484316,23
8785484314,23
2293833760,23
2293833763,23
6863550501,23
1419565097,23
25496622,23
6863550510,23
1148276284,23
5006063170,23
5006063171,23
5006063172,23
5006063173,23
5006063175,23
5006063176,23
5006063177,23
5006063178,23
5006063179,23
5006063180,23
6840965712,23
5006063186,23
21563479,23
21563481,23
9756278362,23
9756278363,23
26374236,23
9756278364,23
9024076384,23
9024076385,23
21563489,23
25475182,23
5736692334,23
21563508,23
32921720,23
7223712382,23
2294047369,23
5880188045,23
5880188046,23
761831060,23
4156336279,23
8785567902,23
8263157412,23
8263157413,23
8263157414,23
8263157415,23
8263157416,23
7271474856,23
107690,23
7271474855,23
107692,23
8785503917,23
8785503918,23
8785503919,23
8785503920,23
107693,23
4691514032,23
4530270906,23
4530270908,23
3972566716,23
4530270913,23
1782712524,23
3519005409,23
4822267107,23
4822267109,23
1020211942,23
4691460851,23
1707790074,23
1236791555,23
25475331,23
1707790085,23
25475332,23
8263166217,23
8263166218,23
8263166219,23
1617596686,23
1707790096,23
1782730512,23
8373728530,23
1617596704,23
3519013665,23
1617596711,23
1617596714,23
7223668011,23
7223668012,23
7183962432,23
9781311296,23
9856119621,23
1617647944,23
1617647945,23
3497472337,23
7223704403,23
237908,23
4764884821,23
8373651315,23
8373651316,23
5006065037,23
5006065038,23
21563791,23
21392272,23
5006065041,23
5006065040,23
5006065039,23
2586616722,23
4719617974,23
33141178,23
8373690817,23
8373690818,23
8373690819,23
8373690820,23
8373690824,23
8373690825,23
8373690826,23
8373690827,23
8373690828,23
8373690829,23
8373690830,23
8373690831,23
5880186827,23
5880186828,23
8373690832,23
1148276186,23
269589467,23
8373690844,23
8373690843,23
8373690845,23
8373690846,23
3497461727,23
7223695327,23
7223695323,23
7223695326,23
8785568228,23
8373623781,23
321255919,23
5119652864,24
5119652865,24
9781435146,24
2458273291,24
1953202962,24
2453941139,24
6279388821,24
6279388822,24
6279388823,24
6279388824,24
26678169,24
26678168,24
26678171,24
26678166,24
26678167,24
343669791,24
2458257570,24
8975700259,24
8975700260,24
2458257573,24
8975700261,24
5265953450,24
5265953451,24
5265953452,24
1364161197,24
2458257578,24
5265953455,24
2458301100,24
5265953457,24
5265953454,24
5265953459,24
2458260532,24
25495858,24
2458256449,24
8645592521,24
1364172237,24
1832129873,24
6108171363,24
1832129878,24
1953202903,24
25495640,24
21578459,24
25495646,24
6724775011,24
6724775012,24
108389,24
6724775013,24
6724775014,24
8787384680,24
6724775017,24
6724775018,24
6724775015,24
6724775016,24
1832248428,24
108390,24
1364168178,24
1364168180,24
2458303223,24
5119652857,24
2458307450,24
5119652862,24
5119652863,24
25495698,25
108391,25
4297054053,26
1601832328,26
6828863691,26
6828863692,26
6828863693,26
6828863694,26
6828863695,26
6828863696,26
6828863697,26
6828863698,26
9576827481,26
9804578356,26
25475674,26
108406,26
6525671279,26
1363483801,26
9576827482,26
2632464416,27
6525670240,27
390073160,27
1125619161,27
2632476621,27
25632684,27
5973397966,27
10606709,27
6525670239,27
108409,27
2632476639,27
2632464413,27
2632431807,27
108420,28
9030284989,28
9030284990,28
4193151464,29
108835,29
4305986091,30
5905893978,30
7620902731,30
108837,30
264824452,31
9684083978,31
3267461759,31
3876713343,31
1678452760,31
20955164,31
1678452770,31
4085767971,31
4085767974,31
4085767978,31
4938216619,31
4085767980,31
4085767983,31
367091632,31
4085767989,31
4085767992,31
2265048377,31
4085767993,31
3267461693,31
3267461696,31
2265050050,31
108867,31
1828402758,31
1828402759,31
262078536,31
3267461710,31
2620105428,31
3267461721,31
9729684314,31
3267461728,31
3267461729,31
3267461737,31
3267461742,31
3267461747,31
3267461752,31
3267461756,31
1536948605,31
3267461758,31
9684083967,31
4211515621,32
108903,32
245200970,32
1830276654,32
9189397456,32
4211515569,32
663363473,32
4211515891,32
8256049397,32
8256049399,32
9820537921,33
9820537922,33
9820537934,33
1326821457,33
4297243218,33
1326821465,33
25475693,33
1326821487,33
1326821489,33
4297243295,33
9820538016,33
9820538017,33
4297243298,33
9820538018,33
9820538019,33
1326821542,33
4158004390,33
9820538028,33
4571238064,33
4571238067,33
4571238068,33
4297212084,33
25475767,33
1938953403,33
1938953406,33
1326821568,33
1938953413,33
1938953414,33
1938953417,33
4297212114,33
25470166,33
4297212119,33
1938953430,33
1938953431,33
1326821593,33
1938953433,33
748797145,33
1938953432,33
1938953437,33
21990633,33
21990634,33
21990637,33
21990638,33
1326821624,33
4298970364,33
25497340,33
4298970368,33
25497347,33
4298970380,33
4298970384,33
4297212194,33
4297212204,33
355416911,33
4297242961,33
1601797458,33
355416914,33
355416920,33
109403,33
9820523869,33
9820523870,33
9820523871,33
9820523872,33
108393,33
9820523913,33
9820523914,33
9820523915,33
9820523916,33
9161061776,33
9693963678,33
9693963679,33
9693963680,33
9693963681,33
9693963682,33
9693963683,33
710657963,33
7947041713,33
422573549,33
1913216493,33
25497596,33
25497599,33
25509513,34
470727954,34
1938819346,34
1938819348,34
1938819350,34
1938819351,34
25509526,34
5207487900,34
25481504,34
25481506,34
6988528038,34
6988528039,34
9694031532,34
9201323575,34
1236791504,34
894485202,34
109408,34
109410,34
1236791535,34
9197589363,34
9197589238,34
1536948608,35
1536948612,35
25505670,35
1536948487,35
20626312,35
1536948618,35
20626315,35
1852996875,35
1536948631,35
6509584413,35
1536948517,35
7572522534,35
109734,35
7572522540,35
1536948652,35
7572522547,35
1536948536,35
1572551227,35
2504847039,35
7572522566,35
4866475730,35
4866475737,35
7572522585,35
1852996954,35
1536948578,35
109411,35
109412,35
25264998,35
2504822135,35
1536948474,35
7572522492,35
9694072864,36
109414,36
30078473,36
5334625292,36
7797731341,36
7797731342,36
7797731343,36
7797731340,36
5334625293,36
1566269623,36
4077599544,36
2793874522,36
2961885,36
9030029183,36
7824803494,37
7824803495,37
109737,37
9072449309,37
24952269,37
7824803501,37
4166634957,37
5104314264,37
1536948541,37
1951372959,37
9753609738,38
9753609739,38
9753609740,38
9753609741,38
9753609742,38
9753609743,38
9753609744,38
9680972177,38
9680972178,38
9753609745,38
9680972185,38
25161373,38
7824747295,38
7824747298,38
7824747300,38
7824747302,38
7824747303,38
7824747304,38
7824747305,38
7824747307,38
25067307,38
7824747308,38
6967585841,38
109746,38
6967585842,38
1827389620,38
1782727992,38
1722621630,38
4220613456,38
700774224,38
5201625566,38
2941549918,38
5840176866,38
9681020156,38
9681020157,38
5006764037,39
5006764038,39
5006764039,39
5006764040,39
1312189073,39
1312188945,39
1312188689,39
1312188696,39
25477149,39
25477150,39
25477151,39
25477152,39
25477153,39
25477154,39
26067235,39
25477156,39
26067237,39
1312189091,39
26067239,39
26067236,39
3320743081,39
1954751908,39
1312188843,39
26067238,39
26067234,39
1312188730,39
1312188858,39
9693935550,39
1312188735,39
109760,39
9693935551,39
1312188994,39
1312188614,39
1312188622,39
1312189013,39
1312188760,39
3892081372,39
1312319838,39
3741078112,39
7644884069,39
1312188774,39
1042862726,40
249558409,40
1042862477,40
6304787860,40
6304787861,40
1042862492,40
3735886877,40
3858880674,40
3858880675,40
3858880676,40
3858880677,40
7815143465,40
3673602988,40
3673602993,40
25477300,40
25477301,40
5929540796,40
109766,40
5925628361,40
57786953,40
7911297486,40
9808795598,40
7815143503,40
1042862673,40
9808795599,40
9766629717,40
25477335,40
25477339,40
9027367517,40
9027367518,40
9027340515,40
9027340516,40
2935373159,40
1042862696,40
302013673,40
2935373161,40
302013676,40
25477228,40
302013678,40
2935324280,40
9203578106,40
9203578107,40
9856119640,41
373402354,41
109780,41
9856119634,41
9514602150,42
9514602151,42
9514602152,42
9514602153,42
109785,42
6166157035,43
109788,43
24952267,43
4077495951,44
1832129813,44
4077495957,44
1810130458,44
4077495964,44
338474269,44
1832129823,44
4077495971,44
1832129831,44
4077495854,44
4077495855,44
4077495858,44
4077495862,44
4077495867,44
9781311295,44
4077495872,44
4530195657,44
4077495883,44
109815,44
109816,44
1360122879,44
109818,45
8975700266,45
3644748770,45
4823246342,46
1150003270,46
1684835245,46
1493658224,46
2036125649,46
1309067472,46
6864015603,46
1141415219,46
1685281076,46
2036125657,46
110143,46
4835108998,47
4835108999,47
7636180236,47
7636180237,47
20458276,47
1571298192,47
7636180241,47
7636180242,47
1571298195,47
1312188692,47
9710348827,47
9710348828,47
110238,47
20458273,47
250325411,47
2003007012,47
20458275,47
1787108646,47
1787108647,47
1787108648,47
1787108649,47
1787108650,47
3334162601,47
20458277,47
2490721964,47
1312188845,47
4618510643,47
1312188731,47
250327100,47
1312188988,47
8868194757,47
9710304459,47
9710304460,47
8868001103,47
9856119632,47
8868001104,47
250549587,47
1782716888,47
7926563545,47
8868194778,47
1571298141,47
21990624,47
21990625,47
1233327202,47
21990626,47
2934268020,47
1238259337,48
4530011788,48
6261920913,48
6261920914,48
4530012691,48
4530012690,48
4530012692,48
4530012694,48
4530012695,48
4530012696,48
6261920915,48
1150003480,48
4530012699,48
4530012700,48
4530012701,48
4530012702,48
6866779806,48
4530012703,48
4530012704,48
1771453218,48
7805198627,48
1771453217,48
3499567135,48
5565487612,48
3197339673,48
4729385030,48
4729385031,48
9808795596,48
59526352,48
282708,48
1150003547,48
1731225566,48
1150003423,48
249470452,48
4316306166,48
1536039932,48
25438595,49
2632464415,49
25438732,49
282719,49
4835108995,50
2961540,50
1951616325,50
24661273,50
8807431546,50
2195965723,50
24950109,50
8807431551,50
367114771,51
27458331,51
1312453919,51
1312454048,51
2967343648,51
3215687074,51
2967343649,51
5931501991,51
27458353,51
1547013692,51
1312453950,51
1547013698,51
5342236740,51
1312454086,51
5335245256,51
9710359368,51
9856119628,51
3708234964,51
471488472,51
1312454114,51
5227220835,51
2961891,51
471488484,51
1550763620,51
1547013743,51
367121266,51
1312454015,51
1678452792,52
10572172,52
367106464,53
388455682,53
4240028580,53
25503845,53
9693982149,53
25503851,53
4643337035,53
4630855193,53
7617785713,53
10572179,53
10572180,53
25471732,53
1236791478,53
25471733,53
25471734,53
5207487897,53
25503862,53
4650375357,53
25495617,54
25495618,54
9856119619,54
1985084100,54
1938953377,54
350437608,54
10572779,54
25495695,54
1816038230,54
25495769,54
25495770,54
10572785,55
8972511963,55
25496748,55
8972441127,55
8785568224,56
10572786,56
7847748059,56
1985084095,56
1326821504,57
2466449296,57
20460691,57
6369329158,57
2466449286,57
2466449288,57
8989843465,57
2466449287,57
1326821513,57
2466449289,57
2466449290,57
20460686,57
1326821515,57
2466449293,57
20460681,57
2466449295,57
2466449294,57
20460692,57
20460690,57
20460694,57
10607127,57
10607128,57
2466449297,57
3722411669,57
4807796633,57
20460695,57
20460696,57
20460697,57
9693865890,57
1326821539,57
1326821541,57
25632677,57
5041784501,57
1813618358,57
1326821557,57
372978232,57
5041784633,57
1326821559,57
1596655163,57
1326821566,57
256766529,57
1326821569,57
8868824899,57
372978120,57
1326821577,57
1326821579,57
2466456399,57
2466456400,57
2466456401,57
2466456402,57
1939632526,57
2466456404,57
1366095189,57
2466456403,57
2466456405,57
2466456406,57
2466456407,57
1081508186,57
2466456409,57
5353604060,57
2466456408,57
1326821471,57
1326821524,57
1326821613,57
1326821525,57
1081508209,57
1326821490,57
632447859,57
2466449291,57
372050299,57
1326821502,57
9808795609,58
2632430342,58
2480657190,58
1954751914,58
25499115,58
1954751916,58
1954751918,58
4530057817,58
25497968,58
5060405461,58
10607129,58
9808795610,58
2466456411,58
2466456412,58
2466456413,58
2466456414,58
1125619075,59
5711517571,59
2632430340,59
25632774,59
275180300,59
9161061775,59
10607133,59
2331184927,59
2331184929,59
2331184930,59
2331184931,59
2331184932,59
2331184934,59
2331184935,59
25632683,59
2632464427,59
1723388979,59
1954751924,59
1723388985,59
2632431806,59
469759942,59
469759943,59
446765895,59
4703542482,59
4703542483,59
9808795605,59
9808795606,59
9808795607,59
9808795608,59
6525670234,59
6525670235,59
6525670236,59
6525670237,59
6525670238,59
2135411294,59
2135411296,59
2135411297,59
6525670242,59
6525670241,59
4571940314,59
2632488435,59
3076574323,59
9804774392,59
2632488445,59
5470932256,60
10607629,60
7947057586,60
5468301555,60
2146369237,60
5470932252,60
5470932253,60
5470932255,60
9782353731,61
8784159562,61
6467134930,61
6467134931,61
8784181688,61
10676799,61
2902624645,62
18393873,62
6985373980,62
6985373982,62
6985373983,62
6985373984,62
1312264610,62
1721713699,62
1312188714,62
1312264618,62
21307200,62
9030121410,62
1782718791,62
1782718792,62
9856119635,62
6985379285,62
6985379286,62
9042027865,62
9042027866,62
2406484452,62
1350430181,62
2406484454,62
2406484455,62
9030155749,62
2406484453,62
9030155753,62
2406484460,62
9042053624,62
10677374,62
1312264577,63
1311961985,63
794039687,63
9042133642,63
5043864464,63
28800661,63
28800662,63
25161371,63
1782724124,63
28800667,63
316763548,63
1782724125,63
250550174,63
1401908258,63
9042026424,63
1311962043,63
1312264648,63
1312264524,63
1684511955,63
9856119636,63
7836155864,63
7836155865,63
7836155867,63
7836155868,63
7836155870,63
9042041320,63
9042041321,63
1718328435,63
10677375,63
10677377,64
2387220933,64
7082240198,64
3517719434,64
1401416203,64
7636163631,64
8318797234,64
8318797235,64
8318797236,64
25248117,64
212927414,64
8318797237,64
25248118,64
25069046,64
2642857212,64
8975529088,65
4462680067,65
4462680068,65
9203541381,65
7840712839,65
1832248457,65
1832248458,65
9781435147,65
4462680078,65
5374174224,65
1360122901,65
595709975,65
14672924,65
5573994014,65
5573994016,65
5573994017,65
5603454627,65
5603454628,65
5573994019,65
1832129958,65
1360122919,65
5374174120,65
1360122925,65
7203717550,65
1938953395,65
1360122937,65
5374183741,65
5374183742,65
6329690691,65
8975645638,65
8975645640,65
8975645641,65
25151180,65
4512763348,65
1360122841,65
5460658138,65
1360122860,65
5573931377,65
5839156209,65
1360122866,65
1360122871,65
5573931385,65
8975529082,65
8975529083,65
8975529084,65
8975529085,65
8975529086,65
529722111,65
7553887392,66
18382242,66
8869435266,66
7567588716,66
24950093,66
268997560,66
8869435257,66
18395288,67
25161370,67
419347200,68
419347201,68
419347202,68
419347203,68
470729237,68
8785441943,68
8785441944,68
18395811,68
1268900644,68
4729448869,68
1268892338,68
1268900660,68
2919962038,68
2919962039,68
2919962040,68
5976853817,68
354935735,68
2215139515,68
2919962042,68
2919962041,68
2919962043,68
2919962044,68
473262779,68
2919962045,68
2919962046,68
3474115148,68
3267461709,68
3816097102,68
3816097103,68
2140420434,68
1938819289,68
1938819290,68
1938819292,68
1938819293,68
1938819294,68
1938819296,68
1725360097,68
5976850023,68
5976850024,68
1655418222,68
25505648,68
3267461749,68
7610670710,68
4401156476,68
419347194,68
419347195,68
419347196,68
419347197,68
419347198,68
419347199,68
250550400,69
1939632514,69
4992781189,69
1939632519,69
20460684,69
973101839,69
9042120207,69
2387242386,69
8869472274,69
3870640530,69
3870640547,69
3870640548,69
2387240745,69
2387240747,69
4992781175,69
1326821561,69
18398282,69
1312335310,69
1326821460,69
1326821592,69
5238500312,69
5238500313,69
914822492,69
9042037853,69
2387245025,69
873684193,69
2387245026,69
2387245027,69
2387245029,69
632438506,69
9030155757,69
9030155758,69
8869472239,69
9030155759,69
9030155760,69
8869472240,69
1326821619,69
9030155762,69
8869472247,69
4826555769,69
4992781180,69
5609638014,69
1938819328,70
2387207425,70
1938819330,70
1938819331,70
2387207426,70
8336028513,70
8336028514,70
25161351,70
1938819336,70
1938819335,70
1311962122,70
8336028515,70
25161352,70
2387194123,70
2387194126,70
2387194127,70
8336028516,70
2387194128,70
2387194131,70
2387207420,70
2387194133,70
25161366,70
2387207421,70
2387212189,70
1311962016,70
1401926435,70
2387194148,70
2387194149,70
2387194150,70
1782728999,70
9021498664,70
1360122924,70
2387194156,70
2387194157,70
6739026230,70
1678155318,70
1938819325,70
1782725824,70
2387209415,70
9021504714,70
9021504715,70
7836155869,70
9781190365,70
18468958,70
8336028511,70
8336028512,70
18468961,70
6369390690,70
6369390691,70
6369390692,70
6369390693,70
6369390694,70
6369390695,70
6369390696,70
6369390697,70
6369390698,70
6369390699,70
6369390700,70
6369390701,70
6369390702,70
1938819317,70
6369401334,70
1938819319,70
1938819320,70
2387207417,70
2387207418,70
9024139132,70
9024139133,70
1938819326,70
2387207423,70
18469130,71
9856119638,71
2642878568,72
2642878569,72
18469132,72
9856119637,72
6978555522,73
1758554289,73
2990780037,73
2990780039,73
20460680,73
2990806410,73
2990806411,73
2990806413,73
2990806415,73
2990806416,73
968499092,73
968499093,73
4246525220,73
4246525223,73
316763559,73
316763561,73
316763563,73
1758554286,73
8975833904,73
8975833905,73
6978563378,73
6978563379,73
6978563380,73
6978563381,73
6978563382,73
6978563383,73
6978563384,73
8975833913,73
8975833912,73
8975833915,73
4682627259,73
8975833914,73
1758554294,73
4682627263,73
4682627264,73
6978577985,73
4682627266,73
4682627265,73
256766532,73
256766533,73
1758554291,73
1150003147,73
1150003532,73
9041828942,73
1759454163,73
1759454429,73
3763407460,73
5041784423,73
1150003571,73
5067002867,73
6978531575,73
6978555518,73
20460687,74
25497872,74
20460688,74
6506796188,74
20965804,74
20965805,74
20965806,74
4860825518,74
9693963701,74
9693963702,74
9693963703,74
9693963704,74
9693963705,74
9693963706,74
9693963707,74
1326821564,74
9693963708,74
255860415,74
1813618497,74
435104715,74
435104717,74
5238528591,74
1326821585,74
1326821596,74
5353604061,74
25497824,74
25497828,74
4369519204,74
25497829,74
4369519219,74
25497845,74
4369519227,74
6301948480,75
20625793,75
6301948477,75
5976760445,75
5976760446,75
5976760447,75
9694032608,76
9694032609,76
585200775,76
20625800,76
585200818,76
710521820,76
9694032606,76
9694032607,76
5189042552,77
20626282,77
8675201272,77
5189042551,77
7824803490,78
7824747299,78
7824803492,78
7824747301,78
1536948646,78
7824803493,78
4085778920,78
7824747306,78
5146186589,78
7824803500,78
1536948431,78
1536948529,78
20626301,78
5146186590,78
9856119647,78
3796814729,79
20626310,79
20626311,79
7572522513,80
20626316,80
7572522511,80
1360122886,81
1236791433,81
20955158,81
9805219991,81
9805219992,81
9805219993,81
9805219994,81
9805219990,81
1360122917,81
4076095791,81
1609966653,81
9856119620,81
9197322310,81
9197326420,81
3519872213,81
4076095834,81
1360122845,81
1596648671,81
1360122856,81
21685484,81
1360122861,81
1360122873,81
2398924896,82
6369329154,82
20965798,82
20965799,82
6369329160,82
20965800,82
4428887946,82
2398924843,82
25500427,82
2241962700,82
6369329165,82
1782729295,82
1782729296,82
6369329171,82
1326821587,82
2398924853,82
2398924855,82
104319,82
2398924898,83
9781311298,83
20965801,83
7946378607,83
7946378608,83
9310682079,83
2398924893,83
2398924863,83
1755265415,84
250550023,84
250550024,84
5041945479,84
5041945481,84
1755265428,84
1755265432,84
28800670,84
1755265444,84
1343823418,84
21307201,84
21307202,84
8869464398,84
1312264546,84
21990631,84
873809385,84
5042033643,84
9042025325,84
2990721389,84
4661317536,85
3328228993,85
3328228994,85
3328228996,85
3328228998,85
25524297,85
5177397418,85
21392267,85
3328229004,85
1617596593,85
4663309171,85
4661317524,85
4663312695,85
4663312696,85
4663312697,85
4663312698,85
21392273,86
3972566713,86
4859246420,86
21392276,87
9856119623,87
6828927809,88
6828931875,88
1148249927,88
6828921209,88
1832227886,88
350377999,88
25495824,88
21392278,88
1707790105,88
6828921210,88
6828921211,88
5603454625,89
5603454626,89
6606135979,89
21392279,89
5335233120,90
2934288514,90
250324965,90
21523718,90
5165786239,90
21523719,90
8042022825,90
5573991659,90
5573991660,90
4138224462,90
5335233113,90
1014649631,90
5009060057,90
5335233114,90
2934288509,90
5335233119,90
1617596646,91
1617596615,91
1617596616,91
1617596621,91
21563503,91
1617596627,91
1617596659,91
1617596669,91
9659603285,92
21578454,92
9748953621,93
21578461,93
4331121754,94
21685481,94
21685483,94
1837610895,94
1360122929,94
25500530,94
1360122933,94
1163955034,94
4331121755,94
269547420,94
4370333637,95
4370333638,95
4370333643,95
21685485,95
4370333648,95
4370333627,95
4370333629,95
4462683090,96
21686572,96
9203541612,97
21686574,97
4462680070,97
3515286914,98
3515286915,98
3515286916,98
5565466183,98
1493676622,98
1493676623,98
28728208,98
25477106,98
21990614,98
1771453860,99
1711679434,99
9375170320,99
9375170321,99
9375170322,99
9375170323,99
9375170324,99
9375170325,99
9375170326,99
28728187,99
21990620,99
4556931602,100
4556931604,100
21990622,100
21990627,101
475396924,101
8672066581,101
7636180239,101
8923643490,102
21990628,102
9030155750,102
9030155754,102
1719422038,102
9856119639,102
8923643489,103
9693628386,103
250327618,103
21990629,103
5565443397,103
5875062471,103
5875062472,103
21990630,103
1326821544,103
9030155755,103
9030155756,103
250327591,103
8868010287,103
9808795603,103
9808795604,103
9042053623,103
5565443389,103
5565443390,103
21990632,104
9030155751,104
1718566880,104
5141625698,105
1569241807,105
25161360,105
1569241808,105
24659764,105
7906964247,105
7906964248,105
7906964249,105
7906964250,105
7906964251,105
24659907,106
24659947,106
24949780,106
1311961990,106
9693920801,107
9693920794,107
9693920795,107
9693920797,107
24660863,107
1312453954,108
1556260235,108
24661966,108
25544111,108
1312453966,108
1556260241,108
1312454066,108
25544112,108
1312454100,108
24662037,108
1312453915,108
24950048,109
5095547180,109
5095547184,109
24950005,109
24950013,109
2389802904,110
24950050,110
2389802901,110
2279592862,110
5227220845,111
24950064,111
24950065,111
5227220848,111
24660697,111
5218844445,111
5218844446,111
3517985666,112
5090420610,112
25161348,112
5090420614,112
8807429660,112
8807429664,112
8807429665,112
9691082671,112
25066419,112
2387226304,112
2387226307,112
2387226309,112
2387226311,112
2387226313,112
5090420940,112
24950097,112
5090420958,112
5090420959,112
5090420964,112
9024139130,112
9024139131,112
25248113,113
25248114,113
24950107,113
9030155654,113
9693920802,114
9693920803,114
24950110,114
24950111,114
24950112,115
25248126,115
1721678995,116
316763501,116
24950117,116
9693760971,117
24951854,117
5046314041,117
5046314042,117
5046314043,117
25632860,117
24952195,118
24952196,118
2528522503,118
1951372935,118
2528522507,118
1556097163,118
2528522518,118
1556324759,118
2528522528,118
1556097185,118
6985465124,118
6985465125,118
6985465129,118
6985465130,118
1556097321,118
2528522542,118
4018000435,118
1556097080,118
6985465145,118
1556324793,118
9694091972,118
9694091973,118
4777897927,118
4777897928,118
1556097098,118
1556324683,118
1556324684,118
25278669,118
25278670,118
3385387604,118
3385387605,118
3385387606,118
3385387607,118
1556097368,118
1556097118,118
4117882851,118
4117882852,118
4117882856,118
4117882857,118
4085404136,118
4117882860,118
1556097137,118
1951372915,118
1951372927,118
5087519104,119
25066338,119
25161347,119
5090420965,119
25066412,119
25066450,120
1717650794,120
25066451,120
25066453,120
5047029678,121
25066461,121
25066462,121
3704225378,122
1536948581,122
4085778923,122
1536948622,122
1938819279,122
9684101713,122
4085778934,122
4143767990,122
25066684,122
1852997088,123
25066784,123
25066694,123
25066696,123
25161353,123
4866591373,123
4866591374,123
4866591375,123
4866591376,123
3816097105,123
3233714196,123
3233714198,123
9856119645,123
3233714192,124
3233714193,124
3233714194,124
3233714195,124
3233714197,124
25067068,124
25067264,125
25067265,125
2566132609,125
1569382119,125
1569382170,125
1569382174,125
2504822145,126
25067266,126
25067267,126
1852996996,126
2504822137,126
2504822139,126
6509584414,126
25066687,126
25067304,127
2566132610,127
2566132611,127
25067324,128
5141876996,128
5141877239,128
25067395,129
25067396,129
25067397,129
5146186470,129
950703625,129
950703626,129
5146186463,129
5146186489,129
25067326,129
1726783391,129
9856119646,130
25067427,130
25067398,130
1951616322,131
5104314275,131
25067461,131
25067463,131
25067469,131
25067470,131
5104314255,131
5104314256,131
5104314384,131
25067473,131
25067476,131
1186508405,131
5104314353,132
25067727,132
1569343756,132
25067479,132
1569343909,133
25067558,133
25067728,133
5104314096,133
5104314098,133
25067636,133
5104314325,133
25067670,133
1569343576,133
25067914,134
1569216650,134
25067920,134
7911231380,134
1722621718,134
7911231384,134
25067803,134
1569216123,134
25161375,134
5141228834,134
1569216316,134
4085783103,134
4085783105,134
1569216326,134
6446292570,134
1951616226,134
5141216740,134
5141216741,134
7911267687,134
7911267688,134
7911267690,134
7911267692,134
7911267694,134
7911267695,134
7911267696,134
9659831673,134
9659831674,134
9659831675,134
25265023,134
1569312412,135
25067933,135
25067871,135
25071090,136
25071131,136
25161345,137
1771426172,137
7836164765,137
5247857728,138
9691101411,138
9691101412,138
25161357,138
2387194158,138
5141877019,138
6032044867,139
6032044868,139
25161380,139
25161381,139
25161383,139
25248125,140
1211381855,140
25470784,141
4379801334,141
25470783,141
25471736,142
25503860,142
7271474849,143
321255907,143
25472324,143
25472545,144
4675821944,144
4675821925,144
4675821932,144
4665353645,144
762080111,144
1617596591,144
8373728533,144
25472566,144
25473048,144
25472379,144
1617596607,144
1882379274,145
1882379248,145
1882379285,145
4425001783,145
25472760,145
25472763,145
3247578846,145
4823246341,146
4425001781,146
4425001782,146
25472767,146
7447716112,147
25472789,147
9161061774,147
25472800,148
4571194090,148
4571194091,148
1954751920,148
2036125650,148
2940401398,148
6014339453,148
1684835105,149
1684835107,149
3739048019,149
3739048020,149
3739048021,149
25472885,149
4948630427,149
25472890,150
1617647934,150
4675822095,150
1311962080,151
9042129985,151
9042129986,151
1401893666,151
1311961868,151
1215563885,151
25473199,151
25473200,151
25473204,151
25473205,151
1215563897,151
6871422362,151
6871422364,151
1759454078,151
25473203,152
5067002855,152
6369329156,153
25497611,153
25497612,153
6369329172,153
1759454104,153
1759454106,153
6871422365,153
1759454118,153
1759454122,153
1813618227,153
1813618228,153
1813618229,153
25473206,153
25473207,153
1813618230,153
5041784634,153
1366095187,153
1366095190,153
4870281309,153
9804653406,153
9804653408,153
25473281,154
9683585635,154
903630659,154
4085387943,154
4085387945,154
7246486955,154
4136124524,154
4136124526,154
4078858000,154
4078858001,154
869968536,154
585127354,154
585148380,154
6265654109,154
25473279,154
697037343,155
5905807278,155
8579276917,155
9694104278,155
25474005,155
25474015,155
25497603,156
9694091974,156
9694091975,156
9694091976,156
9694091977,156
9694091978,156
6149398571,156
9856119625,156
9694091981,156
25475053,156
9694091983,156
9694091982,156
9694104279,156
1547657140,156
1312471255,156
9694104280,156
1312471226,156
1312471228,156
25475072,157
1547657104,157
7236131861,157
1312471189,157
7236131862,157
7236131864,157
7236131865,157
9690769059,157
8064065323,157
9690974262,157
277337783,157
25496910,157
6332695637,157
6332695638,157
9135848919,157
9135848920,157
9135848921,157
9135848922,157
9135848923,157
9135848924,157
9135848925,157
6332695639,157
585180151,157
1233350889,158
9856119626,158
9856119627,158
283061836,158
3231501611,158
1233350862,158
4166967089,158
675734610,158
675734613,158
25475419,158
675734622,158
25475561,159
9690878337,159
25497222,160
1312471188,160
1312471196,160
1312471202,160
4920098342,160
4920098343,160
6266867112,160
6266867113,160
6266867114,160
6266867111,160
4920098344,160
1312471216,160
1312471223,160
9690974264,160
9690974263,160
9690974266,160
9690974265,160
9690974272,160
9690974274,160
9690974275,160
9690974276,160
9690974277,160
9690974278,160
25475661,160
1312471252,160
9699944538,160
1312471265,160
9699953505,160
4715264000,161
4715264001,161
4715264002,161
4715264004,161
722208263,161
6014302222,161
6014302223,161
6014302226,161
6014302227,161
6014302228,161
1312932894,161
4164428578,161
8064065316,161
4136137529,161
4136137530,161
9690915259,161
9690915263,161
9690915264,161
9690915265,161
9690915267,161
9690915268,161
9690915271,161
9690915273,161
9690915274,161
9690915275,161
25475663,161
25475664,161
4167762778,161
1312471258,161
585129712,161
4529881970,161
8429945717,161
4715263992,161
6696695781,162
8784000965,162
25475678,162
6696695783,162
25475688,163
25475690,163
4571940315,163
25499095,163
25499104,164
25475691,164
4297212128,165
4297212129,165
25475692,165
9823138208,166
9823138209,166
1326821607,166
1326821594,166
25475694,166
25475695,166
25475696,166
25475697,166
4297211186,166
4297211187,166
25475698,166
435104726,166
435104728,166
355416921,166
1326821466,166
9823138206,166
7075087299,167
6273056647,167
6273056648,167
6239229422,167
6239229423,167
9693963696,167
435104721,167
9693963698,167
25475699,167
1326821620,167
9693963699,167
6272993491,167
6272993492,167
9693963697,167
25475754,168
1816777875,168
1493229962,168
4920098349,169
5931509720,169
5931509721,169
25476124,169
25476127,169
4992781187,170
7636278191,170
7636278194,170
4401149234,170
7636278197,170
7636278199,170
7636278200,170
7636278201,170
4826555771,170
25477148,170
3093897988,171
3093897989,171
3093897991,171
1312188679,171
2402557839,171
1280491924,171
1280491926,171
2402557597,171
2402557599,171
2387232555,171
2387232556,171
2387232557,171
2387232559,171
3093894065,171
2387232561,171
2387232563,171
3741117630,171
4749090120,171
25477197,171
1722268367,171
9856119633,171
1722268381,171
1722268384,171
1722268388,171
5492419693,171
5565455857,171
5565455858,171
8236052983,171
8236052987,171
8236052988,171
8236052990,171
8236052991,171
25477258,172
347541973,172
9703794688,173
9703794689,173
9080098306,173
9080098307,173
9080098308,173
9080098305,173
9703794690,173
3876429831,173
9080098312,173
9080098313,173
9080098314,173
9080098309,173
3528711693,173
255051289,173
3528711722,173
27459116,173
27459120,173
27459638,173
9375078973,173
9375078974,173
9375078975,173
3073173585,173
27459165,173
1771458655,173
1771458658,173
3528738434,173
3528738438,173
3528738439,173
3528738440,173
5257738379,173
5257738381,173
5257738384,173
3528710290,173
5257738387,173
5257738389,173
5257738390,173
9030037142,173
6995618979,173
3858880678,173
6280047275,173
6280047277,173
6280047278,173
6280047280,173
5160943793,173
5160943794,173
5160943797,173
5160943798,173
5160943803,173
5160943806,173
5160943807,173
9694087360,173
1039290562,173
472493763,173
1039290578,173
1039290584,173
1039290586,173
9080123618,173
9080123619,173
9080123622,173
6969936109,173
6969936112,173
27351282,173
27351284,173
2914561272,173
25477371,173
249679102,173
28419328,173
1014803714,173
1014803718,173
1014803721,173
1014803736,173
4144358216,173
4144358217,173
302013776,173
9375100241,173
9375100242,173
1939632502,173
1939632504,173
3550836102,173
251757452,173
2934411661,173
251757458,173
2934411667,173
2934411668,173
2935392676,173
4827050921,173
3499556266,173
28418497,173
9808795600,173
9808795602,173
251757533,173
9703794686,173
9703794687,173
806373533,174
25477774,174
819157946,175
25477858,175
4556931603,175
3661703766,175
1938953379,176
1832052008,176
338472562,176
25495543,176
1832227893,176
25495542,176
338472567,176
1832129783,176
25495697,177
9856119622,177
25495808,178
1832227968,178
2453941147,178
343669798,178
1364169899,178
1832228016,178
1953202907,178
25495807,178
1834657467,179
25495820,179
1834657469,179
6354294763,179
4275394254,180
25495822,180
25495823,180
447887921,180
350437528,180
5899738713,180
5736847361,181
5736847362,181
5736847363,181
5736847364,181
25495852,181
470727776,182
749947393,182
25496100,182
749947402,182
25495854,182
25495855,182
350629203,182
269584410,182
317930380,183
4211515637,183
4211515622,183
25496775,183
1816038211,184
25496783,184
25496786,185
25496787,185
1985084135,185
2453947049,186
8787384684,186
8787384685,186
8787384686,186
4211515634,186
25496792,186
4211515644,186
4211515645,186
25496798,187
25496799,187
25496800,188
1816038214,188
323260106,188
1816038224,188
5014591889,188
1816038199,188
1816038233,188
1816038237,188
1816038239,188
5265830862,189
25496815,189
25496785,189
4429088632,189
8972511965,189
25496819,190
25496820,190
25496821,190
321255925,190
5060391417,190
1832129795,191
6407948171,191
4077495820,191
4077495821,191
6407948172,191
25496847,191
25496848,191
25496849,191
4077495826,191
25496850,191
25496851,191
5504212623,191
4730978978,191
4730978979,191
4730978981,191
4730978982,191
4730978983,191
1684437690,191
1684437692,191
1319881922,191
1319881924,191
1655214934,191
25497563,191
25497564,191
25497566,191
1655214955,191
6124650606,191
1832129778,191
4076126707,191
1832129789,191
1938953399,192
25496857,192
4730978984,192
9161061778,192
9161061779,192
9804471701,192
25496854,192
9804471702,192
5948183671,192
25496855,192
9203537438,192
9203537439,192
9693963689,193
7075087298,193
25497619,193
7075087297,193
2135411308,194
5711517565,194
5457908028,194
25499655,194
4378043682,195
25500246,195
25504145,196
25504146,196
25504148,196
1835355916,197
1793420660,197
25504149,197
1707790044,197
4232015838,197
25504770,198
367105858,198
25504755,198
367105859,199
25504777,199
1268892466,199
1268892467,199
25504756,199
4089226784,200
4085767970,200
9684083971,200
419350723,200
9684083975,200
9684083976,200
9684083977,200
4089236235,200
4089236236,200
419350669,200
25504760,200
6509584408,200
25505585,201
25505679,201
1828402762,202
25505643,202
25505618,202
25505593,202
25505630,202
7572833379,203
7572833380,203
7572833381,203
25505607,203
1828402763,204
1828402764,204
2142508727,204
25505662,204
25505695,204
1852996856,205
25505685,205
1852996734,205
2343269909,206
9201323564,206
25509525,206
8785024515,207
8807410150,207
8807410151,207
1556097320,207
1547013710,207
25532494,207
9856119631,207
1547013554,207
1547013589,207
1547013719,207
1556097048,208
25532542,208
2480657188,209
4826448085,209
25632678,209
2135411293,209
316763600,210
316763586,210
25632859,210
25632864,211
25632865,211
1215563905,211
1215563890,211
244128953,211
25632863,211
25634199,212
1155584130,212
2632486641,212
2632486645,212
3586606038,212
3586606039,212
2632486646,212
5306194265,212
9703794691,213
9703794692,213
9703794693,213
9703794694,213
9703794695,213
9703794696,213
9703794697,213
9693971464,213
4223357836,213
3987750679,213
27460250,213
5517519002,213
7487734942,213
429346236,213
429346241,213
9693974851,213
9080123623,213
4054356842,213
4054356847,213
27460210,213
27459198,213
9694087361,214
21523716,214
27460198,214
1014649672,214
3247933387,214
27459830,214
6995618971,214
9694087359,214
28418880,215
27459905,215
1312471267,215
429346243,215
4534184516,215
742399752,215
1312471210,215
4629462859,215
429346253,215
1312471217,215
1312471197,215
1312471190,215
9693971449,215
9693971450,215
9693971451,215
9693971452,215
28418877,215
28418879,215
27459969,216
27459970,216
5165786242,216
2934288513,216
8515091589,216
5165786245,216
2934288517,216
27459971,216
2934288518,216
2934288523,216
2934288530,216
1043001378,216
3906588452,216
4430996033,216
1043001410,216
3247933381,216
1043001422,216
1043001423,216
27459945,216
27459951,216
27459959,216
6218501753,216
27459966,216
2969439040,217
1233350848,217
2612458246,217
9080123624,217
9080123627,217
27460439,217
5904585328,217
377490677,217
2872699894,217
3220254039,217
1042862785,218
7911297478,218
302013672,218
302013674,218
302013675,218
7815533548,218
7815533546,218
6345441358,218
7911297487,218
3486459762,218
3486459764,218
3486459765,218
249558966,218
347539416,218
27480956,218
7815143559,219
347541965,219
3486459766,219
7911297463,219
7815143581,219
3735889430,219
347542743,219
27480957,219
27480960,220
27480961,220
9678821156,220
9678821159,220
9678821160,220
9678821161,220
3486459769,220
28193265,221
3170676207,221
3892081378,222
4344245894,222
1014803686,222
7817162929,222
1014803702,222
1014803704,222
3894948093,222
28418138,222
3894948091,222
3892081373,222
2140124996,223
249679365,223
7797338599,223
7797338600,223
1014803691,223
302013681,223
4244498866,223
302013682,223
28418141,223
28418144,224
4344245892,224
4344245893,224
9693910743,224
4430996024,225
28418859,225
4155841820,225
3632581622,225
3984132034,226
3984132035,226
3984132037,226
302013708,226
4422013486,226
28418929,226
4244498867,226
4244498868,226
3197333544,227
7191329809,227
28728210,227
7191329811,227
1711679380,227
2990651905,228
1755708646,228
1755708647,228
1755708648,228
1758552521,228
1758552522,228
2990664881,228
28800660,228
973128725,228
9693929369,228
1755708737,229
1755708738,229
1755708739,229
9693903657,229
28800664,229
1755708730,229
1755708732,229
5565443391,229
2990651920,230
2990651921,230
28800666,230
5041945508,230
5046314073,231
5046314090,231
28800671,231
28800672,232
9856119642,232
8869435290,232
5247852872,233
316763513,233
5046314091,233
5046314092,233
316763500,233
28800689,233
5224630617,233
9693730842,233
5046314077,233
5046005758,233
1547013597,234
1547392865,234
5580861156,234
8579233861,234
8579233862,234
707377287,234
30056330,234
6600283121,234
4619022514,234
251892979,234
1547393045,234
1312471191,234
1547013754,234
3830043581,234
1312471231,234
3741131608,235
149431715,235
347335859,236
8868010205,236
213668839,236
250549699,237
250549700,237
8868010279,237
8868010280,237
8868010281,237
8868010218,237
213668842,237
213668844,237
8868010221,237
8868010202,237
1685272862,237
1719422032,238
213670986,238
1312189047,238
2642878644,239
213672005,239
249559005,240
302013662,240
7900221088,241
249560091,241
9021491075,241
7900221087,241
4116809027,242
4116809028,242
249679343,242
250325410,243
3787645606,243
3787645607,243
3787645608,243
3787645609,243
3787645610,243
5492419692,243
250326914,244
1401416208,244
8868010162,244
250327159,244
8868010171,244
250327037,245
1310663631,245
9693628387,246
9693628388,246
347335878,246
2642612586,246
250327576,246
7151566952,247
250327660,247
338319877,247
1312188704,248
1312189057,248
354886082,248
1312188741,248
250549670,248
1312189098,248
1312188722,248
1312188883,248
1312188660,248
1312188694,248
1312188824,248
1312188955,248
1312188797,248
251892353,249
251892475,249
5925626141,249
5925626142,249
3930921860,250
3708234957,250
4230027057,250
251892564,250
843376599,250
4378043667,251
269547419,251
4378043661,251
4378043662,251
9051462722,252
2112030873,252
4823243100,252
6855696495,252
6855696497,252
6855696498,252
6855696500,252
627985397,252
275179893,252
275179767,252
6855696504,252
6855696502,252
2112030869,252
291951643,252
6855696503,252
283062189,253
690295047,253
316763545,254
5046005745,254
5046005743,254
316763584,255
5046627553,255
1215563891,255
5046627645,255
1145174402,256
4571241384,256
9820538031,256
355416887,256
355416890,256
355416892,256
3257317059,256
9820537936,256
9820537937,256
9820537940,256
9820537941,256
9820537942,256
9820537943,256
9820537944,256
9820537946,256
1165343843,256
4729480806,256
4729480807,256
4729480808,256
4571244658,256
4571244659,256
4571244663,256
9693971465,257
4230595026,257
377494060,257
27331469,257
435104736,258
435104732,258
435104735,258
1723340842,259
435104742,259
7918978033,260
438170475,260
1547013711,261
471488499,261
4847781268,261
1493722803,261
1550763764,261
473219610,262
8814668141,262
5104314222,262
25161386,263
473258827,263
3644748773,263
473264457,264
1268903266,264
9135848928,265
585130362,265
4777885222,265
1561411396,266
585201189,266
8579276918,266
3068267824,267
670103313,267
690295042,268
9690878341,268
5122737222,268
9690878343,268
6327615074,269
6327615075,269
748885412,269
6327615076,269
1707790055,269
4658088585,269
1707790057,269
4650375309,269
1707790063,269
4650375504,269
1707790064,269
1707790067,269
4650375508,269
4658088539,269
1955520890,269
3972566715,269
1214922428,269
819132568,270
748941508,270
1684781470,270
748941552,271
748941546,271
4195111363,271
4195111355,272
748941556,272
4661317153,273
4661317155,273
4675822093,273
1617647919,273
4675822097,273
4675822100,273
761831000,273
761830938,273
1617647901,273
761831039,273
2496836226,274
2496836231,274
1255490314,274
1150003513,274
806373565,274
811035012,275
5905897286,275
6446218921,275
6446218922,275
1556097034,275
1556097387,275
1556097139,275
1556097111,275
1556097271,275
1556097147,275
1556097215,275
875789647,276
25473201,276
1311961947,276
1311962012,276
1311962111,276
1723315608,277
7636278193,277
7636278195,277
7636278196,277
7636278198,277
4807521484,277
1309067471,277
3741131600,277
5927671121,277
7636244312,277
7636244313,277
7636244314,277
9042037852,277
914822496,277
2624005734,277
914822508,277
9030155763,277
5927671156,277
9030155766,277
9030155767,277
4826555772,277
1755708768,278
1758552678,278
1758552682,278
2990717003,278
1759454351,278
973128722,278
1755708765,278
1755708766,278
7223326412,279
4835108997,279
1144619335,279
8784212017,280
1150003155,280
9808795611,280
4826555767,280
4826555768,281
1150003195,281
25632870,281
1150003224,282
1150003170,282
1150003472,283
25473202,283
9042129984,283
9042129983,283
1238249904,284
7900221108,284
1736734053,284
2140125056,284
1311962065,285
1311961846,285
1311962079,285
1547013760,286
1547013601,286
8785024514,286
1547013704,286
1312453936,286
1547013653,286
1312453879,286
1547013593,286
9694096799,286
256766531,287
3739049348,287
1326821480,287
2387242385,287
4826555770,287
1353133536,288
4643336966,288
4643336968,288
4643336979,288
1353133533,288
1547013574,289
6149398572,289
1547013588,289
1547013592,289
1547013724,289
1547013621,290
1547013694,290
1547013567,290
4402629177,291
4402594986,291
1547013655,291
8807410149,292
1547013672,292
1547013705,292
9856119630,292
1547013688,292
1547013699,293
1550763732,293
1547393025,294
1547392771,294
4920098350,294
1547392848,294
1547392818,294
1547392914,294
1547392951,294
1547392728,294
1547392764,294
1547392894,294
1547392927,294
6218468163,295
1550763749,295
9704122321,295
4847781269,295
1550763708,295
1556097153,296
1556097030,296
1556097448,296
1556097227,296
5905896973,296
1556097166,296
1556097177,296
1556097178,296
1556097051,296
6918421504,297
6918421512,297
6918421513,297
1556097136,297
6918421503,297
1556097337,298
1556097148,298
1556097217,299
1951372930,299
1556097092,299
1556097222,299
4085404135,299
1561071656,299
1556097353,299
1561071655,299
1561071632,299
1590114998,299
1556097431,299
1556097306,299
1556097245,300
5189042550,300
1951372909,300
5976760443,301
1556324659,301
1590088452,302
1561071644,302
1599652497,303
5504771250,303
1599652492,303
1617532089,304
1617532091,304
3265436260,305
4697288390,305
2341656968,305
4697287178,305
1828408303,305
8620082704,305
6327557047,305
4696568114,305
5146127859,305
4696544885,305
367102039,305
6327557048,305
1617596505,305
4696545402,305
4166662878,305
6868293535,305
1617647898,306
1617647900,306
8373728532,306
1617647903,306
1617647928,307
1617647931,307
1617647924,307
1678452786,308
3474115151,308
7610670751,308
7610670876,309
1678452788,309
1678452789,309
7610670892,309
7610670826,310
7610670830,310
7610670771,310
1678452790,310
7610670780,310
7610670781,310
1684835042,311
1684835138,311
1684835110,311
8868809321,311
1684835019,311
6014333809,311
1684835121,311
1684835093,311
1684835030,311
1684835062,311
1684835097,311
1707790024,312
4658088777,312
250549835,313
1718566997,313
1718567007,313
9804685199,314
9804685200,314
9804685201,314
9804685202,314
1723388986,314
7620895974,315
25161384,315
1727515734,315
110274,316
6369329155,316
6369329159,316
4076095242,316
25497613,316
6369329170,316
4076095253,316
1813618231,316
1813618232,316
1813618234,316
3320947996,316
4076095262,316
4158000323,317
1816959492,317
1828402755,318
1828402756,318
1832248440,319
2576893628,319
1938819280,320
9684083979,320
1678452780,320
1939632512,321
108418,321
4826555773,321
1939632510,321
1953096696,322
2632476618,322
7796554012,322
2632476590,322
1990694635,323
1990694647,323
3130435826,324
1990694638,324
6431923714,325
6431923715,325
5471345385,325
9693974377,325
308837357,325
2146369238,325
9161061783,325
9846850972,325
9846850973,325
9846850974,325
2146369240,326
5468301601,326
10607626,326
6332545601,327
9030284967,327
3093894066,327
2254629351,327
2665239972,328
6509684093,328
2665239973,329
2665239975,329
2665239976,329
2665239977,329
2665239978,329
9684083981,329
2935324281,330
2737313094,330
288193455,330
3691462888,331
9804685203,331
9804685204,331
2755124949,331
9804685206,331
9804685205,331
2872704413,332
3706494694,332
2914561217,333
5924603458,333
5924603459,333
5924603460,333
5924603457,333
5924611312,333
5924603444,333
5924603445,333
5924603446,333
5924603447,333
5924603449,333
8500636794,333
5924603452,333
5924603453,333
5924603454,333
5924603455,333
4992781181,334
2990721391,334
3197339674,335
3197339676,335
3247825561,336
3247825562,336
3741131606,336
4938216620,337
3267461735,337
3272782432,338
1547013738,338
3272782429,338
3272782446,338
3644748769,339
3519288132,339
9693628389,340
3741117629,340
9693628390,340
3892081362,341
3892081363,341
5788363874,342
4208239651,342
4208239642,342
9201323561,342
4462680076,342
9201323322,342
5374181585,342
6606148797,342
3972566714,342
6606148798,342
5899711453,342
5899711454,342
4072083342,343
4072083343,343
4166662881,344
8620105277,344
4169836445,344
8675201264,345
7911282822,345
1556097326,345
4169714270,345
8026335686,346
4174200046,346
5609643672,347
4197055203,347
5609643675,347
4316306163,348
4316306164,348
1137777341,348
4401149224,349
4401149225,349
4401149228,349
5927671120,349
5927671155,349
4879371168,350
4879371165,350
4421008566,350
4665352264,351
4665352262,351
4697525032,352
26374229,352
4697525030,352
8497605091,353
4777885221,353
4827019220,354
835390894,354
4866475736,355
4866475731,355
4866475733,355
4942595236,356
9781435149,356
5177352922,357
5177352923,357
5177352932,357
5177352933,357
9733914457,358
5253290694,358
25496750,359
5265840063,359
5609643673,360
5609643674,360
9024139129,361
6369361794,361
6369361795,361
6369361789,361
6645346885,362
6711365597,362
6967585840,363
7824747297,363
302013777,364
6969936105,364
6969936106,364
7572833353,365
7572833350,365
7911282827,366
4169714271,366
7620895976,367
7926686249,367
7926686252,367
1587330970,368
8783914189,368
8604055550,368
8869040027,369
8869040028,369
9691082176,370
4872502280,370
