node_id,cluster_id
4211515660,0
6866516260,0
2453947049,0
2453947051,0
1832666032,0
1637578546,0
2576893629,0
3519288132,0
25496789,0
25496790,0
25496792,0
8787692633,0
8787692634,0
3644748769,0
8787384683,0
8787384684,0
8787384685,0
8787384686,0
4211515634,0
104315,0
4211515644,0
4211515645,0
5119652864,1
5119652865,1
6431923714,1
6431923715,1
1816959492,1
2458273291,1
4077495820,1
4077495821,1
350377999,1
4077495826,1
25495543,1
1810130458,1
9203537438,1
9203537439,1
343669791,1
343669798,1
4077495854,1
4077495855,1
1832227886,1
447887921,1
4077495858,1
2458260532,1
1832227893,1
4077495862,1
9201323575,1
4077495867,1
4077495872,1
2458256449,1
4077495883,1
25495640,1
5899738713,1
25495646,1
6724775011,1
6724775012,1
6724775013,1
6724775014,1
6724775015,1
6724775016,1
6724775017,1
6724775018,1
6108171363,1
1832248428,1
6124650606,1
1236791408,1
338472562,1
5948183671,1
338472567,1
1832227968,1
25509513,1
5504212623,1
4077495951,1
26678167,1
9805219989,1
25509526,1
25509527,1
4077495957,1
6279388822,1
6279388823,1
6279388824,1
4077495964,1
25509533,1
25509534,1
350437528,1
4730978978,1
1236791459,1
4942595236,1
4730978981,1
4730978982,1
4730978979,1
4730978983,1
4077495971,1
4730978984,1
2458257578,1
9694031532,1
5265953452,1
5265953454,1
1364161197,1
5265953455,1
5265953457,1
5265953450,1
5265953459,1
5265953451,1
2458301100,1
1832228016,1
1938953399,1
1684437690,1
1684437692,1
1319881922,1
4158000323,1
1319881924,1
4530195657,1
4275394254,1
1236791504,1
894485202,1
2146369238,1
1953202903,1
1953202907,1
21578459,1
1596648673,1
5471345385,1
1236791535,1
4076126448,1
1832129778,1
9197589238,1
109815,1
109816,1
2458303223,1
109818,1
1832129783,1
1832129789,1
25495807,1
1236791552,1
25495808,1
25495809,1
1832129795,1
4076126468,1
9781435146,1
9781435148,1
9781435149,1
25495822,1
25496847,1
25496848,1
25496849,1
470727954,1
25496850,1
1938819348,1
1938819346,1
1938819350,1
1938819351,1
25496851,1
25496854,1
1832129813,1
25496855,1
25496857,1
338474269,1
1707790107,1
1832129823,1
25481504,1
1707790105,1
25481506,1
8975700259,1
8975700260,1
8975700261,1
6828931875,1
1832129831,1
1832052008,1
25495823,1
8975700266,1
25495858,1
9781311295,1
9856119617,1
6828927809,1
7946372933,1
7946372934,1
7946372935,1
7946372936,1
7946372937,1
7946372938,1
7946372939,1
7946372940,1
7946372941,1
7946372942,1
5516594509,1
21392278,1
1832129873,1
1655214934,1
1832129878,1
109408,1
109409,1
109410,1
108389,1
108390,1
8787384680,1
9693974377,1
1655214955,1
2458257570,1
9197589363,1
1953202962,1
6828921209,1
2458307450,1
6828921211,1
6828921210,1
104318,1
2458257573,1
6407948171,1
6407948172,1
9161061778,1
9161061779,1
2453941139,1
9804471701,1
9804471702,1
9161061783,1
26678168,1
26678169,1
26678166,1
2453941147,1
5207487900,1
9846850972,1
9846850974,1
9846850973,1
5119652863,1
26678171,1
25495824,1
1148249927,1
6988528038,1
6988528039,1
8645592521,1
1364172237,1
9197589454,1
9197589455,1
9197589457,1
1938953379,1
25497563,1
25497564,1
25497566,1
6279388821,1
3644748768,1
25495838,1
3644748770,1
308837357,1
1364168178,1
3817308659,1
3817308660,1
4076126707,1
1364168180,1
25495542,1
5119652857,1
1364169899,1
5119652862,1
1360122879,1
6369329152,2
6369329153,2
6369329154,2
6369329155,2
6369329156,2
6369329158,2
6369329159,2
6369329160,2
6369329161,2
6369329162,2
6369329163,2
6369329164,2
6369329165,2
6369329166,2
6369329167,2
8989843465,2
6369329169,2
6369329170,2
6369329171,2
6369329172,2
6509584408,2
20955164,2
2293833760,2
2293833763,2
25067558,2
7815143465,2
2218344498,2
2218344501,2
27459638,2
2218344503,2
2218344505,2
2218344508,2
2218344509,2
2218344510,2
2218344511,2
2218344516,2
2218344518,2
262078536,2
2218344522,2
7815143503,2
25632855,2
25632856,2
25632857,2
25632858,2
25632859,2
28418138,2
28418141,2
25632862,2
25632863,2
25632864,2
25632865,2
28418144,2
2642878568,2
2642878569,2
25477228,2
2934268020,2
25067636,2
7815143559,2
25477258,2
25067670,2
3381130086,2
7815143581,2
8785567902,2
367100073,2
5160943793,2
5160943794,2
4297212084,2
5160943797,2
5160943798,2
1566269623,2
25477301,2
25477300,2
5160943803,2
490946748,2
5160943806,2
5160943807,2
25067727,2
25067728,2
4297212114,2
4297212119,2
25477335,2
25067737,2
25477339,2
4297212128,2
4297212129,2
377490664,2
27459830,2
25477371,2
25067788,2
6463234329,2
5925626141,2
5925626142,2
3644785104,2
4297212194,2
4297212204,2
4618510643,2
6739026230,2
4663312695,2
4663312696,2
4663312697,2
4663312698,2
27459905,2
4297212226,2
8579522887,2
1144619335,2
1782718791,2
1782718792,2
5247852872,2
237908,2
8390582613,2
237911,2
1081508186,2
25067871,2
1081508200,2
27459945,2
25067883,2
1955520879,2
25248112,2
1081508209,2
25248114,2
25248115,2
25248113,2
25248117,2
25248118,2
25248119,2
1955520887,2
2297373047,2
1955520890,2
25248120,2
25248122,2
25248125,2
25248126,2
25248127,2
5087519104,2
25248128,2
25248123,2
25248124,2
27459971,2
27459970,2
27459969,2
27459966,2
5065949596,2
25067933,2
5065949598,2
25067935,2
25067936,2
268124583,2
4143767990,2
5095547321,2
259252667,2
9690915259,2
9690915263,2
9690915264,2
8373690817,2
354886082,2
8373690819,2
8373690820,2
8373690818,2
28418497,2
9690915265,2
8373690824,2
8373690825,2
8373690826,2
8373690827,2
8373690828,2
8373690829,2
8373690830,2
8373690831,2
8373690832,2
8373690833,2
8373690834,2
8373690835,2
8373690836,2
8373690837,2
8373690838,2
8373690839,2
8373690840,2
8373690841,2
8373690842,2
8373690843,2
8373690844,2
8373690845,2
8373690846,2
8785568228,2
4077593104,2
470729237,2
268124704,2
7926686250,2
354886099,2
4305986094,2
4430996023,2
4430996024,2
3267461693,2
3267461696,2
4430996033,2
3267461703,2
57786953,2
3267461709,2
441958990,2
3267461710,2
441958992,2
5238587992,2
3267461721,2
5238587994,2
3267461728,2
3267461729,2
27460198,2
3267461737,2
3267461742,2
27460210,2
3267461747,2
3267461749,2
3267461752,2
3267461756,2
3267461758,2
3267461759,2
1569343909,2
2294047369,2
27460250,2
7836164763,2
7836164764,2
7836164765,2
27460259,2
1268892338,2
3715515059,2
3499500226,2
2241962700,2
2620105428,2
21578454,2
7926563545,2
3519005409,2
3499500263,2
1566270189,2
4691460851,2
251757321,2
8429945617,2
8429945618,2
8807441176,2
3519013665,2
4164428578,2
1268900644,2
28418859,2
1268892466,2
1268892467,2
1268900660,2
28418877,2
28418879,2
28418880,2
390341443,2
4144358216,2
4144358217,2
2466456399,2
2466456400,2
2466456401,2
2466456402,2
2466456403,2
2466456404,2
2466456405,2
2466456406,2
2466456407,2
2466456408,2
2466456409,2
27460439,2
2466456411,2
2466456412,2
2466456413,2
9804653406,2
2466456414,2
9804653408,2
28418909,2
4167762778,2
385311590,2
28418921,2
4529881970,2
632447859,2
8429945717,2
1268892541,2
1759454078,2
3517719434,2
251757452,2
2586616722,2
4378043283,2
251757458,2
1759454104,2
1759454106,2
1759454118,2
1759454122,2
212927414,2
354935735,2
18469132,2
5177410511,2
1310663631,2
3586606038,2
3586606039,2
455705562,2
5353604060,2
5353604061,2
251757533,2
1312932832,2
1312932849,2
9693971447,2
1953096696,2
9693971449,2
9693971450,2
9693971451,2
9693971452,2
9693971448,2
585180151,2
9693971464,2
1312932879,2
7926506525,2
7926506526,2
7926506527,2
1312932894,2
7926506529,2
7926506530,2
7926506531,2
7926506532,2
1721713699,2
9754453026,2
9754453031,2
9754453032,2
9754453033,2
9754453027,2
9754453030,2
9754453028,2
9754453029,2
385311796,2
107584,2
9820537921,2
9820537922,2
107587,2
107588,2
3247932481,2
3247932486,2
107586,2
107585,2
9820537934,2
107602,2
675734610,2
675734613,2
107606,2
6332695638,2
6332695637,2
5046314073,2
2793874522,2
3585762393,2
6332695639,2
5046314077,2
1771458655,2
675734622,2
7572833379,2
7572833380,2
7572833381,2
329983075,2
5046314090,2
5046314091,2
5046314092,2
107628,2
107627,2
107626,2
1771458658,2
107634,2
107637,2
107638,2
107641,2
107643,2
107644,2
9856119648,2
107646,2
107647,2
5165786239,2
9856119649,2
5165786242,2
2935392676,2
5165786245,2
9856119650,2
107667,2
107668,2
1239549084,2
7487734942,2
9820538016,2
9820538017,2
9820538018,2
9820538019,2
107684,2
107685,2
107686,2
107687,2
107688,2
107690,2
9820538028,2
107692,2
107693,2
25470166,2
7620895974,2
2360681713,2
2387207417,2
2387207418,2
2387207420,2
2387207421,2
2387207423,2
9684083967,2
2387207425,2
2387207426,2
9684083971,2
28419328,2
9684083975,2
9684083976,2
9684083977,2
9684083978,2
9684083979,2
9684083981,2
9684083982,2
9684083983,2
9684083984,2
9684083987,2
9684083988,2
9684083992,2
9684083993,2
9684083995,2
3320947996,2
9021498664,2
2265048377,2
25068862,2
3816097102,2
3816097103,2
3816097104,2
3816097105,2
3816097106,2
3816097107,2
3816097108,2
3816097109,2
3816097110,2
9042027865,2
9042027866,2
357999964,2
1717650794,2
4826555767,2
1601832328,2
1556260235,2
4378043789,2
1556260241,2
25634199,2
9693963678,2
9693963679,2
9693963680,2
9693963681,2
9693963682,2
9693963683,2
4367041960,2
1954751914,2
4367041962,2
1954751916,2
1954751918,2
25544111,2
25544112,2
8318797234,2
8318797235,2
8318797236,2
8318797237,2
1954751924,2
9693963701,2
9693963702,2
9693963703,2
9693963704,2
9693963705,2
9693963706,2
9693963707,2
9693963708,2
2218362306,2
2218362310,2
2218362314,2
2218362316,2
2218362321,2
4571940314,2
4571940315,2
2218362332,2
9690915267,2
2218362336,2
1731216865,2
9690915268,2
1014803686,2
873809385,2
9690915271,2
25069046,2
9690915273,2
9690915274,2
6293128709,2
9690915275,2
722208263,2
3735889430,2
1810130457,2
255051289,2
5473273373,2
5473273376,2
4729628192,2
4089226784,2
1596655163,2
5473273425,2
5473273433,2
5473273435,2
25577057,2
1550763620,2
3528738434,2
264824452,2
3528738438,2
3528738439,2
3528738440,2
9690769059,2
8263157412,2
8263157413,2
8263157414,2
8263157415,2
8263157416,2
7271474856,2
7271474855,2
2490721964,2
8785503917,2
8785503918,2
8785503919,2
8785503920,2
1493722804,2
5041784501,2
4077627063,2
5218862786,2
6470264535,2
6470264536,2
5104314096,2
5104314098,2
2265065203,2
2265065207,2
4866623226,2
24659709,2
2378843909,2
4076095242,2
8868824843,2
4076095253,2
24659736,2
2195965722,2
2195965723,2
4076095262,2
8868824870,2
8868824871,2
24659764,2
5041784633,2
5041784634,2
25470781,2
25470783,2
25470784,2
8868824899,2
4864083784,2
4864083785,2
108391,2
108393,2
8373651315,2
8373651316,2
108406,2
3486459766,2
108409,2
5090420610,2
5090420614,2
2466449286,2
2466449288,2
2466449287,2
2466449289,2
2466449290,2
2466449291,2
2466449293,2
957122446,2
2466449295,2
2466449296,2
2466449294,2
2466449297,2
5104314256,2
5104314255,2
4807796633,2
2387224474,2
2387224475,2
7066617760,2
9693865890,2
5104314275,2
8042022825,2
710657963,2
2632476590,2
4719617974,2
24659907,2
3247933381,2
2632476618,2
5880186827,2
5880186828,2
2632476621,2
3247933387,2
25470928,2
1150003155,2
5931509715,2
5104314325,2
843376599,2
5931509720,2
5931509721,2
2632476639,2
3497461727,2
1725360097,2
1150003170,2
2218362849,2
9693628386,2
9693628387,2
9693628388,2
250324965,2
9673091207,2
24659947,2
5104314353,2
9754527740,2
9754527741,2
9754527742,2
9754527743,2
9754527744,2
9754527745,2
9703794688,2
9703794689,2
9703794687,2
9703794690,2
9703794686,2
9703794691,2
9703794692,2
9703794693,2
9703794694,2
9703794696,2
9703794695,2
9703794697,2
5104314384,2
1678452753,2
1150003224,2
1678452760,2
1678452770,2
1569343523,2
1678452780,2
1678452788,2
1678452789,2
9690974262,2
1678452791,2
1678452792,2
1678452793,2
9690974264,2
1678452795,2
1678452796,2
1678452797,2
9690974266,2
1678452799,2
9690974272,2
9690974265,2
1678452802,2
9690974275,2
9690974276,2
9690974277,2
9690974278,2
9690974274,2
3073173576,2
3073173585,2
21563479,2
1569343576,2
21563481,2
1569343577,2
9699944538,2
1215563870,2
21563489,2
25503841,2
1215563875,2
9703827555,2
25503845,2
1215563878,2
1215563879,2
25503848,2
1215563881,2
25503851,2
1215563885,2
21563503,2
1215563890,2
1215563891,2
21563508,2
1215563894,2
1215563895,2
25503862,2
1215563897,2
1215563903,2
5342251136,2
1215563905,2
4835108995,2
4835108996,2
4835108997,2
4835108998,2
4835108999,2
25503880,2
4835109001,2
4835109002,2
4835109000,2
1617596621,2
25503885,2
419350669,2
9673091208,2
9673091214,2
9673091213,2
25495698,2
4156336279,2
5517519002,2
3334162601,2
2140506294,2
368044217,2
9694087358,2
9694087359,2
9694087360,2
9694087361,2
4688513218,2
9694087363,2
9694087364,2
9694087365,2
4866705606,2
7082240198,2
9694087362,2
419350723,2
1312188619,2
5090420940,2
7223298253,2
7223298254,2
1938819279,2
7223298252,2
367077584,2
1938819282,2
1938819283,2
1938819284,2
5060405461,2
1938819286,2
1938819285,2
1938819288,2
1938819289,2
1938819290,2
4688513237,2
1938819292,2
1938819293,2
1938819294,2
5090420959,2
1938819296,2
5090420958,2
4688513241,2
1938819299,2
5090420964,2
1938819301,2
5090420965,2
1938819302,2
1938819304,2
6969936105,2
1938819306,2
6969936106,2
9027340515,2
6969936109,2
6969936112,2
1938819313,2
1312188660,2
1938819317,2
1938819316,2
1938819319,2
1938819320,2
1938819325,2
1938819326,2
1938819328,2
1938819329,2
1938819330,2
1938819331,2
1938819335,2
1938819336,2
8263166217,2
8263166218,2
8263166219,2
1569343756,2
1938819340,2
1150003472,2
1938819344,2
1717643537,2
1312188692,2
2140227862,2
1312188694,2
1046391070,2
1312188704,2
4866664736,2
1782728999,2
1312188714,2
4383369519,2
1312188722,2
8043350325,2
1312188731,2
2140432704,2
108864,2
108867,2
1312188741,2
8043350341,2
8869464398,2
4383369553,2
5224630617,2
25498458,2
1312188768,2
2990721389,2
2990721391,2
372050299,2
1312188797,2
5207476606,2
5207476607,2
5207476609,2
5207476610,2
25438595,2
5207476611,2
2902624645,2
5207476613,2
5207476615,2
25504129,2
5207476617,2
5207476619,2
25504143,2
25504144,2
21563791,2
25504149,2
1312188821,2
1312188824,2
20965794,2
250325411,2
20965796,2
20965797,2
20965798,2
20965799,2
20965800,2
20965801,2
4729448869,2
20965803,2
20965804,2
20965805,2
20965806,2
4729448871,2
25438638,2
1312188845,2
4244498866,2
8868194757,2
5925628361,2
1617596686,2
1312188883,2
1312188886,2
8868194778,2
2406484452,2
2406484453,2
2406484454,2
2406484455,2
8807410152,2
471488469,2
8807410154,2
4085778923,2
2406484460,2
8807410158,2
7607077361,2
4085778934,2
9042053623,2
9042053624,2
7607077372,2
5269678593,2
1401416203,2
1365887500,2
25438732,2
1401416208,2
4689775124,2
4689775126,2
3847023130,2
9710348827,2
9710348828,2
1312188955,2
3847023131,2
9673189925,2
9673189926,2
4534184507,2
1312188988,2
4534184516,2
3474115148,2
1782729295,2
1782729296,2
9684101713,2
9576827481,2
9576827482,2
4658088539,2
2135411294,2
2135411296,2
2135411297,2
1312189057,2
4658088585,2
4866591373,2
4866591374,2
4866591375,2
4866591376,2
9710332576,2
9710332577,2
4922952362,2
1312189098,2
6280047275,2
6280047277,2
6280047278,2
6280047280,2
473262779,2
25471681,2
24660697,2
4827019220,2
8318757605,2
8318757606,2
25471732,2
25471733,2
25471734,2
4089236235,2
275180300,2
4089236236,2
18393873,2
1163954964,2
5207477021,2
20458273,2
20458275,2
20458276,2
20458277,2
4627491642,2
4627491643,2
2969439040,2
1718233922,2
390073160,2
4138224462,2
109403,2
9699953505,2
4866976610,2
4866976611,2
1718233957,2
4866976613,2
4866976614,2
109416,2
4866976617,2
109414,2
109415,2
4992781181,2
24660863,2
1718233994,2
21392267,2
21392272,2
21392273,2
1163955130,2
8620272571,2
2265050050,2
435104715,2
435104717,2
1733389278,2
5473274866,2
25504755,2
25504756,2
3632581622,2
2872699894,2
25504760,2
25504763,2
25504769,2
25504770,2
25504777,2
25504779,2
5334625292,2
5334625293,2
9690975244,2
9690975243,2
9690975245,2
25496622,2
6985395258,2
2203888698,2
1719422038,2
1727515734,2
1938819280,2
3076574323,2
10677374,2
10677376,2
10677377,2
5880188045,2
5880188046,2
5931501991,2
6995618971,2
7553887392,2
109728,2
6995618979,2
7553887409,2
347335859,2
7553887415,2
347335878,2
2387209415,2
109766,2
3708234957,2
3708234964,2
21990624,2
5046627553,2
21990625,2
21990626,2
21990628,2
21990629,2
21990630,2
21990631,2
7553887464,2
21990632,2
21990634,2
1951616234,2
1951616236,2
21990637,2
21990638,2
21990633,2
1951616231,2
1951616232,2
1014803691,2
377490677,2
1014803702,2
1014803704,2
2914561272,2
2642857212,2
249679102,2
21523714,2
21523715,2
21523716,2
1951616261,2
1014803714,2
1951616263,2
1014803718,2
1014803721,2
7553887498,2
21523718,2
1951616268,2
21523719,2
1951616270,2
1951616276,2
7553887509,2
1951616278,2
1014803736,2
24661273,2
1951616283,2
1951616284,2
1951616287,2
1951616291,2
1951616292,2
3876429831,2
1951616295,2
1951616297,2
7223668011,2
7223668012,2
3231501611,2
5976853817,2
5046627645,2
5565443389,2
5565443390,2
1951616319,2
1951616322,2
1951616325,2
5565443397,2
1951616327,2
5046447437,2
25496910,2
9375100241,2
9375100242,2
9690974263,2
3220254039,2
9820523869,2
9820523870,2
9820523871,2
9820523872,2
1268903266,2
1793420652,2
316763501,2
1655418222,2
316763500,2
1793420660,2
316763513,2
9820523913,2
9820523914,2
9820523915,2
9820523916,2
6304787860,2
6304787861,2
316763545,2
6266867111,2
6266867112,2
6266867113,2
6266867114,2
835390894,2
429346236,2
316763584,2
429346241,2
316763586,2
429346243,2
9693982149,2
316763590,2
316763595,2
429346251,2
429346253,2
316763600,2
6985379285,2
6985379286,2
1148276186,2
4328443355,2
3499544028,2
1350430181,2
585199079,2
2466442731,2
1505332730,2
9080098305,2
9080098306,2
9080098307,2
9080098308,2
9080098309,2
249679365,2
9080098312,2
9080098313,2
9080098314,2
2987912733,2
9310662201,2
9310662202,2
1148276284,2
1547013692,2
1547013698,2
283061836,2
6218501713,2
6218501715,2
6218501717,2
6218501740,2
1547013743,2
6218501746,2
1186508405,2
6218501751,2
6218501753,2
2218348156,2
2218364541,2
6218501757,2
2218364543,2
25161345,2
25161346,2
25161347,2
25161348,2
4344245893,2
4344245892,2
25161351,2
25161352,2
25161353,2
4344245894,2
1497452171,2
25497222,2
25161360,2
25161361,2
25161362,2
25161363,2
25161365,2
25161366,2
9030037142,2
25161368,2
25161370,2
25161372,2
1569312412,2
2360684188,2
110238,2
25161377,2
25161378,2
25161379,2
25161380,2
25161381,2
25161383,2
25161384,2
25161386,2
25161387,2
4571238064,2
4571238067,2
4571238068,2
3972566710,2
3972566713,2
3972566715,2
3972566716,2
2387226304,2
110274,2
2387226307,2
472493763,2
2387226309,2
2387226311,2
1707790023,2
2387226313,2
1707790029,2
1707790044,2
1707790052,2
1707790055,2
1707790057,2
1707790062,2
1707790063,2
1707790064,2
2632486641,2
1707790067,2
2632486645,2
2632486646,2
7223365368,2
7223365370,2
7223365371,2
7223365372,2
25497340,2
1707790076,2
1707790077,2
1707790074,2
6014302223,2
25497347,2
1707790085,2
1835355916,2
1707790096,2
1782730512,2
2538458898,2
25505561,2
2331184927,2
2331184929,2
2331184930,2
2331184931,2
2331184932,2
5006978853,2
2331184934,2
5006978855,2
5006978856,2
5006978857,2
2331184935,2
3906588452,2
25505585,2
25505607,2
25505622,2
25505624,2
6525670234,2
25505629,2
6525670235,2
5227220835,2
7617785701,2
6525670236,2
6525670237,2
5227220845,2
7617785710,2
5227220846,2
25505648,2
6525670238,2
7617785714,2
7617785713,2
5227220848,2
1835356021,2
6525670239,2
9816821617,2
9024139129,2
9024139130,2
9024139131,2
9024139132,2
9024139133,2
9024139134,2
9024139135,2
9024139136,2
9024139137,2
9024139138,2
9030029183,2
250326914,2
9024139143,2
9024139144,2
9024139145,2
9024139146,2
25505673,2
9024139147,2
25505677,2
9024139148,2
9024139149,2
9024139150,2
25505679,2
4072083344,2
4072083345,2
4661317524,2
1233350862,2
1813794712,2
8869040027,2
8869040028,2
4661317536,2
4860825518,2
9691082671,2
1726730162,2
1726730165,2
7797731341,2
8976060358,2
24661966,2
7223709662,2
4232015838,2
7223709664,2
7223709668,2
7223709669,2
5046005743,2
5046005745,2
25497596,2
250327037,2
5046005758,2
25497599,2
1236791297,2
3518967818,2
25497611,2
25497612,2
25497613,2
7797731340,2
7797731342,2
3233714192,2
3233714193,2
3233714194,2
3233714195,2
3233714196,2
3233714197,2
3233714198,2
7797731343,2
24662037,2
5046005790,2
9694072864,2
1043001378,2
1726730281,2
2398924843,2
2398924845,2
1236791344,2
8784212017,2
2398924853,2
2398924855,2
250327100,2
5342236733,2
2398924863,2
1726730303,2
1043001410,2
1726730307,2
5342236740,2
1043001422,2
1043001423,2
1326821457,2
1726730329,2
1326821465,2
26374236,2
2398924893,2
18468958,2
282719,2
2398924896,2
18468961,2
2398924898,2
18468962,2
6369390691,2
6369390690,2
18468966,2
6369390692,2
6369390696,2
6369390697,2
6369390698,2
6369390693,2
6369390700,2
6369390701,2
6369390702,2
6369390694,2
6369390695,2
6369390699,2
1326821490,2
1726730354,2
1326821487,2
1326821489,2
250327159,2
5257738379,2
2934288509,2
1326821502,2
1326821504,2
2934288513,2
1155584130,2
2934288514,2
2961540,2
2934288517,2
2934288518,2
5257738381,2
1326821513,2
1326821515,2
2934288523,2
2961549,2
2934288530,2
1326821524,2
1326821525,2
2961557,2
5257738384,2
18395288,2
1326821539,2
1326821541,2
1326821542,2
1326821544,2
5177397418,2
5177397419,2
5177397420,2
25473199,2
25473200,2
25473201,2
25473202,2
1617596593,2
25473204,2
25473205,2
25473206,2
25473207,2
1326821557,2
1326821559,2
1236791478,2
1326821564,2
1326821566,2
1617596606,2
1326821568,2
1326821569,2
1233350848,2
1039290562,2
1233350847,2
1617596615,2
1617596616,2
1326821577,2
1326821579,2
6828863692,2
6828863691,2
6828863694,2
6828863693,2
6828863696,2
1326821585,2
1236791506,2
1326821587,2
6828863695,2
6828863697,2
6828863698,2
1617596627,2
472346838,2
1326821593,2
1039290586,2
1039290578,2
1326821596,2
5009060057,2
1039290584,2
25497824,2
9080123618,2
9080123619,2
25497828,2
25497829,2
1617596646,2
9080123622,2
9080123623,2
9080123624,2
1233350889,2
9080123627,2
9080123628,2
1326821613,2
1617596659,2
25497845,2
1939558646,2
1939558647,2
1939558648,2
1939558649,2
1939558650,2
1939558651,2
1326821624,2
1617596669,2
3894948093,2
1939558655,2
3894948091,2
1939558657,2
1939558659,2
1939558660,2
1939558661,2
1236791555,2
1939558663,2
1939558664,2
5141876996,2
1939558666,2
2387194123,2
1939558667,2
18469130,2
2387194126,2
2387194127,2
25497872,2
2387194128,2
1939558672,2
2387194131,2
1939558674,2
2387194133,2
1939558678,2
1939558677,2
1939558671,2
1939558681,2
1939558673,2
1939558684,2
4072476959,2
1939558687,2
4072476960,2
1617596704,2
2387194148,2
2387194149,2
2387194150,2
1617596711,2
1939558697,2
1617596714,2
2387194156,2
2387194157,2
1939558701,2
1939558700,2
1939558704,2
7183962432,2
9693974851,2
473264457,2
4195103055,2
3497472337,2
9766629717,2
1312264546,2
2642612586,2
25497968,2
1771426165,2
1771426166,2
1939632502,2
1939632504,2
1782714747,2
4401156476,2
1771426172,2
1771426174,2
1771426173,2
9690878337,2
367104392,2
10572172,2
2934411661,2
1939632526,2
1042862477,2
10572178,2
10572179,2
10572180,2
2934411668,2
2934411667,2
1312264600,2
1042862492,2
1312264610,2
1312264618,2
7911297462,2
7911297463,2
33141178,2
747893184,2
372978120,2
347541965,2
5973397966,2
7911297486,2
347541973,2
864817628,2
2961885,2
2961891,2
1678283238,2
7797338599,2
7797338600,2
1678283242,2
1678283244,2
1678283247,2
5141877239,2
473264641,2
4017328647,2
250327576,2
2967343648,2
2967343649,2
250327591,2
5475684917,2
372978232,2
250327609,2
5177397821,2
5177397822,2
5177397823,2
5177397824,2
256766529,2
250327618,2
5177397825,2
5177397828,2
5177397829,2
5177397827,2
5177397830,2
5177397832,2
250327619,2
5177397835,2
1042862673,2
4530057817,2
5335233114,2
5335233113,2
9027367517,2
9027367518,2
5335233119,2
5335233120,2
3272782433,2
4369519204,2
2218340965,2
1042862696,2
5904585328,2
5049840242,2
4369519219,2
5049840243,2
5049840245,2
7797330549,2
5049840248,2
4369519227,2
251892353,2
1042862726,2
3850146457,2
18395811,2
4691514032,2
4530270906,2
4530270908,2
4530270913,2
8785457867,2
3892081373,2
1311961826,2
3892081378,2
1020211942,2
1311961846,2
251892475,2
2632430340,2
2612458244,2
2632430342,2
2612458246,2
1311961868,2
7906964247,2
7906964248,2
7906964249,2
7906964250,2
7906964251,2
1014649631,2
1401893666,2
1401926435,2
2480657190,2
5973627687,2
9021535020,2
4136137525,2
1311961910,2
4136137529,2
4136137530,2
6032044867,2
6032044868,2
9856119621,2
9710359368,2
1014649672,2
9856119626,2
4643337035,2
9856119628,2
9856119627,2
9856119632,2
9856119635,2
251892564,2
9856119637,2
9856119638,2
9856119639,2
8336028504,2
8336028505,2
9856119642,2
9856119643,2
1311961947,2
8336028509,2
8336028508,2
8336028510,2
6525670240,2
6525670241,2
6525670242,2
8336028507,2
9856119645,2
8336028516,2
8336028511,2
8336028512,2
8336028513,2
8336028515,2
8336028514,2
9856119651,2
3381130091,2
3381130090,2
3381130092,2
3381130087,2
3381130089,2
4054356842,2
367121266,2
4663309171,2
4054356847,2
1649365881,2
27480957,2
3876713343,2
3517985666,2
3145798533,2
1311961990,2
1311961991,2
4223357836,2
1311962012,2
1311962013,2
2279592862,2
2279592861,2
1311962016,2
4240028580,2
4827050921,2
268997560,2
8753664977,2
1311962065,2
1311962079,2
1311962080,2
3644748767,2
1311962082,2
3644748773,2
3644748774,2
2360685543,2
213668839,2
1311962089,2
213668842,2
5042033643,2
213668844,2
8373752817,2
5335245256,2
1311962111,2
1311962122,2
1311962130,2
251892754,2
24949780,2
319984684,2
1360122924,2
1723388979,2
1311962169,2
1723388985,2
9042129983,2
9042129984,2
9042129985,2
9042129986,2
1311962182,2
4150883407,2
3272712566,2
1233327202,2
250549348,2
20460681,2
20460686,2
20460687,2
20460688,2
20460690,2
20460691,2
20460692,2
20460694,2
20460695,2
20460696,2
20460697,2
8785441943,2
8785441944,2
6506796188,2
7607080091,2
1617532073,2
4938216619,2
419632303,2
419632306,2
419632307,2
1617532085,2
1617532087,2
1617532088,2
1617532090,2
1938953403,2
1617532092,2
1938953406,2
1938953413,2
1938953414,2
1938953417,2
1938953430,2
1938953431,2
1938953432,2
1938953433,2
251892950,2
347542743,2
1938953437,2
1054045407,2
4822267107,2
4822267109,2
9203578106,2
9203578107,2
4298970364,2
3381130493,2
4298970368,2
4298970380,2
1054045453,2
4298970384,2
8373728530,2
1312453915,2
1312453919,2
24950050,2
24950051,2
24950064,2
24950065,2
1312453950,2
1312453954,2
24950093,2
1312453966,2
8868001103,2
8868001104,2
24950097,2
1366095187,2
250549587,2
1366095189,2
1366095190,2
24950101,2
24950104,2
24950102,2
24950105,2
24950107,2
24950109,2
24950110,2
24950111,2
24950112,2
24950113,2
24950114,2
24950115,2
1312453981,2
24950117,2
1312453996,2
1312454015,2
1125619075,2
3550836102,2
249558409,2
1678226827,2
9161061775,2
9161061776,2
1312454038,2
5207487897,2
6871422362,2
6871422364,2
6871422365,2
1678226846,2
1312454045,2
1312454048,2
748885412,2
2665239973,2
250549670,2
1312454055,2
2665239976,2
2665239977,2
2665239978,2
2665239975,2
1312454066,2
1312454068,2
2919962038,2
2919962039,2
2919962040,2
2919962041,2
2919962042,2
2919962043,2
2919962044,2
2919962045,2
2919962046,2
1689605567,2
250549699,2
250549700,2
1312454086,2
1312454087,2
1312454100,2
25499095,2
9691076056,2
1125619161,2
4627445213,2
4627445215,2
25499104,2
4627445216,2
4627445217,2
1312454114,2
1678226917,2
25499115,2
422573549,2
8785024497,2
2632488435,2
4627445240,2
4627445241,2
2632488445,2
373364225,2
373364228,2
21583366,2
30078473,2
4627445257,2
4627445258,2
4627445260,2
4627445261,2
4627445259,2
8807429660,2
8807429664,2
8807429665,2
3215685153,2
1125619235,2
2003007012,2
473265708,2
5006063170,2
5006063171,2
5006063172,2
5006063173,2
1828402758,2
5006063175,2
1828402760,2
5006063176,2
5006063177,2
1828402759,2
5006063178,2
1828402765,2
5006063180,2
1828402767,2
5006063179,2
1828402769,2
5006063186,2
1828402771,2
1828402774,2
1678227031,2
4962956931,2
973158035,2
28800670,2
28800671,2
28800672,2
6110164641,2
6110164647,2
6110164649,2
6110164650,2
28800689,2
6110164659,2
6110164660,2
277337783,2
7223326407,2
5875062472,2
7223326409,2
7223326410,2
7223326411,2
7223326412,2
7223326413,2
7223326414,2
7223326408,2
5875062471,2
7613626070,2
9693910743,2
7613626073,2
2775635677,2
4329502449,2
4379801334,2
7817162929,2
255678213,2
250550023,2
250550024,2
419632906,2
6465896909,2
4230027057,2
4866651959,2
4866651962,2
4866651963,2
4866651966,2
9781311296,2
4866651968,2
9781311298,2
9781311299,2
367105859,2
4866651969,2
367105858,2
9781311297,2
2140124996,2
4859246418,2
4859246419,2
4859246420,2
5141354328,2
5141354329,2
5141354330,2
5141354331,2
5141354332,2
5141354333,2
4297054053,2
6525671279,2
8869435257,2
8869435258,2
2203268985,2
104319,2
104320,2
104322,2
8869435266,2
5711517571,2
8869435268,2
2466445190,2
5977954180,2
4428887946,2
5114681227,2
5114681230,2
252729234,2
8869435290,2
2387212189,2
25532332,2
9030121410,2
469759942,2
469759943,2
9808795598,2
9808795599,2
9808795600,2
9808795601,2
9808795602,2
9808795603,2
9808795604,2
9808795605,2
9808795606,2
9808795607,2
9808795608,2
9808795609,2
9808795610,2
9808795611,2
25532377,2
7223695323,2
7223695326,2
7223695327,2
25532384,2
471488472,2
7223695324,2
471488484,2
4715263992,2
4715264000,2
4715264001,2
4715264002,2
25475072,2
4715264004,2
5816743941,2
5816743942,2
5816743945,2
5816743947,2
9756243981,2
9756243982,2
9756243983,2
9756243984,2
9756243985,2
9756243986,2
5816743950,2
5816743949,2
6014302226,2
6014302227,2
6014302222,2
6014302228,2
9693730842,2
2632464413,2
2632464415,2
2632464416,2
6863550501,2
1419565097,2
2632464427,2
6863550510,2
25532464,2
3533830193,2
25532475,2
1736685635,2
25524297,2
4870281309,2
4870281310,2
4870281311,2
1211381855,2
25475182,2
10606709,2
32921720,2
373364868,2
373364870,2
373364874,2
3519879307,2
9611081868,2
3965024397,2
373364878,2
3965024399,2
3965024398,2
7617755275,2
7617755274,2
4650375309,2
3528710290,2
5257738389,2
1569216662,2
1312471190,2
5257738387,2
1312471193,2
5257738390,2
1312471188,2
1312471196,2
1312471197,2
1312471189,2
25499808,2
3858880674,2
3858880675,2
3858880676,2
3858880677,2
3858880678,2
1312471202,2
1312471208,2
1312471210,2
1312471216,2
3656358065,2
8868010162,2
1312471217,2
4866807989,2
1312471222,2
1312471223,2
2215139515,2
8868010171,2
4650375357,2
2632431806,2
2632431807,2
1312471252,2
8868010202,2
1312471258,2
3153656028,2
8868010205,2
3153656030,2
1312471265,2
1312471267,2
1312471271,2
8868010216,2
8868010218,2
4650375402,2
8868010221,2
27351282,2
27351284,2
25475331,2
25475332,2
6985373980,2
7796554012,2
6985373982,2
25632774,2
6985373983,2
3139705121,2
6985373984,2
1685272862,2
8868010279,2
8868010280,2
8868010281,2
8868010287,2
9027328313,2
9027328314,2
5816744255,2
5816744257,2
8429934918,2
1617647944,2
1617647945,2
4650375504,2
4297242961,2
2140420434,2
4650375508,2
9659603285,2
5306194265,2
25475419,2
1536948581,2
3319978344,2
1536948605,2
1755265415,2
1536948622,2
1755265428,2
1755265432,2
367106464,2
1755265444,2
473266627,2
2387220933,2
1782716888,2
7223728617,2
212916714,2
25475561,2
321255919,2
6369401334,2
8620105268,2
469776896,2
8785484288,2
367114771,2
10607127,2
10607128,2
10607129,2
8785484312,2
8785484313,2
8785484316,2
10607133,2
8785484315,2
8785484314,2
7657257518,2
9375078973,2
9375078974,2
9375078975,2
25475661,2
5238528591,2
6840965712,2
25475664,2
4297243218,2
25475663,2
3696548438,2
25475674,2
9729684314,2
9024076384,2
9024076385,2
25475688,2
25475690,2
25475691,2
25475692,2
25475693,2
5736692334,2
7223712382,2
4297243295,2
4297243298,2
25475767,2
25475770,2
1569241807,2
1569241808,2
419347194,2
419347195,2
419347196,2
419347197,2
419347198,2
419347199,2
419347200,2
419347201,2
419347202,2
419347203,2
25500427,2
5141625621,2
5141625623,2
5141625625,2
27458331,2
5141625630,2
2793904931,2
27458353,2
4077599543,2
4077599544,2
4077599545,2
475396924,2
446765895,2
473258827,2
355416911,2
355416914,2
7223704403,2
355416920,2
1571298141,2
5141625696,2
25066338,2
5141625698,2
25500517,2
5141625702,2
5141625703,2
9042025325,2
25500535,2
4860803960,2
4860803961,2
3930921860,2
1718328198,2
5041945479,2
5041945481,2
1571298192,2
1571298195,2
24951721,2
25066412,2
3673602988,2
7947041713,2
3673602993,2
25066419,2
25066450,2
25066451,2
25066453,2
25066457,2
269589467,2
9310682079,2
8373623781,2
25066470,2
2012969971,2
9804774392,2
4866784251,2
3265436678,2
3265436680,2
3265436686,2
3265436688,2
3518995475,2
3265436692,2
8672066581,2
7236131861,2
3265436695,2
7236131864,2
7236131862,2
7236131865,2
3497483291,2
25476124,2
3735886877,2
25476127,2
7745051680,2
25476131,2
25476132,2
25476134,2
7636163631,2
24951856,2
4866653236,2
1782712524,2
9855343702,2
1684511838,2
2140421219,2
2140421220,2
2140421222,2
2140421223,2
2140421224,2
8755805313,2
8515091589,2
1721678995,2
9691102358,2
1363483801,2
9691102362,2
4158004390,2
4867087535,2
244128953,2
25066684,2
5929540796,2
1782725824,2
25066694,2
748797126,2
25066696,2
9021504714,2
9021504715,2
9021504716,2
9710304459,2
9710304460,2
4703542482,2
4703542483,2
21990627,2
748797145,2
302013673,2
5573991659,2
5573991660,2
302013676,2
302013678,2
302013681,2
302013682,2
302013685,2
388455682,2
7636180236,2
7636180237,2
7636180239,2
7636180241,2
7636180242,2
4155841811,2
4155841820,2
4210859292,2
25066784,2
1787108646,2
1787108647,2
1787108648,2
1787108649,2
1787108650,2
9269886261,2
7900888377,2
1755708736,2
5925584201,2
5925584203,2
5925584204,2
875789647,2
302013776,2
302013777,2
1601797458,2
2935373159,2
2935373161,2
6951230826,2
7567588716,2
7946378607,2
7946378608,2
8807431535,2
8807431541,2
7900888437,2
8807431546,2
8807431548,2
8807431550,2
8807431551,2
1678245252,2
9030155653,2
9030155654,2
8807431559,2
8807431560,2
5006065037,2
5006065038,2
5006065039,2
5006065040,2
5006065041,2
2872704413,2
18382242,2
3215687074,2
3499556266,2
1782717878,2
2775653836,2
9135848919,2
9135848920,2
9135848921,2
9135848922,2
9135848923,2
9135848924,2
9135848925,2
1852997088,2
9030155749,2
9030155750,2
9030155751,2
9030155753,2
9030155754,2
5141216745,2
9030155756,2
1913216493,2
9030155755,2
5141216746,2
5141216754,2
5055364608,2
5055364610,2
5055364611,2
5055364612,2
5055364614,2
3528711693,2
5141216782,2
8620105233,2
8620105234,2
8620105236,2
5141216790,2
8620105240,2
4630855193,2
9693920794,2
9693920795,2
8620105244,2
9693920797,2
8620105243,2
8620105242,2
9693920801,2
4630855202,2
4630855203,2
4630855204,2
4630855205,2
9693920803,2
9693920802,2
4920098343,2
4920098342,2
3528711722,2
8620105259,2
27459116,2
4920098344,2
4920098349,2
27459120,2
8620105265,2
1813618227,2
1813618228,2
1813618229,2
1813618230,2
1813618231,2
1813618232,2
1678155318,2
1813618234,2
9804578356,2
25067068,2
1343823418,2
8620105269,2
8620105270,2
2387213896,2
2387213899,2
2387213902,2
2387213904,2
6110191188,2
9756278362,2
9756278363,2
9756278364,2
27459165,2
3704225374,2
3704225375,2
3704225376,2
8923643489,2
3704225378,2
3704225379,2
3704225380,2
6327615076,2
8923643490,2
5976850023,2
5976850024,2
6327615075,2
6327615074,2
7610670710,2
2935324280,2
27459198,2
3328228993,2
3328228994,2
3328228996,2
3328228998,2
4726152840,2
3328229004,2
4726152844,2
4726152847,2
4726152848,2
4726152850,2
761831060,2
3722411669,2
4726152854,2
4726152857,2
1214922421,2
1813618358,2
1214922426,2
1214922428,2
1214922429,2
9027340516,2
255860415,2
5198585557,2
5198585559,2
9781190365,2
9781190366,2
9781190367,2
9781190368,2
9781190369,2
7644741346,2
7644741345,2
3706494694,2
4034060007,2
7644741351,2
6948380395,2
4034060012,2
4034060015,2
585129712,2
4034060017,2
4034060018,2
25067268,2
742399752,2
3987750677,2
3987750679,2
7610670876,2
5218844445,2
5218844446,2
3987750684,2
3987750685,2
3987750686,2
4085767970,2
4085767971,2
3987750692,2
8064065316,2
4085767974,2
3987750687,2
3987750688,2
4085767978,2
8064065323,2
7610670892,2
4085767980,2
4085767983,2
4166967089,2
4085767989,2
7926554423,2
7926554424,2
4085767993,2
7610670906,2
4085767992,2
25067324,2
27459951,2
7926554430,2
7926554431,2
21307200,2
1813618497,2
7610670913,2
21307201,2
30056255,2
21307202,2
7610670919,2
7610670921,2
4629462859,2
30056277,2
4764884821,2
1326821471,2
27459959,2
4530339698,2
4530339699,2
4530339700,2
4530339701,2
4530339702,2
30056310,2
6369361788,2
6369361789,2
6369361790,2
8438226815,2
6369361792,2
6369361791,2
6369361794,2
6369361795,2
6369361796,2
6369361797,2
25067400,2
1547657104,2
2389802901,2
2389802904,2
25632677,2
25632683,2
25632684,2
367091632,2
4748394420,2
25067461,2
25067463,2
25067469,2
25067470,2
25067473,2
25067476,2
3813810133,2
3813810132,2
25067479,2
7836155866,2
7836155869,2
1718566880,2
104321,3
5046314042,3
9693760971,3
24951853,3
1046306670,3
24951854,3
4922952373,3
5046314040,3
9856119641,3
268997562,3
5046314043,3
25632860,3
5046314041,3
4167762779,4
104323,4
8429225386,4
8429706219,4
8429795032,4
295977520,4
6110191186,4
4167762777,4
8429774517,4
4167762776,4
8429795033,4
8429795034,4
8429795035,4
3855607516,4
1237883773,4
2364384488,5
8030470473,5
585124778,5
1951242858,5
1951242860,5
3397689900,5
2364378222,5
2364371185,5
2364379602,5
2364379603,5
2364379604,5
2364379605,5
107613,5
107614,5
1864047135,5
25475328,6
1990912129,6
25473281,6
9700060292,6
690295047,6
9690878344,6
4872502279,6
9632417162,6
9632417163,6
4078858000,6
4078858001,6
869968536,6
4136124524,6
4777885221,6
4777885222,6
4085387943,6
9683581480,6
4085387945,6
4136124526,6
7246486955,6
283062189,6
3385332654,6
9683686963,6
3733791671,6
585127354,6
1155552319,6
1137777343,6
8030470464,6
585130362,6
9683585635,6
903630659,6
8030470469,6
8497605091,6
7638732490,6
7638732491,6
25475417,6
585148380,6
4832472797,6
9135845214,6
680069471,6
107615,6
8579240311,6
9135845216,6
9135848931,6
680069473,6
9135845213,6
6265654109,6
9135848928,6
1951242856,6
1951242857,6
1990912106,6
1951242859,6
2364384492,6
2364384490,6
680069483,6
2364387947,6
9135848938,6
9135848937,6
2364371186,6
1990912115,6
8579240307,6
8579240309,6
8579240310,6
8579240308,6
8579240312,6
8579240313,6
8579240314,6
25473279,6
473219610,7
7926686249,7
7926686252,7
5340811829,7
5340811830,7
4085783099,7
4085783103,7
4085783105,7
4077579334,7
7911243856,7
7911243857,7
7911243858,7
7911243861,7
7911243863,7
6446292570,7
1727515754,7
107632,7
1569216123,7
1569216650,7
473258639,7
25161375,7
25532576,7
6458938017,7
1951372959,7
7824803494,7
7824803495,7
109737,7
7824803501,7
1747873474,7
1418752708,7
2142502090,7
1418752721,7
1951616226,7
7620895976,7
473258249,7
1722621718,7
25067803,7
9072449309,7
5141228834,7
1569216316,7
1536948541,7
1569216326,7
763372884,7
763372886,7
9413430622,7
7911267686,7
7911267687,7
7911267688,7
7911267690,7
7911267692,7
7911267693,7
7911267694,7
1312453999,7
7911267696,7
7911267695,7
8814668141,7
5104314222,7
9659831673,7
9659831674,7
9659831675,7
25265023,7
25067914,7
1312454029,7
1312454031,7
25067920,7
7911231380,7
3887941013,7
7911231384,7
5104314264,7
2059790748,7
1312454058,7
1312454061,7
25544110,7
25265075,7
25265077,7
25265078,7
25265079,7
25265080,7
5340811717,7
1312454090,7
4166634955,7
4166634957,7
24952269,7
4166634962,7
5141216740,7
5141216741,7
2496836226,8
108420,8
3093897988,8
3093897989,8
2496836231,8
3093897991,8
1312188679,8
1255490314,8
250549636,8
2402557839,8
1280491924,8
1280491926,8
2402557597,8
2402557599,8
250325410,8
3787645606,8
3787645607,8
3787645608,8
3787645609,8
3787645610,8
2387232555,8
2387232556,8
2387232557,8
2387232559,8
3093894065,8
2387232561,8
2387232563,8
1150003513,8
806373565,8
9030284989,8
9030284990,8
3741117630,8
4749090120,8
25477197,8
1722268367,8
9856119633,8
1722268381,8
1722268384,8
1722268388,8
5492419692,8
5492419693,8
5565455857,8
5565455858,8
8236052983,8
8236052987,8
8236052988,8
8236052990,8
8236052991,8
108835,9
108837,9
4193151464,9
4305986091,9
7620902731,9
5905893978,9
4211515621,10
108903,10
25496777,10
245200970,10
1830276654,10
9189397456,10
4211515569,10
663363473,10
4211515891,10
8256049397,10
8256049399,10
1536948608,11
1536948612,11
25505670,11
20626311,11
1536948487,11
3796814729,11
1536948618,11
20626315,11
20626310,11
20626312,11
20626316,11
7572522511,11
1852996875,11
7572522513,11
1536948631,11
6509584413,11
1536948517,11
7572522534,11
109734,11
7572522540,11
1536948652,11
7572522547,11
1536948536,11
1572551227,11
2504847039,11
7572522566,11
4866475725,11
4866475730,11
4866475731,11
4866475733,11
4866475736,11
7572522585,11
4866475737,11
1852996954,11
1536948578,11
109411,11
109412,11
25264998,11
2504822135,11
1536948474,11
7572522492,11
9753609738,12
9753609739,12
9753609740,12
9753609741,12
9753609742,12
9753609743,12
9753609744,12
9680972177,12
9680972178,12
9753609745,12
25505685,12
9680972185,12
25161373,12
7824747295,12
7824747297,12
7824747298,12
7824747300,12
7824747302,12
7824747303,12
7824747304,12
7824747305,12
7824747307,12
25067307,12
7824747308,12
6967585840,12
6967585841,12
109746,12
6967585842,12
1827389620,12
1782727992,12
1722621630,12
4220613456,12
700774224,12
5201625566,12
2941549918,12
5840176866,12
25505634,12
1990694635,12
1990694638,12
1990694641,12
3130435826,12
1990694647,12
1852996856,12
9681020156,12
9681020157,12
1852996734,12
5006764037,13
5006764038,13
5006764039,13
5006764040,13
1312189073,13
1312188945,13
1312188689,13
1312188696,13
25477149,13
25477150,13
25477151,13
25477152,13
25477153,13
25477154,13
26067235,13
25477156,13
26067237,13
1312189091,13
26067239,13
26067236,13
3320743081,13
1954751908,13
1312188843,13
26067238,13
26067234,13
1312188730,13
1312188858,13
9693935550,13
1312188735,13
109760,13
9693935551,13
1312188994,13
1312188614,13
1312188622,13
1312189013,13
1312188760,13
3892081372,13
1312319838,13
3741078112,13
7644884069,13
1312188774,13
9856119640,14
373402354,14
109780,14
9856119634,14
18468953,15
9514602150,15
9514602151,15
9514602152,15
9514602153,15
5047029678,15
109785,15
25066461,15
25066462,15
6166157035,16
109788,16
24952267,16
1882379274,17
2112030869,17
1882379285,17
2112030873,17
291951643,17
275179767,17
1723340842,17
4425001783,17
110140,17
110141,17
9051462722,17
4823243100,17
6855696504,17
3247578846,17
435104742,17
6855696495,17
1882379248,17
6855696497,17
6855696498,17
6855696500,17
627985397,17
6855696502,17
6855696503,17
25472760,17
275179893,17
25472763,17
4823246342,18
1684835093,18
5609643672,18
1684835097,18
5609643675,18
1684835110,18
1684835245,18
1684835121,18
1141415219,18
1685281076,18
110143,18
1684835138,18
1150003270,18
1684835019,18
1309067472,18
2036125649,18
1684835030,18
2036125657,18
1684835042,18
4197055203,18
8868809321,18
1493658224,18
6014333809,18
6864015603,18
1684835062,18
1238259337,19
4530011788,19
9375170320,19
6261920913,19
6261920914,19
4530012691,19
4530012690,19
4530012692,19
4530012694,19
4530012695,19
4530012696,19
6261920915,19
1150003480,19
4530012699,19
4530012700,19
4530012701,19
4530012702,19
6866779806,19
4530012703,19
4530012704,19
1771453218,19
7805198627,19
1771453217,19
3499567135,19
1771453860,19
1711679380,19
3197333544,19
288193455,19
7191329809,19
28728210,19
5565487612,19
3197339673,19
7191329811,19
3197339674,19
4729385030,19
4729385031,19
2737313094,19
1711679434,19
9808795596,19
3197339676,19
9375170321,19
59526352,19
9375170322,19
282708,19
9375170323,19
1150003547,19
21990620,19
9375170324,19
1731225566,19
1150003423,19
9375170325,19
9375170326,19
249470452,19
4316306166,19
2935324281,19
28728187,19
1536039932,19
5426506500,20
25495695,20
1938953377,20
25495617,20
25495618,20
9856119619,20
1985084100,20
1816038230,20
25495769,20
25495770,20
350437608,20
10572779,20
25496817,20
25496818,20
25496819,20
25496820,20
25496821,20
321255925,20
5060391417,20
1958800795,21
8972441127,21
25496748,21
528126781,21
1985084095,21
5265830862,21
25496785,21
25498457,21
7847748059,21
8972511963,21
8972511965,21
8785568224,21
438170475,21
21583342,21
25496815,21
10572785,21
7918978033,21
10572786,21
4429088632,21
5470932256,22
5468301601,22
10607626,22
10607629,22
8715830798,22
7947057586,22
5468301555,22
2146369237,22
2146369240,22
5470932252,22
5470932253,22
5470932255,22
9782353731,23
8784159562,23
2496836303,23
249467025,23
6467134930,23
6467134931,23
8784181688,23
10676799,23
1312264577,24
1311961985,24
794039687,24
9042133642,24
5043864464,24
28800661,24
28800662,24
25161371,24
1782724124,24
28800667,24
316763548,24
1782724125,24
250550174,24
1401908258,24
1311962151,24
9042026424,24
1311962043,24
1312264648,24
1312264524,24
1684511955,24
9856119636,24
7836155864,24
7836155865,24
7836155867,24
7836155868,24
7836155870,24
9042041320,24
9042041321,24
1718328435,24
10677375,24
8975529088,25
4462680067,25
4462680068,25
9203541381,25
7840712839,25
1832248457,25
1832248458,25
9781435147,25
4569700109,25
4462680078,25
5374174224,25
1360122901,25
595709975,25
338474265,25
14672924,25
5573994014,25
5573994016,25
5573994017,25
5603454627,25
5603454628,25
5573994019,25
1832129958,25
1360122919,25
5374174120,25
1360122925,25
7203717550,25
1938953395,25
1360122937,25
5374183741,25
5374183742,25
6329690691,25
8975645638,25
8975645640,25
8975645641,25
25151180,25
4512763348,25
1360122841,25
5460658138,25
5600934876,25
1360122860,25
5573931377,25
5839156209,25
1360122866,25
1360122871,25
5573931385,25
8975529082,25
8975529083,25
8975529084,25
8975529085,25
8975529086,25
529722111,25
250550400,26
1939632514,26
4992781187,26
3739049348,26
4992781189,26
1939632519,26
20460684,26
973101839,26
9042120207,26
2387242385,26
2387242386,26
8869472274,26
3870640530,26
25477148,26
3870640547,26
3870640548,26
4401149224,26
2387240745,26
4401149225,26
2387240747,26
4401149228,26
4992781175,26
7636278191,26
4401149234,26
7636278194,26
7636278197,26
7636278199,26
7636278200,26
1326821561,26
7636278201,26
3741117629,26
256766531,26
18398282,26
1312335310,26
5927671120,26
1326821460,26
1326821592,26
5238500312,26
5238500313,26
914822492,26
9042037853,26
2387245025,26
873684193,26
2387245026,26
2387245027,26
2387245029,26
9693628390,26
9693628389,26
1326821480,26
632438506,26
9030155757,26
9030155758,26
8869472239,26
9030155759,26
9030155760,26
8869472240,26
1326821619,26
9030155762,26
2990732269,26
5927671155,26
8869472247,26
4826555769,26
4826555770,26
4826555771,26
4992781180,26
5609638014,26
6978555522,27
1758554289,27
2990780037,27
2990780039,27
20460680,27
20460682,27
2990806410,27
2990806411,27
2990806413,27
2990806415,27
2990806416,27
968499092,27
968499093,27
819132568,27
1684781470,27
4195111355,27
4246525220,27
4246525223,27
316763559,27
316763561,27
316763563,27
1758554286,27
8975833904,27
8975833905,27
6978563378,27
6978563379,27
6978563380,27
6978563381,27
6978563382,27
6978563383,27
6978563384,27
8975833913,27
8975833912,27
8975833915,27
4682627259,27
4682627261,27
8975833914,27
4682627263,27
4682627264,27
6978577985,27
4682627266,27
4682627265,27
256766532,27
256766533,27
748941508,27
4195111363,27
1758554291,27
1150003147,27
1150003532,27
9041828942,27
1759454163,27
1758554294,27
1759454429,27
3763407460,27
5041784423,27
748941546,27
748941552,27
1150003571,27
5067002867,27
748941556,27
6978531575,27
748941560,27
6978555518,27
20625793,28
25497603,28
697037343,28
6149398571,28
5905807278,28
1547657140,28
1312471226,28
1312471228,28
6301948477,28
6301948480,28
9694091974,28
9694091975,28
9694091976,28
9856119625,28
9694091978,28
9694091977,28
9694091981,28
9694091982,28
9694091983,28
25474005,28
9694104278,28
9694104279,28
1312471255,28
9694104280,28
25474015,28
25475053,28
8579276917,28
5976760445,28
5976760446,28
5976760447,28
9694032608,29
9694032609,29
585200775,29
20625800,29
585200818,29
710521820,29
9694032606,29
9694032607,29
5189042552,30
20626282,30
8675201272,30
5189042551,30
7824803490,31
7824747299,31
7824803492,31
7824747301,31
1536948646,31
7824803493,31
4085778920,31
7824747306,31
5146186589,31
7824803500,31
1536948431,31
1536948529,31
20626301,31
5146186590,31
9856119647,31
20626307,32
1852996517,32
1852996670,32
1360122886,33
1236791433,33
4378043661,33
4378043662,33
1837610895,33
4378043667,33
20955158,33
9805219991,33
9805219992,33
9805219993,33
9805219994,33
9805219990,33
269547420,33
269547419,33
4378043682,33
1360122917,33
4076095791,33
1360122929,33
1360122933,33
4370333627,33
1609966653,33
4370333629,33
9856119620,33
4370333637,33
9197322310,33
4370333638,33
4370333643,33
4370333648,33
9197326420,33
3519872213,33
25500246,33
4076095834,33
1163955034,33
4331121755,33
1360122845,33
4331121754,33
1596648671,33
1360122856,33
21685481,33
21685483,33
21685484,33
1360122861,33
21685485,33
25500530,33
1360122873,33
9856119623,34
9201323564,34
21392276,34
25509525,34
2343269909,34
4462680070,35
4462680076,35
21392279,35
4208239642,35
5603454625,35
5603454626,35
4208239651,35
9201323561,35
6606135979,35
21686572,35
21686574,35
9201323322,35
3972566714,35
6606148797,35
6606148798,35
5374181585,35
4462683090,35
5899711453,35
5899711454,35
5788363874,35
9203541612,35
21563788,36
5907366887,36
9748953621,37
21578461,37
3515286914,38
3515286915,38
3515286916,38
5565466183,38
1493676622,38
1493676623,38
28728208,38
25477106,38
21990614,38
25477858,39
4556931602,39
4556931603,39
4556931604,39
3661703766,39
819157975,39
819157946,39
21990622,39
24950048,40
5095547180,40
5095547184,40
24950005,40
24950013,40
6918421504,41
1951372930,41
24952195,41
24952196,41
2528522503,41
1951372935,41
6918421512,41
6918421513,41
2528522507,41
1556097163,41
4072083342,41
4072083343,41
1561071632,41
2528522518,41
1556324759,41
1556097431,41
1556097092,41
1556097306,41
2528522528,41
1556097185,41
6985465124,41
6985465125,41
1561071655,41
1547013672,41
6985465129,41
6985465130,41
1556097321,41
1561071656,41
2528522542,41
4018000435,41
1590114998,41
1556097080,41
6985465145,41
1556324793,41
1547013688,41
1556097217,41
9694091972,41
9694091973,41
1556097222,41
4777897927,41
4777897928,41
1547013705,41
1556097353,41
1556324683,41
1556324684,41
25278669,41
25278670,41
1556097098,41
9856119630,41
3385387604,41
3385387605,41
3385387606,41
3385387607,41
696477399,41
1556097368,41
6918421503,41
1556097118,41
4117882851,41
4117882852,41
8807410149,41
4085404135,41
4117882856,41
4117882857,41
4085404136,41
4117882860,41
1556097136,41
1556097137,41
1951372915,41
1951372927,41
25067264,42
25067265,42
2566132609,42
25067266,42
1852996996,42
2504822145,42
25067267,42
1569382119,42
6509584414,42
2504822137,42
1569382170,42
2504822139,42
1569382174,42
25066687,42
25067304,43
2566132610,43
2566132611,43
25161356,43
25067395,44
25067396,44
25067397,44
5146186470,44
950703625,44
950703626,44
5146186463,44
5146186489,44
25067326,44
1726783391,44
9856119646,45
25067427,45
25067398,45
25071090,46
25071131,46
5247857728,47
9691101411,47
9691101412,47
25161357,47
2387194158,47
5141877019,47
25471736,48
25503860,48
7271474849,49
321255907,49
25472324,49
25472545,50
4675821944,50
4675821925,50
4675821932,50
4665353645,50
4665353644,50
762080111,50
1617596591,50
8373728533,50
25472566,50
25473048,50
25472379,50
1617596607,50
4823246341,51
4425001781,51
4425001782,51
25472767,51
7447716112,52
25472789,52
9161061774,52
25472800,53
4571194090,53
4571194091,53
1954751920,53
2036125650,53
2940401398,53
6014339453,53
1684835105,54
1684835107,54
1684781486,54
3739048019,54
3739048020,54
3739048021,54
25472885,54
4948630427,54
4675822093,55
4675822095,55
4675822097,55
8373728531,55
4675822100,55
8373728532,55
1617647898,55
761830938,55
1617647900,55
1617647901,55
1617647903,55
4661317153,55
4661317155,55
1617647919,55
1617647924,55
1617647928,55
1617647931,55
1617647934,55
4665352262,55
4665352264,55
761831000,55
25472890,55
761831039,55
25473004,56
4665353662,56
25473203,57
5067002855,57
1569486259,58
25475597,58
6696695781,59
8784000965,59
6696695783,59
8783914189,59
8604055550,59
1587330970,59
25475678,59
9823138208,60
9823138209,60
1326821607,60
1326821594,60
25475694,60
25475695,60
25475696,60
25475697,60
4297211186,60
4297211187,60
25475698,60
435104726,60
435104727,60
435104728,60
355416921,60
1326821466,60
9823138206,60
7075087297,61
7075087298,61
7075087299,61
6273056647,61
6273056648,61
9693963689,61
6239229422,61
6239229423,61
9693963696,61
435104721,61
9693963698,61
25475699,61
1326821620,61
9693963699,61
6272993491,61
6272993492,61
9693963697,61
25497619,61
25475754,62
1816777875,62
1493229962,62
806373533,63
25477774,63
25495544,64
269550333,64
25495697,65
9856119622,65
25495819,66
25495820,66
6354294763,66
1834657467,66
1834657469,66
470727776,67
5736847361,67
5736847362,67
5736847363,67
5736847364,67
25496100,67
749947393,67
749947402,67
25495852,67
25495854,67
25495855,67
350629203,67
269584410,67
317930380,68
4211515637,68
4211515622,68
25496775,68
5014591889,69
1816038199,69
1816038211,69
1816038214,69
323260106,69
25496779,69
25496780,69
25496781,69
25496782,69
25496783,69
1816038224,69
25496786,69
25496787,69
25496788,69
1816038233,69
25496797,69
25496798,69
25496799,69
25496800,69
1816038237,69
1816038239,69
1985084135,69
25496814,69
1145174402,70
1599652492,70
1599652497,70
4571241384,70
9820538031,70
5504771250,70
355416887,70
355416890,70
355416892,70
3257317059,70
9820537936,70
9820537937,70
9820537940,70
9820537941,70
9820537942,70
9820537943,70
9820537944,70
9820537946,70
1165343843,70
4729480806,70
4729480807,70
4729480808,70
4571244658,70
4571244659,70
4571244660,70
4571244663,70
25497595,70
2135411308,71
5711517565,71
5457908028,71
25499655,71
7610670826,72
7610670830,72
25504145,72
25504146,72
7610670771,72
25504148,72
1678452790,72
7610670780,72
7610670781,72
1828402762,73
25505643,73
1828402764,73
1828402763,73
25505618,73
25505662,73
3664398006,73
2142508727,73
25505593,73
25505630,73
25505695,73
1556097153,74
8785024515,74
1556097030,74
5905896973,74
1556097166,74
1556097177,74
1556097178,74
1556097051,74
1556097320,74
1556097448,74
1547013554,74
1556097227,74
1547013710,74
25532494,74
9856119631,74
1547013589,74
1547013719,74
3272782429,74
3272782432,74
8807410150,74
8807410151,74
1547013738,74
3272782446,74
1556097048,75
25532542,75
2480657188,76
4826448085,76
25632678,76
2135411293,76
25632680,77
25632679,77
1042862785,78
7911297478,78
302013672,78
302013674,78
302013675,78
7815533548,78
7815533546,78
6345441358,78
7911297487,78
3486459762,78
3486459764,78
3486459765,78
249558966,78
347539416,78
3081980920,78
249560538,78
27480956,78
27480958,78
27480960,79
27480961,79
2140125056,79
9678821156,79
1736734053,79
9678821159,79
9678821160,79
9678821161,79
1238249904,79
7900221108,79
3486459769,79
28193265,80
3170676207,80
3984132034,81
3984132035,81
4116809027,81
3984132037,81
4116809028,81
302013708,81
4422013486,81
249679343,81
28418929,81
4089885905,81
4244498867,81
4244498868,81
2990651905,82
1759454351,82
2990651920,82
2990651921,82
973128722,82
28800660,82
973128725,82
28800664,82
9693929369,82
28800666,82
5042032158,82
5041945508,82
9693903657,82
2990664881,82
1755708730,82
1755708732,82
5565443391,82
1755708737,82
1755708738,82
1755708739,82
1758552521,82
1758552522,82
2990717003,82
250549835,82
1718566997,82
1755708765,82
1755708766,82
1718567007,82
1755708768,82
1755708646,82
1755708647,82
1755708648,82
1758552678,82
1758552682,82
1547393025,83
1547392771,83
707377287,83
30056330,83
1547392914,83
1547393045,83
1312471191,83
1547392927,83
6149398572,83
4920098350,83
1547392818,83
4619022514,83
1547392951,83
3830043581,83
1312471231,83
8579233861,83
8579233862,83
1547013574,83
1547392848,83
1547013588,83
1547392728,83
1547013592,83
1547013724,83
1547013597,83
1547392865,83
5580861156,83
6600283121,83
251892979,83
1547013754,83
1547392764,83
1547392894,83
3741131608,84
149431715,84
3741131607,84
213672005,85
213670986,85
1719422032,85
2642878644,85
1312189047,85
249558964,86
249559005,86
302013662,86
7900221088,87
249560091,87
9021491075,87
7900221087,87
6332545601,88
338319877,88
9030284967,88
7151566952,88
2254629351,88
250327660,88
3093894066,88
20955169,89
367074596,89
9693971465,90
4230595026,90
377494060,90
27331469,90
435104736,91
435104732,91
435104735,91
6218468163,92
1550763749,92
1547013711,92
9704122321,92
471488499,92
4847781268,92
1493722803,92
4847781269,92
1550763764,92
1550763708,92
1561411396,93
585201189,93
8579276918,93
3068267824,94
670103313,94
690295042,95
9690878341,95
5122737222,95
9690878343,95
748941577,96
748941573,96
811035012,97
5905897286,97
6446218921,97
6446218922,97
1556097034,97
1556097387,97
1556097139,97
1556097111,97
1556097271,97
1556097147,97
1556097215,97
1723315608,98
3247825561,98
3247825562,98
7636278193,98
7636278195,98
7636278196,98
7636278198,98
4807521484,98
1309067471,98
3741131600,98
5927671121,98
3741131606,98
7636244312,98
7636244313,98
7636244314,98
9042037852,98
914822496,98
2624005734,98
914822508,98
9030155763,98
5927671156,98
9030155766,98
9030155767,98
4826555772,98
4826555768,99
1150003195,99
25632870,99
1547013760,100
1547013601,100
1547013730,100
8785024514,100
1547013604,100
1547013699,100
1547013704,100
1312453936,100
1550763732,100
1547013653,100
1312453879,100
1547013593,100
9694096799,100
1353133536,101
4643336966,101
4643336968,101
4643336979,101
1353133533,101
1547013621,102
1547013694,102
1547013567,102
4402629177,103
4402594986,103
1547013655,103
1556097337,104
1556097148,104
1556097245,105
5189042550,105
1951372909,105
1590088452,106
7911282822,106
1556097326,106
8675201264,106
1561071644,106
4169714270,106
5976760443,107
1556324659,107
1617532089,108
1617532091,108
2341656968,109
4697287178,109
8620082704,109
4169836445,109
6868293535,109
4696568114,109
6327557047,109
6327557048,109
8620105277,109
4697288390,109
367102039,109
1617596505,109
4166662878,109
4166662881,109
3265436260,109
1828408303,109
5146127859,109
4696544885,109
4696545402,109
1678452786,110
3474115151,110
7610670751,110
1707790024,111
4658088777,111
5177352932,112
5177352933,112
1707790099,112
5177352922,112
5177352923,112
9804685199,113
9804685200,113
9804685201,113
9804685202,113
1723388986,113
1761598585,114
4316306163,114
4316306164,114
1137777341,114
1828402755,115
1828402756,115
1832248440,116
5600934875,116
2576893628,116
1939632512,117
108418,117
4826555773,117
1939632510,117
2665239972,118
6509684093,118
3691462888,119
9804685203,119
9804685204,119
2755124949,119
9804685206,119
9804685205,119
2914561217,120
5924603458,120
5924603459,120
5924603460,120
5924603457,120
5924611312,120
5924603444,120
5924603445,120
5924603446,120
5924603447,120
5924603449,120
8500636794,120
5924603452,120
5924603453,120
5924603454,120
5924603455,120
4938216620,121
4166634958,121
3267461735,121
9733914457,122
3817308667,122
5253290694,122
3892081362,123
3892081363,123
8026335686,124
4174200046,124
4879371168,125
4859130051,125
9822267116,125
4421008566,125
4879371165,125
4697525032,126
26374229,126
4697525030,126
4872502280,127
5947858321,127
9691082176,127
25496750,128
5265840063,128
5609643673,129
5609643674,129
6645346885,130
6711365597,130
7572833353,131
7572833350,131
7911282827,132
4169714271,132
