node_id,cluster_id
3644748769,0
6866516260,0
3519288132,0
2453947051,0
4211515660,0
8787384683,0
1832666032,0
1637578546,0
8787692633,0
8787692634,0
104315,0
5119652864,1
5119652865,1
6431923714,1
6431923715,1
1816959492,1
2458273291,1
4077495820,1
4077495821,1
4077495826,1
1810130458,1
9203537438,1
9203537439,1
343669791,1
343669798,1
4077495854,1
4077495855,1
4077495858,1
2458260532,1
4077495862,1
9201323575,1
4077495867,1
4077495872,1
2458256449,1
4077495883,1
25495640,1
25495646,1
6724775011,1
6724775012,1
6724775013,1
6724775014,1
6724775015,1
6724775016,1
6724775017,1
6724775018,1
6108171363,1
1832248428,1
6124650606,1
1236791408,1
5948183671,1
1832227968,1
25509513,1
5504212623,1
4077495951,1
26678167,1
9805219989,1
25509526,1
25509527,1
4077495957,1
6279388822,1
6279388823,1
6279388824,1
4077495964,1
25509533,1
25509534,1
4730978978,1
1236791459,1
4942595236,1
4730978981,1
4730978982,1
4730978979,1
4730978983,1
4077495971,1
4730978984,1
2458257578,1
9694031532,1
5265953452,1
5265953454,1
1364161197,1
5265953455,1
5265953457,1
5265953450,1
5265953459,1
5265953451,1
2458301100,1
1832228016,1
1938953399,1
1684437690,1
1684437692,1
1319881922,1
4158000323,1
1319881924,1
4530195657,1
1236791504,1
894485202,1
2146369238,1
1953202903,1
1953202907,1
21578459,1
1596648673,1
5471345385,1
1236791535,1
4076126448,1
1832129778,1
9197589238,1
109815,1
109816,1
2458303223,1
109818,1
1832129789,1
25495807,1
1236791552,1
25495808,1
1832129795,1
4076126468,1
9781435146,1
9781435148,1
9781435149,1
25496847,1
25496848,1
25496849,1
470727954,1
25496850,1
1938819348,1
1938819346,1
1938819350,1
1938819351,1
25496851,1
25496854,1
1832129813,1
25496855,1
25496857,1
338474269,1
1832129823,1
25481504,1
25481506,1
8975700259,1
8975700260,1
8975700261,1
1832129831,1
8975700266,1
25495858,1
9781311295,1
9856119617,1
7946372933,1
7946372934,1
7946372935,1
7946372936,1
7946372937,1
7946372938,1
7946372939,1
7946372940,1
7946372941,1
7946372942,1
5516594509,1
1832129873,1
1655214934,1
1832129878,1
109408,1
109409,1
109410,1
108389,1
108390,1
8787384680,1
9693974377,1
1655214955,1
2458257570,1
9197589363,1
1953202962,1
2458307450,1
104318,1
2458257573,1
6407948171,1
6407948172,1
9161061778,1
9161061779,1
2453941139,1
9804471701,1
9804471702,1
9161061783,1
26678168,1
26678169,1
26678166,1
2453941147,1
5207487900,1
9846850972,1
9846850974,1
9846850973,1
5119652863,1
26678171,1
6988528038,1
6988528039,1
8645592521,1
1364172237,1
9197589454,1
9197589455,1
9197589457,1
25497563,1
25497564,1
25497566,1
6279388821,1
3644748768,1
3644748770,1
308837357,1
1364168178,1
3817308659,1
3817308660,1
4076126707,1
1364168180,1
5119652857,1
1364169899,1
5119652862,1
1360122879,1
6369329152,2
6369329153,2
6369329154,2
6369329155,2
6369329156,2
1236791297,2
6369329158,2
6369329159,2
6369329160,2
6369329161,2
6369329162,2
6369329163,2
6369329164,2
6369329165,2
6369329166,2
25497611,2
6369329167,2
6369329169,2
25497612,2
6369329171,2
6369329172,2
6369329170,2
25497613,2
3233714196,2
1150003224,2
3233714197,2
3233714198,2
3233714194,2
3233714195,2
2632464413,2
6509584408,2
2632464415,2
2632464416,2
2293833760,2
1678452770,2
2293833763,2
20955164,2
6863550501,2
1726730281,2
1419565097,2
2398924843,2
2632464427,2
2398924845,2
1678452780,2
6863550510,2
1236791344,2
8784212017,2
1678452788,2
2398924853,2
1678452789,2
2398924855,2
1678452792,2
1678452793,2
1678452791,2
1678452795,2
1678452796,2
1678452797,2
2398924863,2
1678452799,2
1726730303,2
1678452802,2
1726730307,2
1726730329,2
262078536,2
25524297,2
25632855,2
25632856,2
25632857,2
25632858,2
25632859,2
18468958,2
2398924893,2
4870281310,2
4870281311,2
2398924896,2
25632862,2
2398924898,2
1215563875,2
4870281309,2
1215563870,2
1215563878,2
1215563879,2
25632864,2
1215563881,2
25632865,2
18468966,2
6369390691,2
6369390698,2
18468962,2
6369390696,2
6369390701,2
6369390700,2
1215563890,2
1215563891,2
1326821490,2
6369390702,2
1215563894,2
1215563895,2
10606709,2
1726730354,2
25503862,2
21563508,2
32921720,2
7223704403,2
1326821502,2
1215563903,2
1326821504,2
1215563905,2
18468961,2
5342251136,2
373364868,2
1155584130,2
373364870,2
25503880,2
1326821513,2
373364874,2
3519879307,2
1326821515,2
3965024397,2
373364878,2
3965024399,2
3965024398,2
9611081868,2
7617755275,2
7617755274,2
1326821524,2
1326821525,2
25503885,2
4156336279,2
25495698,2
8785567902,2
25499808,2
1326821539,2
1326821541,2
1617596627,2
367100073,2
5177397418,2
5177397419,2
5177397420,2
3656358065,2
1617596593,2
1326821557,2
25473206,2
25473207,2
1326821559,2
1236791478,2
368044217,2
2215139515,2
1326821564,2
4650375357,2
1326821566,2
2632431806,2
2632431807,2
1326821569,2
1617596606,2
490946748,2
419350723,2
1617596615,2
1617596616,2
1326821577,2
1326821579,2
1782712524,2
1617596621,2
1938819279,2
367077584,2
1326821585,2
1938819282,2
1326821587,2
1938819284,2
1938819285,2
1938819286,2
5060405461,2
1938819288,2
1938819289,2
1938819290,2
1938819283,2
1326821596,2
1938819292,2
1938819294,2
1938819293,2
25497824,2
1938819296,2
1938819299,2
25497828,2
25497829,2
1938819301,2
1617596646,2
1938819304,2
1938819302,2
1938819306,2
4650375402,2
1326821613,2
1938819313,2
1617596659,2
1938819316,2
25497845,2
1938819317,2
1938819319,2
1938819320,2
1938819325,2
1938819326,2
1617596669,2
1938819328,2
1938819329,2
1938819330,2
1938819331,2
1236791555,2
25475331,2
25475332,2
1938819335,2
1938819336,2
8263166217,2
8263166218,2
2387194123,2
8263166219,2
1938819340,2
2387194126,2
2387194127,2
25497872,2
2387194128,2
1938819344,2
2387194131,2
1617596686,2
2387194133,2
1828402759,2
7610670906,2
7796554012,2
25632774,2
4072476959,2
4072476960,2
1617596704,2
2387194148,2
2387194149,2
2387194150,2
1782728999,2
1617596711,2
1617596714,2
2387194156,2
2387194157,2
8989843465,2
4383369519,2
6739026230,2
4663312695,2
4663312696,2
9024139148,2
4663312698,2
4663312697,2
9024139149,2
7183962432,2
2140432704,2
108864,2
108867,2
4530339701,2
1617647944,2
1617647945,2
4650375504,2
3497472337,2
2140420434,2
4383369553,2
237908,2
4650375508,2
237911,2
5306194265,2
1081508186,2
1536948581,2
1081508200,2
3319978344,2
25470781,2
1955520879,2
25497968,2
1081508209,2
1771426165,2
25470783,2
1955520887,2
1955520890,2
372050299,2
4401156476,2
25470784,2
1771426174,2
5207476606,2
5207476607,2
5207476609,2
5207476610,2
25438595,2
5207476611,2
5207476613,2
25504129,2
5207476615,2
367104392,2
5207476617,2
5207476619,2
10572172,2
1939632526,2
25504143,2
25504144,2
1536948622,2
10572178,2
10572179,2
10572180,2
21563791,2
1678452753,2
367106464,2
20965794,2
4034060015,2
20965796,2
20965797,2
20965798,2
20965799,2
20965800,2
20965801,2
4729448869,2
20965803,2
20965804,2
20965805,2
20965806,2
4729448871,2
25438638,2
4034060018,2
3518967818,2
4143767990,2
1678452760,2
33141178,2
747893184,2
8373690817,2
8373690818,2
8373690819,2
8373690820,2
473266627,2
372978120,2
8373690825,2
8373690826,2
8373690827,2
8373690828,2
8373690829,2
5973397966,2
8373690830,2
8373690832,2
8373690833,2
8373690834,2
8373690835,2
8373690836,2
8373690837,2
8373690838,2
8373690839,2
8373690840,2
8373690841,2
8373690842,2
8373690843,2
8373690844,2
8373690845,2
8373690846,2
864817628,2
8785568228,2
2466456412,2
7223728617,2
4085778923,2
321255919,2
2466456414,2
7607077361,2
6369401334,2
4085778934,2
21563479,2
8620105268,2
8620105269,2
7607077372,2
469776896,2
8785484288,2
21563481,2
957122446,2
473264641,2
4017328647,2
25438732,2
25503851,2
4689775124,2
470729237,2
4689775126,2
10607127,2
10607128,2
10607129,2
8785484312,2
8785484313,2
8785484316,2
10607133,2
8785484315,2
8785484314,2
268124704,2
21563489,2
5475684917,2
372978232,2
5177397821,2
5177397822,2
5177397823,2
5177397824,2
256766529,2
5177397825,2
5177397827,2
5177397828,2
5177397829,2
5177397830,2
3267461703,2
5177397832,2
9754527745,2
9754527744,2
5177397835,2
3474115148,2
3267461709,2
441958990,2
1782729295,2
1782729296,2
441958992,2
5238528591,2
9684101713,2
6840965712,2
268124583,2
3696548438,2
3267461710,2
4530057817,2
3267461721,2
4658088539,2
9729684314,2
2135411294,2
2135411296,2
2135411297,2
9024076384,2
9024076385,2
4369519204,2
3267461729,2
3267461728,2
25475688,2
3267461737,2
25475690,2
25475691,2
5736692334,2
21563503,2
3267461742,2
4369519219,2
3267461747,2
3267461749,2
3267461752,2
4369519227,2
3267461756,2
3267461758,2
3267461759,2
7223712382,2
4658088585,2
2294047369,2
4866591373,2
4866591374,2
4866591375,2
4866591376,2
18395811,2
4085767970,2
4085767971,2
4922952362,2
4691514032,2
1268892338,2
4085767974,2
4530270906,2
473262779,2
4530270908,2
25471681,2
4530270913,2
8785457867,2
2241962700,2
2620105428,2
25632863,2
6525670240,2
1311961826,2
3519005409,2
1020211942,2
4691460851,2
25471732,2
25471733,2
25471734,2
6525670241,2
419347194,2
419347195,2
419347196,2
419347197,2
419347198,2
419347199,2
419347200,2
419347201,2
419347202,2
2632430340,2
419347203,2
2632430342,2
25500427,2
275180300,2
4089236235,2
4089236236,2
4085767992,2
6525670242,2
1163954964,2
4085767993,2
8807441176,2
5207477021,2
3519013665,2
1401926435,2
1268900644,2
5006063178,2
2480657190,2
5973627687,2
25503841,2
5006063179,2
1536948605,2
1268892466,2
1268892467,2
1268900660,2
1311961910,2
4627491642,2
4627491643,2
25503845,2
390341443,2
9856119621,2
446765895,2
390073160,2
4643337035,2
25503848,2
2466456399,2
2466456400,2
2466456401,2
2466456402,2
2466456403,2
2466456404,2
2466456405,2
2466456406,2
2466456407,2
2466456408,2
2466456409,2
8336028505,2
9856119643,2
8336028508,2
8336028509,2
9804653406,2
8336028510,2
9804653408,2
8336028507,2
9856119645,2
2466456411,2
8336028516,2
25500517,2
2466456413,2
8336028511,2
8336028512,2
8336028513,2
8336028515,2
8336028514,2
6369390690,2
632447859,2
4663309171,2
25500535,2
4860803960,2
1649365881,2
4860803961,2
6369390692,2
8373651315,2
1268892541,2
6369390693,2
1214922421,2
8373651316,2
3876713343,2
6369390694,2
4650375309,2
1311961991,2
6369390695,2
6369361794,2
21392267,2
6369361795,2
21392272,2
6369390697,2
21392273,2
4378043283,2
2586616722,2
1759454104,2
1759454106,2
6369390699,2
1311962013,2
1311962016,2
1236791506,2
4240028580,2
1759454118,2
1759454122,2
354935735,2
1163955130,2
8620272571,2
2265050050,2
435104715,2
435104717,2
5177410511,2
3586606038,2
3586606039,2
455705562,2
269589467,2
5353604060,2
5353604061,2
9310682079,2
1311962082,2
8373623781,2
3644748774,2
25066470,2
2360685543,2
1311962089,2
8373752817,2
25504755,2
25504756,2
2012969971,2
8373690824,2
9804774392,2
1953096696,2
25504760,2
25504763,2
9781311296,2
9781311297,2
25504769,2
25504770,2
9756243981,2
107667,2
3265436678,2
9756243982,2
3265436680,2
25504777,2
1311962122,2
25504779,2
9756243983,2
3265436686,2
3265436688,2
9756243984,2
1311962130,2
3518995475,2
3265436692,2
9756243985,2
3265436695,2
8373690831,2
3497483291,2
9756243986,2
7926506525,2
7926506526,2
7926506527,2
7926506529,2
7926506530,2
7926506531,2
7926506532,2
9754453026,2
9754453027,2
9754453031,2
9754453032,2
9754453033,2
9754453030,2
9754453028,2
319984684,2
1360122924,2
9754453029,2
25496622,2
24951856,2
1723388979,2
4866653236,2
1311962169,2
1723388985,2
1311962182,2
5711517571,2
4150883407,2
9855343702,2
1938819280,2
282719,2
2140421219,2
2140421220,2
7572833381,2
2140421222,2
2140421223,2
2140421224,2
7572833379,2
7572833380,2
3076574323,2
5114681227,2
107641,2
107643,2
107644,2
107646,2
107647,2
8755805313,2
5114681230,2
2140506294,2
20460681,2
5880188045,2
20460686,2
20460687,2
20460688,2
5880188046,2
20460690,2
20460691,2
20460692,2
107668,2
20460694,2
20460695,2
20460696,2
20460697,2
9691102358,2
8785441943,2
6506796188,2
8785441944,2
9691102362,2
7607080091,2
1239549084,2
107684,2
107685,2
107686,2
107687,2
107688,2
1617532073,2
107690,2
4938216619,2
107692,2
107693,2
419632303,2
419632306,2
419632307,2
1617532085,2
1617532087,2
1617532088,2
244128953,2
1617532090,2
25066684,2
1617532092,2
1782725824,2
25066694,2
2387209415,2
25066696,2
9021504714,2
9021504715,2
3233714192,2
4703542482,2
4703542483,2
419350669,2
3233714193,2
1054045407,2
5046627553,2
4822267107,2
4822267109,2
2360681713,2
2387207417,2
2387207418,2
2387207420,2
2387207421,2
2387207423,2
9684083967,2
2387207425,2
2387207426,2
388455682,2
9684083971,2
9684083975,2
9684083976,2
9684083977,2
7553887498,2
9684083979,2
9684083978,2
1054045453,2
9684083981,2
9684083983,2
9684083982,2
9684083984,2
8373728530,2
9684083987,2
9684083988,2
7553887509,2
9684083992,2
9684083993,2
9684083995,2
3320947996,2
25066784,2
9021498664,2
7223668011,2
7223668012,2
5976853817,2
2265048377,2
5046627645,2
2919962041,2
5046447437,2
3816097102,2
3816097103,2
3816097104,2
3816097105,2
26374236,2
1366095187,2
1366095189,2
1366095190,2
2919962045,2
6951230826,2
1793420652,2
1655418222,2
7946378607,2
7946378608,2
4826555767,2
25505677,2
1125619075,2
4378043789,2
5006065038,2
9161061775,2
5006065040,2
5006065041,2
5006065037,2
5006065039,2
25634199,2
5207487897,2
6871422365,2
748885412,2
2665239973,2
2665239975,2
4367041960,2
2665239977,2
1954751914,2
4367041962,2
1954751916,2
2665239978,2
1954751918,2
2665239976,2
1954751924,2
9693963701,2
9693963702,2
9693963703,2
9693963704,2
9693963705,2
9693963706,2
9693963707,2
9693963708,2
2919962040,2
2919962039,2
2919962038,2
316763584,2
2919962042,2
316763586,2
2919962043,2
2919962044,2
9693982149,2
316763590,2
2919962046,2
316763595,2
2775653836,2
316763600,2
25499095,2
9691076056,2
1125619161,2
4571940314,2
4328443355,2
4571940315,2
4627445213,2
1148276186,2
4627445215,2
1852997088,2
25499104,2
4627445216,2
4627445217,2
2466442731,2
25499115,2
4866651966,2
2632488435,2
2466449291,2
4627445240,2
4627445241,2
2632488445,2
5055364608,2
373364225,2
5055364610,2
5055364611,2
373364228,2
6293128709,2
5055364612,2
5055364614,2
7223695323,2
4627445257,2
4627445258,2
4627445259,2
4627445260,2
4627445261,2
7223695324,2
21583366,2
8620105233,2
8620105234,2
8620105236,2
8620105240,2
4630855193,2
1810130457,2
8620105243,2
8620105244,2
8620105242,2
4089226784,2
4630855202,2
1125619235,2
4630855204,2
4630855205,2
4630855203,2
8620105259,2
473265708,2
8620105265,2
1813618227,2
1813618228,2
1813618229,2
1813618230,2
1813618231,2
1813618232,2
9310662201,2
9310662202,2
1596655163,2
1813618234,2
1678155318,2
25067068,2
8620105270,2
1148276284,2
5006063170,2
5006063171,2
5006063172,2
5006063173,2
1828402758,2
5006063175,2
2387213896,2
1828402760,2
5006063176,2
2387213899,2
5006063177,2
1828402765,2
2387213902,2
1828402767,2
2387213904,2
1828402769,2
5006063186,2
8336028504,2
1828402771,2
5006063180,2
1828402774,2
9756278362,2
9756278363,2
9756278364,2
3704225374,2
3704225375,2
3704225376,2
25577057,2
3704225378,2
3704225379,2
3704225380,2
6327615076,2
6327615075,2
5976850023,2
5976850024,2
6327615074,2
7610670710,2
3328228993,2
3328228994,2
4962956931,2
3328228996,2
264824452,2
3328228998,2
25161351,2
25161352,2
25161353,2
3328229004,2
973158035,2
761831060,2
3722411669,2
25161365,2
25161366,2
25161372,2
2360684188,2
8263157412,2
8263157413,2
8263157414,2
8263157415,2
8263157416,2
7271474856,2
7271474855,2
8785503917,2
8785503918,2
8785503919,2
8785503920,2
5041784501,2
1813618358,2
3972566710,2
4077627063,2
3972566713,2
1214922426,2
3972566715,2
3972566716,2
1214922428,2
1214922429,2
255860415,2
110274,2
1707790023,2
1707790029,2
7613626070,2
7613626073,2
9781190365,2
2775635677,2
1707790052,2
1707790055,2
4034060007,2
1707790057,2
4034060012,2
1707790062,2
1707790063,2
1707790064,2
4329502449,2
2632486641,2
1707790067,2
2265065203,2
2632486645,2
4379801334,2
2632486646,2
2265065207,2
4034060017,2
4866623226,2
1707790074,2
1707790076,2
1707790077,2
1707790085,2
4076095242,2
8868824843,2
419632906,2
1707790096,2
1782730512,2
4076095253,2
25505561,2
7610670876,2
4076095262,2
2331184927,2
2331184929,2
2331184930,2
2331184931,2
2331184932,2
5006978853,2
8868824870,2
8868824871,2
5006978855,2
5006978856,2
5006978857,2
25505673,2
2331184934,2
2331184935,2
7610670892,2
4085767983,2
4085767978,2
25505585,2
4085767980,2
4085767989,2
7926554423,2
4866651959,2
5041784633,2
5041784634,2
4866651962,2
7926554424,2
4866651963,2
7926554430,2
7926554431,2
4866651968,2
1813618497,2
9781311298,2
9781311299,2
8868824899,2
367105859,2
4866651969,2
367105858,2
7610670913,2
7610670919,2
7610670921,2
25505607,2
3267461693,2
4859246418,2
4859246419,2
4859246420,2
4764884821,2
25505622,2
3267461696,2
25505624,2
6525670234,2
1326821471,2
25505629,2
6525670235,2
7617785701,2
6525670236,2
108391,2
6525670237,2
7617785710,2
25505648,2
6525670238,2
7617785714,2
7617785713,2
4530339698,2
1835356021,2
6525670239,2
4530339700,2
4530339702,2
9024139129,2
108409,2
4530339699,2
9024139132,2
9024139133,2
9024139134,2
104319,2
104320,2
9024139135,2
9024139138,2
9024139136,2
9024139137,2
6369361789,2
2466445190,2
9024139143,2
9024139144,2
9024139145,2
9024139146,2
9024139147,2
2466449286,2
2466449288,2
4428887946,2
2466449287,2
2466449289,2
2466449290,2
2466449293,2
2466449295,2
2466449294,2
2466449297,2
2466449296,2
9024139150,2
25505679,2
4807796633,2
4661317524,2
1813794712,2
2387212189,2
4661317536,2
7066617760,2
9693865890,2
25632677,2
25632683,2
25632684,2
4860825518,2
2632476590,2
367091632,2
1726730162,2
1726730165,2
4719617974,2
472346838,2
469759942,2
469759943,2
2632476618,2
5880186827,2
5880186828,2
2632476621,2
25470928,2
1150003155,2
3813810132,2
9808795605,2
9808795606,2
9808795607,2
9808795608,2
9808795609,2
9808795610,2
9808795611,2
3813810133,2
7836155869,2
7223709662,2
2632476639,2
7223709664,2
1725360097,2
1150003170,2
3497461727,2
7223709668,2
7223709669,2
7223695327,2
7223695326,2
25475182,2
9754527740,2
9754527741,2
9754527742,2
9754527743,2
104321,3
5046314042,3
9693760971,3
24951853,3
1046306670,3
24951854,3
4922952373,3
5046314040,3
9856119641,3
268997562,3
5046314043,3
25632860,3
5046314041,3
9703794688,4
9703794689,4
9703794690,4
9703794691,4
9703794692,4
9703794693,4
9703794694,4
3876429831,4
9703794696,4
9703794695,4
9703794697,4
9375100242,4
7797731340,4
7797731341,4
7797731342,4
7797731343,4
5104314384,4
5816743950,4
5816743947,4
5816743949,4
9673091214,4
24662037,4
6014302223,4
6014302226,4
6014302227,4
6014302228,4
9693730842,4
5046005790,4
9694072864,4
1043001378,4
1569343523,4
25067558,4
7815143465,4
25532464,4
3533830193,4
2218344498,4
2218344501,4
27459638,4
2218344503,4
9690974262,4
2218344505,4
9690974264,4
25532475,4
2218344508,4
2218344509,4
2218344510,4
2218344511,4
5342236733,4
9690974272,4
1043001410,4
9690974275,4
2218344516,4
5342236740,4
2218344518,4
9690974277,4
3073173576,4
9690974276,4
2218344522,4
9690974278,4
1043001422,4
1043001423,4
7815143503,4
3073173585,4
1569343576,4
1569343577,4
28418138,4
9699944538,4
28418141,4
1211381855,4
28418144,4
1771458655,4
1771458658,4
9703827555,4
25477228,4
25067636,4
2934288513,4
4835108995,4
4835108996,4
4835108997,4
2961540,4
2934288517,4
4835109000,4
4835109001,4
4835109002,4
2934288518,4
2934288523,4
2961549,4
5257738381,4
5257738379,4
5257738384,4
9673091208,4
2934288530,4
3528710290,4
5257738387,4
2961557,4
1569216662,4
25067670,4
18395288,4
1312471193,4
5517519002,4
1312471190,4
5257738389,4
1312471197,4
5257738390,4
7815143581,4
1312471196,4
3858880674,4
3858880675,4
3858880676,4
3858880677,4
3858880678,4
1312471202,4
1312471208,4
1312471188,4
1312471210,4
1312471189,4
1312471216,4
7817162929,4
5160943793,4
5160943794,4
1312471217,4
4866807989,4
1312471222,4
1566269623,4
5160943798,4
5160943797,4
25477301,4
5160943803,4
25477300,4
25477258,4
9694087358,4
9694087359,4
9694087360,4
9694087361,4
4688513218,4
9694087363,4
9694087364,4
9694087365,4
4866705606,4
7082240198,4
9694087362,4
5141625698,4
1039290562,4
1312188619,4
7223298252,4
7223298253,4
7223298254,4
25067727,4
25067728,4
1233350862,4
1039290578,4
1312471252,4
4688513237,4
25477335,4
1039290584,4
4688513241,4
25067737,4
5141625702,4
3153656028,4
1039290586,4
3153656030,4
5141625703,4
25477339,4
1312471258,4
9080123618,4
9080123619,4
1312471267,4
9027340515,4
9080123622,4
1312471271,4
9080123623,4
6969936105,4
6969936106,4
9080123624,4
9080123627,4
6969936109,4
9080123628,4
1233350889,4
6969936112,4
27351282,4
27351284,4
1939558646,4
1939558647,4
1939558648,4
1939558649,4
1939558650,4
1939558651,4
27459830,4
3894948093,4
3894948091,4
1939558655,4
25477371,4
1939558657,4
1939558659,4
1939558660,4
1939558661,4
5141876996,4
1939558663,4
1939558664,4
1939558666,4
1939558667,4
18469130,4
25067788,4
1569343756,4
1939558671,4
1939558672,4
1939558673,4
1939558674,4
1717643537,4
7797338599,4
1939558677,4
2140227862,4
1939558678,4
6463234329,4
1939558681,4
1939558684,4
6985373980,4
1046391070,4
1939558687,4
6985373983,4
3139705121,4
6985373982,4
6985373984,4
4866664736,4
5925626141,4
5925626142,4
1939558697,4
1312188714,4
1939558700,4
1939558701,4
1939558704,4
8043350325,4
9703794686,4
9027328313,4
9027328314,4
5816744255,4
27459905,4
5816744257,4
9693974851,4
8043350341,4
8429934918,4
8579522887,4
5247852872,4
1144619335,4
1782718791,4
1782718792,4
4195103055,4
8390582613,4
9766629717,4
5224630617,4
1312471223,4
25475419,4
25067871,4
1312188768,4
27459945,4
25067883,4
27459951,4
25248112,4
25248113,4
25248114,4
25248115,4
25248117,4
1771426166,4
25248119,4
25248120,4
2297373047,4
25248122,4
25248118,4
1771426172,4
1771426173,4
25248123,4
25248127,4
25248128,4
25248124,4
25248125,4
25248126,4
1782714747,4
2902624645,4
27459971,4
27459970,4
27459969,4
9690878337,4
2934411661,4
1042862477,4
2934411667,4
2934411668,4
1312188821,4
1312264600,4
5065949596,4
25067933,4
5065949598,4
25067935,4
25067936,4
1042862492,4
1312264610,4
2935392676,4
1569343909,4
5931501991,4
1312264618,4
4244498866,4
7911297462,4
7911297463,4
5095547321,4
259252667,4
5160943806,4
9690915259,4
9690915263,4
9690915264,4
5160943807,4
28418497,4
9690915265,4
4715264000,4
2387220933,4
9808795598,4
9690915271,4
5335245256,4
5925628361,4
9808795599,4
9690915273,4
9690915274,4
6465896909,4
9690915275,4
7911297486,4
3644785104,4
4715264002,4
347541965,4
4715264004,4
1312188886,4
347541973,4
2961885,4
2961891,4
2406484452,4
2406484453,4
2406484454,4
2406484455,4
1678283238,4
8807410152,4
212916714,4
8807410154,4
2406484460,4
1678283244,4
8807410158,4
1678283247,4
1678283242,4
7797338600,4
25475561,4
5141877239,4
9042053624,4
5269678593,4
1401416203,4
1365887500,4
4077593104,4
367114771,4
2967343648,4
2967343649,4
9673189925,4
9673189926,4
7926686250,4
1312471265,4
7657257518,4
4305986094,4
4430996023,4
4430996024,4
4534184507,4
9375078973,4
9375078974,4
9375078975,4
4430996033,4
4534184516,4
57786953,4
25475661,4
25475663,4
25475664,4
1042862673,4
5238587992,4
5238587994,4
9027367517,4
9027367518,4
3272782433,4
2218340965,4
27460198,4
1042862696,4
5904585328,4
5049840242,4
5049840243,4
27460210,4
5049840245,4
7797330549,4
5049840248,4
251892353,4
1042862726,4
3850146457,4
27460250,4
7836164763,4
7836164764,4
7836164765,4
9710332576,4
9710332577,4
27460259,4
6280047275,4
6280047277,4
6280047278,4
6280047280,4
3715515059,4
25475770,4
9690974263,4
1569241807,4
1569241808,4
3816097110,4
24660697,4
1939632502,4
3892081373,4
3892081378,4
1939632504,4
8318757605,4
8318757606,4
3499500263,4
1566270189,4
1311961846,4
251892475,4
9690974265,4
2612458244,4
2612458246,4
18393873,4
8429945617,4
8429945618,4
5141625621,4
7906964247,4
7906964248,4
7906964249,4
7906964250,4
7906964251,4
27458331,4
5141625623,4
5141625630,4
5141625625,4
4164428578,4
2793904931,4
28418859,4
9021535020,4
9375100241,4
27458353,4
4136137525,4
4077599543,4
4077599544,4
4077599545,4
4136137529,4
4136137530,4
28418877,4
28418879,4
2969439040,4
28418880,4
1718233922,4
6032044867,4
6032044868,4
1014649672,4
9710359368,4
4144358216,4
473258827,4
9856119628,4
4144358217,4
9856119627,4
9856119626,4
9856119635,4
251892564,4
9856119638,4
27460439,4
9856119642,4
4167762778,4
28418909,4
5141625696,4
9856119649,4
4866976610,4
4866976611,4
9856119651,4
1718233957,4
109414,4
109415,4
3381130086,4
3381130087,4
3381130089,4
3381130090,4
3381130092,4
4866976614,4
4866976613,4
4866976617,4
109416,4
3381130091,4
367121266,4
4054356842,4
4054356847,4
4529881970,4
8429945717,4
27480957,4
24660863,4
3930921860,4
3145798533,4
1718328198,4
1718233994,4
3517719434,4
4223357836,4
251757452,4
251757458,4
2279592861,4
2279592862,4
24951721,4
4827050921,4
3673602988,4
3673602993,4
212927414,4
268997560,4
1311962065,4
25066450,4
25066451,4
8753664977,4
25066453,4
25066457,4
5816743941,4
251757533,4
1733389278,4
1311962079,4
3644748767,4
1312932832,4
5816743942,4
3644748773,4
5816743945,4
1312932849,4
5473274866,4
3632581622,4
2872699894,4
9693971448,4
9693971449,4
9693971450,4
4866784251,4
9693971451,4
9693971452,4
9693971447,4
585180151,4
9693971464,4
9673091213,4
9690975243,4
5334625292,4
5334625293,4
9690975244,4
1312932879,4
9690975245,4
7236131861,4
7236131862,4
7236131864,4
7236131865,4
385311590,4
25476124,4
3735886877,4
3220254039,4
1312932894,4
7745051680,4
25476127,4
1721713699,4
25476132,4
25476131,4
25476134,4
4715264001,4
7636163631,4
385311796,4
6985395258,4
2203888698,4
3247932481,4
107586,4
107587,4
107588,4
107585,4
3247932486,4
107602,4
675734610,4
675734613,4
1727515734,4
107606,4
6332695638,4
5046314073,4
2793874522,4
3272712566,4
3585762393,4
5046314077,4
1684511838,4
675734622,4
6332695639,4
329983075,4
250549348,4
9690769059,4
5046314090,4
5046314091,4
5046314092,4
107628,4
107627,4
107626,4
107634,4
107637,4
107638,4
9856119648,4
10677374,4
10677376,4
10677377,4
5165786242,4
5165786245,4
8515091589,4
9856119650,4
1721678995,4
6995618971,4
7487734942,4
7553887392,4
109728,4
6995618979,4
4867087535,4
7553887409,4
7553887415,4
5929540796,4
109766,4
9021504716,4
3708234957,4
3708234964,4
347542743,4
7620895974,4
1951616231,4
7553887464,4
1951616232,4
1951616234,4
1014803691,4
1951616236,4
1014803686,4
377490664,4
302013678,4
302013673,4
302013681,4
302013682,4
302013676,4
302013685,4
1014803702,4
377490677,4
1014803704,4
2914561272,4
9203578106,4
9203578107,4
2642857212,4
3381130493,4
249679102,4
28419328,4
21523714,4
21523715,4
21523716,4
1951616261,4
1014803714,4
1951616263,4
1014803718,4
1014803721,4
1951616268,4
1951616270,4
4155841811,4
1951616276,4
1951616278,4
1014803736,4
24661273,4
1951616283,4
1951616284,4
1312453915,4
4155841820,4
1951616287,4
1312453919,4
4210859292,4
24950050,4
1951616291,4
1951616292,4
24950051,4
1951616295,4
1951616297,4
3231501611,4
24950064,4
24950065,4
7900888377,4
25068862,4
1951616319,4
1312453950,4
9699953505,4
1312453954,4
1951616322,4
1951616325,4
1951616327,4
5925584201,4
5925584203,4
5925584204,4
24950093,4
1312453966,4
25496910,4
302013776,4
302013777,4
3816097106,4
3816097107,4
3816097108,4
24950101,4
24950102,4
3816097109,4
24950104,4
24950105,4
9042027865,4
9042027866,4
357999964,4
24950109,4
24950107,4
24950110,4
24950112,4
24950111,4
1312453981,4
24950114,4
24950113,4
24950117,4
24950115,4
2935373159,4
9690974266,4
2935373161,4
1717650794,4
7567588716,4
316763501,4
316763500,4
1312453996,4
8807431535,4
8807431541,4
7900888437,4
316763513,4
8807431546,4
8807431548,4
8807431550,4
8807431551,4
1312454015,4
1678245252,4
9030155653,4
9030155654,4
8807431559,4
8807431560,4
3550836102,4
249558409,4
1678226827,4
1556260235,4
9690974274,4
1556260241,4
6304787860,4
6304787861,4
1312454038,4
316763545,4
1312454045,4
1678226846,4
2872704413,4
1312454048,4
18382242,4
3215687074,4
1312454055,4
6266867112,4
6266867113,4
3499556266,4
6266867114,4
6266867111,4
25544111,4
25544112,4
8318797234,4
8318797235,4
8318797236,4
8318797237,4
1782717878,4
1312454068,4
1312454066,4
429346236,4
1689605567,4
429346241,4
2218362306,4
429346243,4
25475072,4
2218362310,4
1312454087,4
1312454086,4
2218362314,4
429346251,4
2218362316,4
429346253,4
2218362321,4
1312454100,4
6985379285,4
6985379286,4
9135848919,4
9135848920,4
9135848921,4
9135848922,4
9135848923,4
2218362332,4
3499544028,4
9690915267,4
9135848924,4
2218362336,4
1731216865,4
1312454114,4
9690915268,4
9135848925,4
1350430181,4
9030155749,4
1678226917,4
585199079,4
9030155753,4
5141216746,4
5141216745,4
8785024497,4
5141216754,4
25069046,4
1505332730,4
9080098305,4
9080098306,4
9080098307,4
9080098308,4
9080098309,4
249679365,4
722208263,4
9080098312,4
30078473,4
9080098314,4
9080098313,4
3528711693,4
5141216782,4
5141216790,4
3735889430,4
255051289,4
9693920794,4
9693920795,4
5473273373,4
9693920797,4
5473273376,4
3215685153,4
9693920802,4
9693920803,4
9693920801,4
4729628192,4
4920098342,4
4920098343,4
4920098344,4
28418921,4
3528711722,4
27459116,4
4920098349,4
27459120,4
1547013692,4
1547013698,4
283061836,4
6218501713,4
5473273425,4
6218501715,4
6110191188,4
6218501717,4
1678227031,4
5473273433,4
5473273435,4
27459165,4
1550763620,4
6218501740,4
1547013743,4
6218501746,4
1186508405,4
6218501751,4
2935324280,4
6218501753,4
2218348156,4
2218364541,4
6218501757,4
2218364543,4
27459198,4
25161345,4
25161346,4
3528738434,4
4344245892,4
4344245893,4
3528738438,4
4344245894,4
4726152840,4
3528738439,4
3528738440,4
1497452171,4
4726152844,4
25497222,4
4726152847,4
4726152848,4
25161361,4
4726152850,4
25161363,4
25161362,4
25161360,4
4726152854,4
9030037142,4
25161368,4
4726152857,4
25161370,4
1569312412,4
28800671,4
28800672,4
25161377,4
25161378,4
25161379,4
25161380,4
25161381,4
6110164641,4
25161383,4
25161384,4
6110164647,4
25161386,4
6110164650,4
6110164649,4
28800689,4
6110164659,4
1493722804,4
6110164660,4
277337783,4
9027340516,4
5218862786,4
472493763,4
7223326407,4
7223326408,4
7223326409,4
7223326410,4
7223326411,4
7223326412,4
7223326413,4
7223326414,4
5198585557,4
6470264535,4
6470264536,4
5198585559,4
9693910743,4
9781190366,4
9781190367,4
9781190368,4
9781190369,4
7644741346,4
7644741345,4
6014302222,4
3706494694,4
7644741351,4
5104314096,4
585129712,4
5104314098,4
7223365368,4
7223365370,4
7223365371,4
7223365372,4
24659709,4
255678213,4
2378843909,4
742399752,4
2538458898,4
3987750677,4
3987750679,4
24659736,4
2195965722,4
2195965723,4
3987750684,4
5218844445,4
5218844446,4
3987750685,4
3987750686,4
3987750687,4
3987750688,4
3906588452,4
3987750692,4
8064065316,4
8064065323,4
4230027057,4
4166967089,4
24659764,4
25067324,4
30056255,4
21307200,4
1233350847,4
2140124996,4
1233350848,4
4864083784,4
4864083785,4
4629462859,4
30056277,4
5141354328,4
5141354329,4
5141354330,4
5141354331,4
5141354332,4
5141354333,4
27459959,4
5227220835,4
5227220845,4
5227220846,4
5227220848,4
9816821617,4
3486459766,4
8869435257,4
8869435258,4
2203268985,4
6369361788,4
6369361790,4
8438226815,4
9030029183,4
6369361792,4
104322,4
8869435266,4
8869435268,4
27459966,4
6369361796,4
6369361791,4
6369361797,4
25067400,4
5977954180,4
5104314255,4
4072083344,4
4072083345,4
5104314256,4
1547657104,4
2389802901,4
2389802904,4
8869435290,4
2387224475,4
2387224474,4
5104314275,4
7815143559,4
25532332,4
4748394420,4
9030121410,4
3247933381,4
8976060358,4
25067463,4
25067461,4
3247933387,4
6332695637,4
25067469,4
24661966,4
25067470,4
9808795600,4
9808795601,4
25067473,4
9808795602,4
25067476,4
471488469,4
5104314325,4
25067479,4
471488472,4
25532377,4
7836155866,4
843376599,4
5931509715,4
5931509720,4
5931509721,4
25532384,4
2218362849,4
471488484,4
9673091207,4
5046005743,4
5046005745,4
5104314353,4
4715263992,4
5046005758,4
9703794687,4
4167762779,5
104323,5
8429225386,5
8429706219,5
8429795032,5
295977520,5
6110191186,5
4167762777,5
8429774517,5
4167762776,5
8429795033,5
8429795034,5
8429795035,5
3855607516,5
1237883773,5
107584,6
251892754,6
251892950,6
30056310,6
3847023130,6
3847023131,6
2364384488,7
8030470473,7
585124778,7
1951242858,7
1951242860,7
2364378222,7
2364371185,7
2364379602,7
2364379603,7
2364379604,7
2364379605,7
107613,7
107614,7
1864047135,7
25475328,8
1990912129,8
25473281,8
9700060292,8
690295047,8
9690878344,8
4872502279,8
9632417162,8
9632417163,8
4078858000,8
4078858001,8
869968536,8
4136124524,8
4777885221,8
4777885222,8
4085387943,8
9683581480,8
4085387945,8
4136124526,8
7246486955,8
283062189,8
3385332654,8
9683686963,8
3733791671,8
585127354,8
1155552319,8
1137777343,8
8030470464,8
585130362,8
9683585635,8
903630659,8
8030470469,8
8497605091,8
7638732490,8
7638732491,8
25475417,8
585148380,8
4832472797,8
9135845214,8
680069471,8
107615,8
8579240311,8
9135845216,8
9135848931,8
680069473,8
9135845213,8
6265654109,8
9135848928,8
1951242856,8
1951242857,8
1990912106,8
1951242859,8
2364384492,8
2364384490,8
680069483,8
2364387947,8
9135848938,8
9135848937,8
2364371186,8
1990912115,8
8579240307,8
8579240309,8
8579240310,8
8579240308,8
8579240312,8
8579240313,8
8579240314,8
25473279,8
473258249,9
1312454029,9
1312454031,9
473258639,9
3887941013,9
2059790748,9
25532576,9
6458938017,9
7926686249,9
1312454058,9
7926686252,9
1312454061,9
25544110,9
25265075,9
5340811829,9
5340811830,9
25265077,9
25265079,9
25265080,9
25265078,9
4085783099,9
1418752708,9
5340811717,9
4077579334,9
1312454090,9
4166634955,9
2142502090,9
7911243856,9
1418752721,9
7911243857,9
4166634962,9
763372884,9
7911243861,9
7911243858,9
7911243863,9
763372886,9
9413430622,9
7911267686,9
7620895976,9
1727515754,9
7911267693,9
1312453999,9
107632,9
9804578356,10
9820537921,10
9820537922,10
1736685635,10
9820537934,10
1326821457,10
4297243218,10
9576827481,10
9576827482,10
25475674,10
1326821465,10
25475692,10
25475693,10
1326821487,10
1326821489,10
1363483801,10
4297243295,10
9820538016,10
9820538017,10
4297243298,10
9820538018,10
9820538019,10
4158004390,10
1326821542,10
9820538028,10
4571238064,10
4571238067,10
4571238068,10
4297212084,10
25475767,10
1938953403,10
1938953406,10
1326821568,10
1938953413,10
748797126,10
1938953414,10
1938953417,10
6828863691,10
6828863692,10
6828863693,10
6828863694,10
6828863695,10
6828863696,10
6828863697,10
4297212114,10
6828863698,10
1938953430,10
4297212119,10
1938953431,10
748797145,10
1326821593,10
1938953432,10
25470166,10
1938953437,10
1938953433,10
4297212128,10
4297212129,10
21990633,10
21990634,10
21990637,10
21990638,10
1326821624,10
4298970364,10
25497340,10
4298970368,10
25497347,10
4298970380,10
4298970384,10
4297212194,10
4297212204,10
4297212226,10
355416911,10
4297242961,10
355416914,10
1601797458,10
355416920,10
109403,10
9820523869,10
9820523870,10
9820523871,10
9820523872,10
4297054053,10
108393,10
6525671279,10
108406,10
1601832328,10
9820523913,10
9820523914,10
9820523915,10
9820523916,10
9161061776,10
9693963678,10
9693963679,10
9693963680,10
9693963681,10
9693963682,10
9693963683,10
710657963,10
7947041713,10
422573549,10
1913216493,10
25497596,10
25497599,10
2496836226,11
108420,11
3093897988,11
3093897989,11
2496836231,11
3093897991,11
1312188679,11
1255490314,11
250549636,11
2402557839,11
1280491924,11
1280491926,11
2402557597,11
2402557599,11
250325410,11
3787645606,11
3787645607,11
3787645608,11
3787645609,11
3787645610,11
2387232555,11
2387232556,11
2387232557,11
2387232559,11
3093894065,11
2387232561,11
2387232563,11
1150003513,11
806373565,11
9030284989,11
9030284990,11
3741117630,11
4749090120,11
25477197,11
1722268367,11
9856119633,11
1722268381,11
1722268384,11
1722268388,11
5492419692,11
5492419693,11
5565455857,11
5565455858,11
8236052983,11
8236052987,11
8236052988,11
8236052990,11
8236052991,11
108835,12
108837,12
4193151464,12
4305986091,12
7620902731,12
5905893978,12
4211515621,13
108903,13
25496777,13
245200970,13
1830276654,13
9189397456,13
4211515569,13
663363473,13
4211515891,13
8256049397,13
8256049399,13
1536948608,14
1536948612,14
25505670,14
20626311,14
1536948487,14
3796814729,14
1536948618,14
20626315,14
20626310,14
20626312,14
20626316,14
7572522511,14
1852996875,14
7572522513,14
1536948631,14
6509584413,14
1536948517,14
7572522534,14
109734,14
7572522540,14
1536948652,14
7572522547,14
1536948536,14
1572551227,14
2504847039,14
7572522566,14
4866475725,14
4866475730,14
4866475731,14
4866475733,14
4866475736,14
7572522585,14
4866475737,14
1852996954,14
1536948578,14
109411,14
109412,14
25264998,14
2504822135,14
1536948474,14
7572522492,14
7824803494,15
7824803495,15
109737,15
9072449309,15
24952269,15
7824803501,15
4166634957,15
5104314264,15
1536948541,15
1951372959,15
9753609738,16
9753609739,16
9753609740,16
9753609741,16
9753609742,16
9753609743,16
9753609744,16
9680972177,16
9680972178,16
9753609745,16
25505685,16
9680972185,16
25161373,16
7824747295,16
7824747297,16
7824747298,16
7824747300,16
7824747302,16
7824747303,16
7824747304,16
7824747305,16
7824747307,16
25067307,16
7824747308,16
6967585840,16
6967585841,16
109746,16
6967585842,16
1827389620,16
1782727992,16
1722621630,16
4220613456,16
700774224,16
5201625566,16
2941549918,16
5840176866,16
25505634,16
1990694635,16
1990694638,16
1990694641,16
3130435826,16
1990694647,16
1852996856,16
9681020156,16
9681020157,16
1852996734,16
5006764037,17
5006764038,17
5006764039,17
5006764040,17
1312189073,17
1312188945,17
1312188689,17
1312188696,17
25477149,17
25477150,17
25477151,17
25477152,17
25477153,17
25477154,17
26067235,17
25477156,17
26067237,17
1312189091,17
26067239,17
26067236,17
3320743081,17
1954751908,17
1312188843,17
26067238,17
26067234,17
1312188730,17
1312188858,17
9693935550,17
1312188735,17
109760,17
9693935551,17
1312188994,17
1312188614,17
1312188622,17
1312189013,17
1312188760,17
3892081372,17
1312319838,17
3741078112,17
7644884069,17
1312188774,17
9856119640,18
373402354,18
109780,18
9856119634,18
18468953,19
9514602150,19
9514602151,19
9514602152,19
9514602153,19
5047029678,19
109785,19
25066461,19
25066462,19
6166157035,20
109788,20
24952267,20
1882379274,21
2112030869,21
1882379285,21
2112030873,21
291951643,21
275179767,21
1723340842,21
4425001783,21
110140,21
9051462722,21
4823243100,21
6855696504,21
3247578846,21
435104742,21
6855696495,21
1882379248,21
6855696497,21
6855696498,21
6855696500,21
627985397,21
6855696502,21
6855696503,21
25472760,21
275179893,21
25472763,21
4823246342,22
1150003270,22
1684835245,22
1493658224,22
2036125649,22
1309067472,22
6864015603,22
1141415219,22
1685281076,22
2036125657,22
110143,22
1401416208,23
8672066581,23
9710348827,23
9710348828,23
1312188955,23
2003007012,23
250327100,23
1312188988,23
1233327202,23
2642878568,23
2642878569,23
2934268020,23
250327159,23
1312189057,23
4835108998,23
4835108999,23
110238,23
3334162601,23
1312189098,23
2490721964,23
8868010162,23
8868010171,23
9710304459,23
9710304460,23
7926563545,23
21990624,23
21990625,23
21990626,23
21990627,23
1312188660,23
7636180236,23
7636180237,23
18469132,23
7636180239,23
7636180241,23
7636180242,23
1312188692,23
1312188694,23
1312188704,23
20458273,23
20458275,23
20458276,23
20458277,23
1787108646,23
1787108647,23
1787108648,23
1787108649,23
1787108650,23
1312188722,23
4618510643,23
1312188731,23
475396924,23
1312188741,23
8868001103,23
9856119632,23
8868001104,23
250549587,23
9856119637,23
1571298141,23
1312188797,23
250326914,23
1571298192,23
1571298195,23
1312188824,23
8869040027,23
8869040028,23
250325411,23
250549670,23
1312188845,23
835390894,23
354886082,23
8868194757,23
1310663631,23
1312188883,23
4827019220,23
1782716888,23
8868194778,23
250327037,23
1238259337,24
4530011788,24
9375170320,24
6261920913,24
6261920914,24
4530012691,24
4530012690,24
4530012692,24
4530012694,24
4530012695,24
4530012696,24
6261920915,24
1150003480,24
4530012699,24
4530012700,24
4530012701,24
4530012702,24
6866779806,24
4530012703,24
4530012704,24
1771453218,24
7805198627,24
1771453217,24
3499567135,24
1771453860,24
1711679380,24
3197333544,24
288193455,24
7191329809,24
28728210,24
5565487612,24
3197339673,24
7191329811,24
3197339674,24
4729385030,24
4729385031,24
2737313094,24
1711679434,24
9808795596,24
3197339676,24
9375170321,24
59526352,24
9375170322,24
282708,24
9375170323,24
1150003547,24
21990620,24
9375170324,24
1731225566,24
1150003423,24
9375170325,24
9375170326,24
249470452,24
4316306166,24
2935324281,24
28728187,24
1536039932,24
5426506500,25
25495695,25
1938953377,25
25495617,25
25495618,25
9856119619,25
1985084100,25
1816038230,25
25495769,25
25495770,25
350437608,25
10572779,25
25496817,25
25496818,25
25496819,25
25496820,25
25496821,25
321255925,25
5060391417,25
8972441127,26
25496748,26
21583342,26
10572785,26
8972511963,26
8785568224,27
10572786,27
7847748059,27
1985084095,27
5470932256,28
10607629,28
7947057586,28
5468301555,28
2146369237,28
5470932252,28
5470932253,28
5470932255,28
9782353731,29
8784159562,29
2496836303,29
6467134930,29
6467134931,29
8784181688,29
10676799,29
1312264577,30
1311961985,30
794039687,30
9042133642,30
5043864464,30
28800661,30
28800662,30
25161371,30
1782724124,30
28800667,30
316763548,30
1782724125,30
250550174,30
1401908258,30
1311962151,30
9042026424,30
1311962043,30
1312264648,30
1312264524,30
1684511955,30
9856119636,30
7836155864,30
7836155865,30
7836155867,30
7836155868,30
7836155870,30
9042041320,30
9042041321,30
1718328435,30
10677375,30
8975529088,31
4462680067,31
4462680068,31
9203541381,31
7840712839,31
1832248457,31
1832248458,31
9781435147,31
4569700109,31
4462680078,31
5374174224,31
1360122901,31
595709975,31
338474265,31
14672924,31
5573994014,31
5573994016,31
5573994017,31
5603454627,31
5603454628,31
5573994019,31
1832129958,31
1360122919,31
5374174120,31
1360122925,31
7203717550,31
1938953395,31
1360122937,31
5374183741,31
5374183742,31
6329690691,31
8975645638,31
8975645640,31
8975645641,31
25151180,31
4512763348,31
1360122841,31
5460658138,31
5600934876,31
1360122860,31
5573931377,31
5839156209,31
1360122866,31
1360122871,31
5573931385,31
8975529082,31
8975529083,31
8975529084,31
8975529085,31
8975529086,31
529722111,31
250550400,32
1939632514,32
4992781187,32
3739049348,32
4992781189,32
1939632519,32
20460684,32
973101839,32
9042120207,32
2387242385,32
2387242386,32
8869472274,32
3870640530,32
25477148,32
3870640547,32
3870640548,32
4401149224,32
2387240745,32
4401149225,32
2387240747,32
4401149228,32
4992781175,32
7636278191,32
4401149234,32
7636278194,32
7636278197,32
7636278199,32
7636278200,32
1326821561,32
7636278201,32
3741117629,32
256766531,32
18398282,32
1312335310,32
5927671120,32
1326821460,32
1326821592,32
5238500312,32
5238500313,32
914822492,32
9042037853,32
2387245025,32
873684193,32
2387245026,32
2387245027,32
2387245029,32
9693628390,32
9693628389,32
1326821480,32
632438506,32
9030155757,32
9030155758,32
8869472239,32
9030155759,32
9030155760,32
8869472240,32
1326821619,32
9030155762,32
2990732269,32
5927671155,32
8869472247,32
4826555769,32
4826555770,32
4826555771,32
4992781180,32
5609638014,32
6978555522,33
1758554289,33
2990780037,33
2990780039,33
20460680,33
20460682,33
2990806410,33
2990806411,33
2990806413,33
2990806415,33
2990806416,33
968499092,33
968499093,33
819132568,33
1684781470,33
4195111355,33
4246525220,33
4246525223,33
316763559,33
316763561,33
316763563,33
1758554286,33
8975833904,33
8975833905,33
6978563378,33
6978563379,33
6978563380,33
6978563381,33
6978563382,33
6978563383,33
6978563384,33
8975833913,33
8975833912,33
8975833915,33
4682627259,33
4682627261,33
8975833914,33
4682627263,33
4682627264,33
6978577985,33
4682627266,33
4682627265,33
256766532,33
256766533,33
748941508,33
4195111363,33
1758554291,33
1150003147,33
1150003532,33
9041828942,33
1759454163,33
1758554294,33
1759454429,33
3763407460,33
5041784423,33
748941546,33
748941552,33
1150003571,33
5067002867,33
748941556,33
6978531575,33
748941560,33
6978555518,33
6301948480,34
20625793,34
6301948477,34
697037343,34
5905807278,34
8579276917,34
9694104278,34
25474005,34
25474015,34
5976760445,34
5976760446,34
5976760447,34
9694032608,35
9694032609,35
585200775,35
20625800,35
585200818,35
710521820,35
9694032606,35
9694032607,35
5189042552,36
20626282,36
8675201272,36
5189042551,36
7824803490,37
7824747299,37
7824803492,37
7824747301,37
1536948646,37
7824803493,37
4085778920,37
7824747306,37
5146186589,37
7824803500,37
1536948431,37
1536948529,37
20626301,37
5146186590,37
9856119647,37
20626307,38
1852996517,38
1852996670,38
1360122886,39
1236791433,39
4378043661,39
4378043662,39
1837610895,39
4378043667,39
20955158,39
9805219991,39
9805219992,39
9805219993,39
9805219994,39
9805219990,39
269547420,39
269547419,39
4378043682,39
1360122917,39
4076095791,39
1360122929,39
1360122933,39
4370333627,39
1609966653,39
4370333629,39
9856119620,39
4370333637,39
9197322310,39
4370333638,39
4370333643,39
4370333648,39
9197326420,39
3519872213,39
25500246,39
4076095834,39
1163955034,39
4331121755,39
1360122845,39
4331121754,39
1596648671,39
1360122856,39
21685481,39
21685483,39
21685484,39
1360122861,39
21685485,39
25500530,39
1360122873,39
1755265415,40
250550023,40
250550024,40
5041945479,40
5041945481,40
21990630,40
1755265428,40
1755265432,40
250327576,40
2987912733,40
28800670,40
1685272862,40
213668839,40
1755265444,40
250327591,40
1326821544,40
8868010281,40
9693628386,40
8868010280,40
8868010279,40
8868010287,40
9693628387,40
213668842,40
347335859,40
9693628388,40
9269886261,40
250327609,40
1343823418,40
5565443389,40
5565443390,40
1755708736,40
21307201,40
21307202,40
250327618,40
250327619,40
5565443397,40
347335878,40
5875062471,40
5875062472,40
250549699,40
250549700,40
8869464398,40
8868010216,40
9808795603,40
9808795604,40
354886099,40
1719422038,40
9856119639,40
8868010218,40
8868010202,40
8868010205,40
1718566880,40
8923643489,40
1312264546,40
8923643490,40
21990628,40
21990629,40
9030155750,40
21990631,40
21990632,40
873809385,40
9030155751,40
5042033643,40
9030155754,40
9042025325,40
2990721389,40
2990721391,40
9030155756,40
9030155755,40
2642612586,40
213668844,40
8868010221,40
9042053623,40
4992781181,40
9856119623,41
9201323564,41
21392276,41
25509525,41
2343269909,41
25495809,42
25495822,42
350377999,42
25495824,42
25495823,42
21392278,42
350437528,42
1707790105,42
1707790107,42
25495838,42
6828931875,42
1938953379,42
1832052008,42
1832227886,42
447887921,42
1832227893,42
6828927809,42
1148249927,42
338472567,42
4275394254,42
5899738713,42
1832129783,42
338472562,42
25495542,42
25495543,42
6828921209,42
6828921210,42
6828921211,42
4462680070,43
4462680076,43
21392279,43
4208239642,43
5603454625,43
5603454626,43
4208239651,43
9201323561,43
6606135979,43
21686572,43
21686574,43
9201323322,43
3972566714,43
6606148797,43
6606148798,43
5374181585,43
4462683090,43
5899711453,43
5899711454,43
5788363874,43
9203541612,43
5335233120,44
2934288514,44
250324965,44
21523718,44
5165786239,44
21523719,44
8042022825,44
5573991659,44
5573991660,44
5335233119,44
4138224462,44
5335233113,44
252729234,44
5009060057,44
5335233114,44
2934288509,44
1014649631,44
25498458,45
9659603285,45
21578454,45
9748953621,46
21578461,46
3515286914,47
3515286915,47
3515286916,47
5565466183,47
1493676622,47
1493676623,47
28728208,47
25477106,47
21990614,47
4556931602,48
4556931604,48
21990622,48
24659907,49
1311961990,49
24659947,49
6948380395,49
24949780,49
24950048,50
5095547180,50
5095547184,50
24950005,50
24950013,50
3517985666,51
5090420610,51
25161348,51
5090420614,51
8807429660,51
8807429664,51
8807429665,51
9691082671,51
25066419,51
2387226304,51
3499500226,51
2387226307,51
2387226309,51
2387226311,51
2387226313,51
5090420940,51
24950097,51
5090420958,51
5090420959,51
5090420964,51
9024139130,51
9024139131,51
6918421504,52
1951372930,52
24952195,52
24952196,52
2528522503,52
1951372935,52
6918421512,52
6918421513,52
2528522507,52
1556097163,52
4072083342,52
4072083343,52
1561071632,52
2528522518,52
1556324759,52
1556097431,52
1556097092,52
1556097306,52
2528522528,52
1556097185,52
6985465124,52
6985465125,52
1561071655,52
1547013672,52
6985465129,52
6985465130,52
1556097321,52
1561071656,52
2528522542,52
4018000435,52
1590114998,52
1547013688,52
6985465145,52
1556324793,52
1556097080,52
1556097217,52
9694091972,52
9694091973,52
1556097222,52
4777897927,52
4777897928,52
1547013705,52
1556097353,52
1556324683,52
1556324684,52
25278669,52
25278670,52
1556097098,52
9856119630,52
3385387604,52
3385387605,52
3385387606,52
3385387607,52
696477399,52
1556097368,52
6918421503,52
1556097118,52
4117882851,52
4117882852,52
8807410149,52
4085404135,52
4117882856,52
4117882857,52
4085404136,52
4117882860,52
1556097136,52
1556097137,52
1951372915,52
1951372927,52
5087519104,53
25066338,53
25161347,53
5090420965,53
25066412,53
25067264,54
25067265,54
2566132609,54
25067266,54
1852996996,54
2504822145,54
25067267,54
1569382119,54
6509584414,54
2504822137,54
1569382170,54
2504822139,54
1569382174,54
25066687,54
25067304,55
2566132610,55
2566132611,55
25161356,55
25067395,56
25067396,56
25067397,56
5146186470,56
950703625,56
950703626,56
5146186463,56
5146186489,56
25067326,56
1726783391,56
9856119646,57
25067427,57
25067398,57
25067914,58
1569216650,58
25067920,58
7911231380,58
1722621718,58
7911231384,58
473219610,58
25067803,58
1569216123,58
25161375,58
5141228834,58
1569216316,58
4085783103,58
4085783105,58
1747873474,58
1569216326,58
6446292570,58
1951616226,58
5141216740,58
5141216741,58
7911267687,58
7911267688,58
7911267690,58
7911267692,58
8814668141,58
7911267694,58
7911267695,58
7911267696,58
5104314222,58
9659831673,58
9659831674,58
9659831675,58
25265023,58
25071090,59
25071131,59
5247857728,60
9691101411,60
9691101412,60
25161357,60
2387194158,60
5141877019,60
25471736,61
25503860,61
7271474849,62
321255907,62
25472324,62
25472545,63
4675821944,63
4675821925,63
4675821932,63
4665353645,63
4665353644,63
762080111,63
1617596591,63
8373728533,63
25472566,63
25473048,63
25472379,63
1617596607,63
4823246341,64
4425001781,64
4425001782,64
25472767,64
7447716112,65
25472789,65
9161061774,65
25472800,66
4571194090,66
4571194091,66
1954751920,66
2036125650,66
2940401398,66
6014339453,66
1684835105,67
1684835107,67
1684781486,67
3739048019,67
3739048020,67
3739048021,67
25472885,67
4948630427,67
4675822093,68
4675822095,68
4675822097,68
8373728531,68
4675822100,68
8373728532,68
1617647898,68
761830938,68
1617647900,68
1617647901,68
1617647903,68
4661317153,68
4661317155,68
1617647919,68
1617647924,68
1617647928,68
1617647931,68
1617647934,68
4665352262,68
4665352264,68
761831000,68
25472890,68
761831039,68
25473004,69
4665353662,69
1311962080,70
9042129985,70
9042129986,70
1401893666,70
1311961868,70
1215563885,70
25473199,70
25473200,70
25473204,70
25473205,70
1215563897,70
6871422362,70
6871422364,70
1759454078,70
9042129984,71
875789647,71
1150003472,71
25473201,71
25473202,71
1311961947,71
1311962012,71
9042129983,71
1311962111,71
25473203,72
5067002855,72
25497603,73
9694091974,73
9694091975,73
9694091976,73
9694091977,73
9694091978,73
6149398571,73
9856119625,73
9694091981,73
25475053,73
9694091983,73
9694091982,73
9694104279,73
1547657140,73
1312471255,73
9694104280,73
1312471226,73
1312471228,73
1569486259,74
25475597,74
6696695781,75
8784000965,75
25475678,75
6696695783,75
9823138208,76
9823138209,76
1326821607,76
1326821594,76
25475694,76
25475695,76
25475696,76
25475697,76
4297211186,76
4297211187,76
25475698,76
435104726,76
435104727,76
435104728,76
355416921,76
1326821466,76
9823138206,76
7075087297,77
7075087298,77
7075087299,77
6273056647,77
6273056648,77
9693963689,77
6239229422,77
6239229423,77
9693963696,77
435104721,77
9693963698,77
25475699,77
1326821620,77
9693963699,77
6272993491,77
6272993492,77
9693963697,77
25497619,77
25475754,78
1816777875,78
1493229962,78
806373533,79
25477774,79
25477858,80
4556931603,80
3661703766,80
819157975,80
819157946,80
25495544,81
269550333,81
25495697,82
9856119622,82
25495819,83
25495820,83
6354294763,83
1834657467,83
1834657469,83
470727776,84
5736847361,84
5736847362,84
5736847363,84
5736847364,84
25496100,84
749947393,84
749947402,84
25495852,84
25495854,84
25495855,84
350629203,84
269584410,84
317930380,85
4211515637,85
4211515622,85
25496775,85
1816038211,86
1985084135,86
25496779,86
25496780,86
25496782,86
25496783,86
25496814,86
25496786,86
25496787,86
438170475,87
5265830862,87
25496815,87
25496785,87
7918978033,87
4429088632,87
25498457,87
1958800795,87
8972511965,87
25496800,88
1816038214,88
323260106,88
1816038237,88
25496781,88
1816038224,88
5014591889,88
25496788,88
1816038239,88
1816038199,88
1816038233,88
25496797,88
25496798,88
25496799,88
2453947049,89
8787384684,89
8787384685,89
8787384686,89
4211515634,89
25496790,89
25496792,89
4211515645,89
4211515644,89
2576893629,89
2135411308,90
5711517565,90
5457908028,90
25499655,90
7610670826,91
7610670830,91
25504145,91
25504146,91
7610670771,91
25504148,91
1678452790,91
7610670780,91
7610670781,91
1835355916,92
1793420660,92
25504149,92
1707790044,92
4232015838,92
1828402762,93
25505643,93
1828402764,93
1828402763,93
25505618,93
25505662,93
3664398006,93
2142508727,93
25505593,93
25505630,93
25505695,93
1556097153,94
8785024515,94
1556097030,94
5905896973,94
1556097166,94
1556097177,94
1556097178,94
1556097051,94
1556097320,94
1556097448,94
1547013554,94
1556097227,94
1547013710,94
25532494,94
9856119631,94
1547013589,94
1547013719,94
8807410150,94
8807410151,94
1556097048,95
25532542,95
2480657188,96
4826448085,96
25632678,96
2135411293,96
25632680,97
25632679,97
1042862785,98
7911297478,98
302013672,98
302013674,98
302013675,98
7815533548,98
7815533546,98
6345441358,98
7911297487,98
3486459762,98
3486459764,98
3486459765,98
249558966,98
347539416,98
3081980920,98
249560538,98
27480956,98
27480958,98
27480960,99
27480961,99
2140125056,99
9678821156,99
1736734053,99
9678821159,99
9678821160,99
9678821161,99
1238249904,99
7900221108,99
3486459769,99
28193265,100
3170676207,100
3984132034,101
3984132035,101
4116809027,101
3984132037,101
4116809028,101
302013708,101
4422013486,101
249679343,101
28418929,101
4244498867,101
4244498868,101
1755708768,102
2990651905,102
1755708646,102
1755708647,102
1755708648,102
1758552521,102
1758552522,102
1758552678,102
1758552682,102
2990717003,102
1759454351,102
2990664881,102
973128722,102
28800660,102
973128725,102
9693929369,102
1755708765,102
1755708766,102
1755708737,103
1755708738,103
1755708739,103
5041945508,103
9693903657,103
2990651920,103
2990651921,103
28800666,103
28800664,103
1755708730,103
1755708732,103
5565443391,103
1547393025,104
1547392771,104
707377287,104
30056330,104
1547392914,104
1547393045,104
1312471191,104
1547392927,104
6149398572,104
4920098350,104
1547392818,104
4619022514,104
1547392951,104
3830043581,104
1312471231,104
8579233861,104
8579233862,104
1547013574,104
1547392848,104
1547013588,104
1547392728,104
1547013592,104
1547013724,104
1547013597,104
1547392865,104
5580861156,104
6600283121,104
251892979,104
1547013754,104
1547392764,104
1547392894,104
3741131608,105
149431715,105
3741131607,105
213672005,106
213670986,106
1719422032,106
2642878644,106
1312189047,106
249558964,107
249559005,107
302013662,107
7900221088,108
249560091,108
9021491075,108
7900221087,108
6332545601,109
338319877,109
9030284967,109
7151566952,109
2254629351,109
250327660,109
3093894066,109
1145174402,110
1599652492,110
1599652497,110
4571241384,110
9820538031,110
5504771250,110
355416887,110
355416890,110
355416892,110
3257317059,110
9820537936,110
9820537937,110
9820537940,110
9820537941,110
9820537942,110
9820537943,110
9820537944,110
9820537946,110
1165343843,110
4729480806,110
4729480807,110
4729480808,110
4571244658,110
4571244659,110
4571244660,110
4571244663,110
20955169,111
367074596,111
9693971465,112
4230595026,112
377494060,112
27331469,112
435104736,113
435104732,113
435104735,113
6218468163,114
1550763749,114
1547013711,114
9704122321,114
471488499,114
4847781268,114
1493722803,114
4847781269,114
1550763764,114
1550763708,114
473264457,115
1268903266,115
1561411396,116
585201189,116
8579276918,116
3068267824,117
670103313,117
690295042,118
9690878341,118
5122737222,118
9690878343,118
748941577,119
748941573,119
811035012,120
5905897286,120
6446218921,120
6446218922,120
1556097034,120
1556097387,120
1556097139,120
1556097111,120
1556097271,120
1556097147,120
1556097215,120
1723315608,121
3247825561,121
3247825562,121
7636278193,121
7636278195,121
7636278196,121
7636278198,121
4807521484,121
1309067471,121
3741131600,121
5927671121,121
3741131606,121
7636244312,121
7636244313,121
7636244314,121
9042037852,121
914822496,121
2624005734,121
914822508,121
9030155763,121
5927671156,121
9030155766,121
9030155767,121
4826555772,121
4826555768,122
1150003195,122
25632870,122
1547013760,123
1547013601,123
1547013730,123
8785024514,123
1547013604,123
1547013704,123
1312453936,123
1547013653,123
1312453879,123
1547013593,123
9694096799,123
1353133536,124
4643336966,124
4643336968,124
4643336979,124
1353133533,124
1547013621,125
1547013694,125
1547013567,125
4402629177,126
4402594986,126
1547013655,126
1547013699,127
1550763732,127
1556097337,128
1556097148,128
1556097245,129
5189042550,129
1951372909,129
5976760443,130
1556324659,130
1590088452,131
1561071644,131
1617532089,132
1617532091,132
2341656968,133
4697287178,133
8620082704,133
4169836445,133
6868293535,133
4696568114,133
6327557047,133
6327557048,133
8620105277,133
4697288390,133
367102039,133
1617596505,133
4166662878,133
4166662881,133
3265436260,133
1828408303,133
5146127859,133
4696544885,133
4696545402,133
1678452786,134
3474115151,134
7610670751,134
1684835042,135
4197055203,135
1684835138,135
1684835110,135
8868809321,135
1684835019,135
6014333809,135
1684835121,135
1684835093,135
1684835030,135
1684835062,135
5609643672,135
1684835097,135
5609643675,135
1707790024,136
4658088777,136
5177352932,137
5177352933,137
1707790099,137
5177352922,137
5177352923,137
250549835,138
1718566997,138
5042032158,138
1718567007,138
9804685199,139
9804685200,139
9804685201,139
9804685202,139
1723388986,139
1761598585,140
4316306163,140
4316306164,140
1137777341,140
1828402755,141
1828402756,141
1832248440,142
5600934875,142
2576893628,142
1939632512,143
108418,143
4826555773,143
1939632510,143
2146369240,144
5468301601,144
10607626,144
8715830798,144
2665239972,145
6509684093,145
3691462888,146
9804685203,146
9804685204,146
2755124949,146
9804685206,146
9804685205,146
2914561217,147
5924603458,147
5924603459,147
5924603460,147
5924603457,147
5924611312,147
5924603444,147
5924603445,147
5924603446,147
5924603447,147
5924603449,147
8500636794,147
5924603452,147
5924603453,147
5924603454,147
5924603455,147
4938216620,148
4166634958,148
3267461735,148
3272782432,149
1547013738,149
3272782429,149
3272782446,149
9733914457,150
3817308667,150
5253290694,150
3892081362,151
3892081363,151
8675201264,152
7911282822,152
1556097326,152
4169714270,152
8026335686,153
4174200046,153
4879371168,154
4879371165,154
4421008566,154
4697525032,155
26374229,155
4697525030,155
4859130051,156
9822267116,156
4872502280,157
5947858321,157
9691082176,157
25496750,158
5265840063,158
5609643673,159
5609643674,159
6645346885,160
6711365597,160
7572833353,161
7572833350,161
7911282827,162
4169714271,162
1587330970,163
8783914189,163
8604055550,163
