node_id,cluster_id
6866516260,0
2453947051,0
4211515660,0
8787384683,0
1832666032,0
1637578546,0
8787692633,0
8787692634,0
104315,0
1236791552,1
4076126468,1
1816959492,1
9781435148,1
9805219989,1
25509527,1
25509533,1
25509534,1
1236791459,1
9856119617,1
4158000323,1
7946372933,1
7946372934,1
7946372935,1
7946372936,1
7946372937,1
7946372938,1
7946372939,1
7946372940,1
7946372941,1
7946372942,1
9197589455,1
9197589454,1
9197589457,1
5516594509,1
3644748768,1
1596648673,1
109409,1
4076126448,1
1236791408,1
3817308659,1
3817308660,1
104318,1
6369329152,2
6369329153,2
6369329154,2
1236791297,2
9754527745,2
9754527744,2
6369329160,2
6369329161,2
6369329162,2
6369329163,2
6369329164,2
6369329165,2
6369329166,2
6369329167,2
3518967818,2
6369329169,2
3233714192,2
6369329171,2
3233714194,2
3233714197,2
3233714193,2
3233714195,2
3233714196,2
3233714198,2
1678452753,2
1678452760,2
20955164,2
6509584408,2
2293833760,2
1678452770,2
2293833763,2
6863550501,2
1726730281,2
1419565097,2
2398924843,2
1678452780,2
2398924845,2
6863550510,2
1236791344,2
1678452788,2
2398924853,2
1678452789,2
2398924855,2
1678452791,2
1678452793,2
1678452795,2
1678452796,2
1678452797,2
2398924863,2
1678452799,2
1726730303,2
1678452802,2
1726730307,2
262078536,2
25632855,2
25632856,2
25632857,2
25632858,2
25632859,2
1726730329,2
2398924893,2
25632862,2
4870281310,2
1215563870,2
2398924896,2
2398924898,2
1215563875,2
18468962,2
18468958,2
1215563878,2
1215563879,2
18468966,2
1215563881,2
6369390691,2
6369390698,2
6369390692,2
6369390696,2
6369390701,2
6369390700,2
6369390697,2
6369390699,2
6369390702,2
1215563891,2
1726730354,2
21563508,2
1215563894,2
1215563895,2
25503862,2
32921720,2
1215563903,2
5342251136,2
18468961,2
373364868,2
373364870,2
25503880,2
373364874,2
3519879307,2
7617755275,2
3965024397,2
373364878,2
3965024398,2
3965024399,2
7617755274,2
25503885,2
9611081868,2
4650375309,2
25495698,2
419350669,2
4156336279,2
8785567902,2
367100073,2
5177397419,2
5177397420,2
3656358065,2
1236791478,2
2140506294,2
368044217,2
2215139515,2
490946748,2
4650375357,2
419350723,2
1782712524,2
1938819279,2
367077584,2
1938819280,2
1236791506,2
1326821587,2
1938819284,2
1938819285,2
1938819286,2
1938819283,2
1938819288,2
1938819289,2
1938819290,2
1938819282,2
1938819292,2
1938819293,2
1938819294,2
472346838,2
1938819296,2
1938819299,2
1938819301,2
1938819302,2
1938819304,2
1938819306,2
4650375402,2
1938819313,2
1938819316,2
1938819317,2
1938819319,2
1938819320,2
1938819325,2
1938819326,2
1938819328,2
1938819329,2
1938819330,2
1938819331,2
1236791555,2
25475331,2
25475332,2
1938819335,2
1938819336,2
8263166217,2
8263166218,2
2387194123,2
8263166219,2
1938819340,2
2387194126,2
2387194127,2
2387194128,2
1938819344,2
1617596686,2
2387194131,2
2387194133,2
1828402759,2
4072476959,2
4072476960,2
1617596704,2
2387194148,2
2387194149,2
2387194150,2
1782728999,2
1617596711,2
1617596714,2
2387194156,2
2387194157,2
4383369519,2
6739026230,2
7183962432,2
2140432704,2
108864,2
108867,2
1617647944,2
1617647945,2
4650375504,2
3497472337,2
2140420434,2
4383369553,2
237908,2
4650375508,2
237911,2
1536948581,2
1081508200,2
3319978344,2
1955520879,2
1771426165,2
1955520887,2
1955520890,2
4401156476,2
1536948605,2
1771426174,2
5207476606,2
5207476607,2
5207476609,2
5207476610,2
5207476611,2
25504129,2
5207476613,2
5207476615,2
367104392,2
5207476617,2
5207476619,2
1536948622,2
25504143,2
25504144,2
21563791,2
10572178,2
10572179,2
10572180,2
367106464,2
20965794,2
20965796,2
20965797,2
20965798,2
20965799,2
20965800,2
20965801,2
4729448871,2
20965803,2
4729448869,2
268124583,2
4143767990,2
33141178,2
747893184,2
8373690817,2
8373690818,2
8373690819,2
8373690820,2
473266627,2
8373690824,2
8373690825,2
8373690826,2
8373690827,2
8373690828,2
8373690829,2
8373690830,2
8373690831,2
8373690832,2
8373690833,2
8373690834,2
8373690835,2
8373690836,2
8373690837,2
8373690838,2
8373690839,2
8373690840,2
8373690841,2
8373690842,2
8373690843,2
8373690844,2
8373690845,2
8373690846,2
864817628,2
8785568228,2
7223728617,2
4085778923,2
321255919,2
7607077361,2
6369401334,2
4085778934,2
21563479,2
7607077372,2
8785484288,2
21563481,2
473264641,2
4017328647,2
25503851,2
4689775124,2
470729237,2
4689775126,2
8785484312,2
8785484313,2
8785484314,2
8785484315,2
8785484316,2
268124704,2
21563489,2
5475684917,2
5177397821,2
5177397822,2
5177397823,2
5177397824,2
5177397825,2
3267461696,2
5177397827,2
5177397828,2
5177397829,2
5177397830,2
5177397832,2
5177397835,2
3474115148,2
3267461709,2
441958990,2
1782729295,2
441958992,2
1782729296,2
6840965712,2
9684101713,2
3267461710,2
3696548438,2
3267461721,2
4658088539,2
9024076384,2
9024076385,2
3267461729,2
3267461728,2
3267461737,2
5736692334,2
3267461742,2
3267461747,2
3267461749,2
3267461752,2
3267461756,2
3267461758,2
3267461759,2
7223712382,2
4658088585,2
2294047369,2
4866591373,2
4866591374,2
4866591375,2
4866591376,2
18395811,2
4922952362,2
4691514032,2
1268892338,2
4085767974,2
4530270906,2
473262779,2
4530270908,2
25471681,2
4530270913,2
8785457867,2
2241962700,2
2620105428,2
3519005409,2
1311961826,2
1020211942,2
4691460851,2
25471732,2
25471733,2
25471734,2
419347194,2
419347195,2
419347196,2
419347197,2
419347198,2
419347199,2
419347200,2
419347201,2
419347202,2
419347203,2
25500427,2
4089236235,2
4089236236,2
4085767992,2
1163954964,2
4085767993,2
8807441176,2
5207477021,2
3519013665,2
1401926435,2
1268900644,2
5006063178,2
5973627687,2
25503841,2
5006063179,2
1268900660,2
1311961910,2
4627491642,2
4627491643,2
25503845,2
390341443,2
9856119621,2
4643337035,2
25503848,2
7223704403,2
8336028504,2
8336028505,2
9729684314,2
9856119643,2
8336028508,2
8336028509,2
8336028510,2
8336028507,2
8336028511,2
8336028512,2
8336028513,2
8336028515,2
8336028516,2
25500517,2
9856119645,2
8336028514,2
6369390690,2
25500535,2
4860803960,2
4860803961,2
1649365881,2
6369390693,2
1268892541,2
3876713343,2
6369390694,2
1311961991,2
6369390695,2
6369361795,2
21392272,2
21392273,2
2586616722,2
4378043283,2
1311962013,2
1311962016,2
4240028580,2
354935735,2
1163955130,2
8620272571,2
2265050050,2
5177410511,2
455705562,2
269589467,2
9310682079,2
1311962082,2
8373623781,2
3644748774,2
25066470,2
2360685543,2
1311962089,2
8373752817,2
2012969971,2
25504760,2
9781311296,2
25504769,2
9756243981,2
3265436678,2
9756243982,2
3265436680,2
1311962122,2
25504779,2
9756243983,2
3265436686,2
3265436688,2
9756243984,2
1311962130,2
3518995475,2
3265436692,2
9756243985,2
3265436695,2
3497483291,2
9756243986,2
7926506525,2
7926506526,2
7926506527,2
7926506529,2
7926506530,2
7926506531,2
7926506532,2
9754453026,2
9754453027,2
9754453031,2
9754453032,2
9754453033,2
9754453030,2
9754453028,2
319984684,2
1360122924,2
9754453029,2
25496622,2
24951856,2
4866653236,2
1311962169,2
1311962182,2
4150883407,2
9855343702,2
2140421219,2
2140421220,2
2140421222,2
2140421223,2
2140421224,2
107641,2
107643,2
107644,2
107646,2
107647,2
8755805313,2
5880188045,2
5880188046,2
107667,2
107668,2
9691102358,2
8785441943,2
8785441944,2
9691102362,2
7607080091,2
1239549084,2
107684,2
107685,2
107686,2
107687,2
107688,2
1617532073,2
107690,2
4938216619,2
107692,2
107693,2
419632303,2
419632306,2
419632307,2
1617532085,2
1617532087,2
1617532088,2
1617532090,2
25066684,2
1782725824,2
25066694,2
2387209415,2
25066696,2
9021504714,2
9021504715,2
1054045407,2
5046627553,2
4822267107,2
4822267109,2
2360681713,2
2387207417,2
2387207418,2
2387207420,2
2387207421,2
2387207423,2
9684083967,2
2387207425,2
2387207426,2
388455682,2
9684083971,2
9684083975,2
9684083976,2
9684083977,2
7553887498,2
9684083979,2
9684083978,2
1054045453,2
9684083981,2
9684083983,2
9684083982,2
9684083984,2
8373728530,2
9684083987,2
9684083988,2
7553887509,2
9684083992,2
9684083993,2
9684083995,2
25066784,2
9021498664,2
7223668011,2
7223668012,2
5976853817,2
2265048377,2
5046627645,2
5046447437,2
3816097102,2
3816097103,2
3816097104,2
3816097105,2
26374236,2
6951230826,2
1793420652,2
1655418222,2
7946378607,2
7946378608,2
4378043789,2
5006065038,2
5006065037,2
5006065040,2
5006065041,2
5006065039,2
5207487897,2
748885412,2
2665239973,2
2665239975,2
4367041960,2
2665239977,2
4367041962,2
2665239978,2
2665239976,2
2919962038,2
2919962039,2
2919962040,2
2919962041,2
2919962042,2
2919962043,2
2919962044,2
2919962045,2
2919962046,2
316763584,2
316763586,2
9693982149,2
316763590,2
316763595,2
2775653836,2
316763600,2
9691076056,2
1148276186,2
4328443355,2
4627445213,2
4627445215,2
1852997088,2
4627445216,2
4627445217,2
2466442731,2
4627445240,2
4627445241,2
5055364608,2
373364225,2
5055364610,2
5055364611,2
373364228,2
6293128709,2
5055364612,2
5055364614,2
21583366,2
4627445257,2
4627445258,2
4627445259,2
4627445260,2
4627445261,2
8620105233,2
8620105234,2
8620105236,2
8620105240,2
4630855193,2
1810130457,2
8620105243,2
8620105244,2
8620105242,2
4089226784,2
4630855202,2
4630855203,2
4630855204,2
4630855205,2
8620105259,2
473265708,2
8620105265,2
8620105268,2
8620105269,2
1678155318,2
8620105270,2
9310662201,2
9310662202,2
25067068,2
1148276284,2
5006063170,2
5006063171,2
5006063172,2
5006063173,2
1828402758,2
5006063175,2
2387213896,2
1828402760,2
5006063176,2
2387213899,2
5006063177,2
1828402765,2
2387213902,2
1828402767,2
2387213904,2
1828402769,2
5006063186,2
1828402771,2
5006063180,2
1828402774,2
9756278362,2
9756278363,2
9756278364,2
3704225375,2
3704225376,2
25577057,2
3704225378,2
3704225379,2
3704225380,2
6327615076,2
6327615075,2
5976850023,2
5976850024,2
6327615074,2
7610670710,2
4962956931,2
264824452,2
25161351,2
25161352,2
25161353,2
973158035,2
761831060,2
25161365,2
25161366,2
2360684188,2
8263157412,2
8263157413,2
8263157414,2
8263157415,2
8263157416,2
7271474856,2
7271474855,2
8785503917,2
8785503918,2
8785503919,2
8785503920,2
1214922421,2
3972566710,2
4077627063,2
3972566713,2
1214922426,2
3972566715,2
3972566716,2
1214922428,2
1214922429,2
1707790023,2
1707790029,2
7613626070,2
7613626073,2
9781190365,2
2775635677,2
1707790052,2
1707790055,2
4034060007,2
1707790057,2
4034060012,2
1707790062,2
1707790063,2
1707790064,2
4329502449,2
4034060017,2
1707790067,2
2265065203,2
4034060015,2
4379801334,2
2265065207,2
4034060018,2
4866623226,2
1707790074,2
1707790076,2
1707790085,2
419632906,2
8868824843,2
1707790096,2
1782730512,2
25505561,2
7610670876,2
4085767970,2
4085767971,2
5006978853,2
8868824870,2
8868824871,2
5006978855,2
5006978856,2
5006978857,2
25505673,2
7610670892,2
4085767978,2
4085767980,2
4085767983,2
4085767989,2
4866651959,2
7926554424,2
7926554423,2
7610670906,2
4866651962,2
4866651963,2
25470781,2
7926554430,2
7926554431,2
4866651968,2
4866651969,2
9781311298,2
9781311299,2
7610670913,2
25470784,2
4866651966,2
7610670919,2
25470783,2
7610670921,2
9781311297,2
3267461693,2
4859246418,2
4859246419,2
4859246420,2
4764884821,2
25505622,2
25505624,2
25505629,2
7617785701,2
108391,2
7617785710,2
25505648,2
7617785713,2
7617785714,2
4530339698,2
4530339700,2
1835356021,2
4530339702,2
4530339699,2
4530339701,2
9024139129,2
8373651316,2
8373651315,2
9024139132,2
9024139133,2
6369361789,2
104319,2
104320,2
9024139134,2
6369361794,2
9024139135,2
9024139138,2
9024139136,2
9024139137,2
2466445190,2
9024139143,2
9024139144,2
4428887946,2
9024139147,2
9024139148,2
9024139145,2
9024139146,2
9024139149,2
9024139150,2
5114681227,2
5114681230,2
957122446,2
25505677,2
1813794712,2
2387212189,2
7066617760,2
367091632,2
1726730162,2
1726730165,2
4719617974,2
5880186827,2
5880186828,2
25470928,2
3813810132,2
3813810133,2
7223695323,2
7223695324,2
7836155869,2
7223709662,2
3497461727,2
7223709664,2
1725360097,2
7223695327,2
7223695326,2
7223709668,2
7223709669,2
25475182,2
9754527740,2
9754527741,2
9754527742,2
9754527743,2
104321,3
5046314042,3
9693760971,3
24951853,3
24951854,3
4922952373,3
5046314040,3
9856119641,3
268997562,3
5046314043,3
25632860,3
5046314041,3
25161345,4
104322,4
25161346,4
8869435268,4
1718328198,4
1718233994,4
1721678995,4
2140227862,4
25161368,4
316763545,4
8869435290,4
7836164763,4
7836164764,4
7836164765,4
5046005790,4
9693730842,4
28800672,4
7553887409,4
28800689,4
7553887415,4
1718233922,4
5247852872,4
25066450,4
25066451,4
25066453,4
5224630617,4
7836155866,4
9856119642,4
5046314077,4
1684511838,4
24950117,4
1718233957,4
1717650794,4
5046314091,4
316763500,4
316763501,4
5046314092,4
5046005743,4
5046005745,4
1771426166,4
316763513,4
1771426172,4
1771426173,4
5046005758,4
8438226815,4
4167762779,5
104323,5
8429225386,5
8429706219,5
8429795032,5
295977520,5
6110191186,5
4167762777,5
8429774517,5
4167762776,5
8429795033,5
8429795034,5
8429795035,5
3855607516,5
1237883773,5
107584,6
251892754,6
251892950,6
30056310,6
3847023130,6
3847023131,6
9703794688,7
9703794689,7
9703794690,7
3876429831,7
7797731340,7
7797731341,7
7797731342,7
7797731343,7
9694072864,7
1043001378,7
2218344498,7
2218344501,7
27459638,7
2218344503,7
2218344505,7
2218344508,7
5342236733,7
2218344510,7
2218344511,7
2218344509,7
1043001410,7
2218344516,7
2218344518,7
3073173576,7
2218344522,7
1043001422,7
1043001423,7
3073173585,7
1211381855,7
1771458655,7
2297373047,7
1771458658,7
2934288513,7
4835108995,7
4835108996,7
2934288517,7
2934288518,7
4835108997,7
4835109000,7
4835109001,7
2961540,7
5257738379,7
2934288523,7
5257738381,7
5257738384,7
2934288530,7
3528710290,7
5257738387,7
5257738389,7
5257738390,7
2961557,7
1312471193,7
3858880678,7
1312471208,7
5160943793,7
5160943794,7
5160943797,7
1312471222,7
5160943798,7
1566269623,7
4866807989,7
5160943803,7
9694087358,7
9694087359,7
9694087360,7
9694087361,7
9694087362,7
9694087363,7
9694087364,7
9694087365,7
4688513218,7
5160943807,7
7082240198,7
1039290562,7
4866705606,7
1312188619,7
1039290578,7
4688513237,7
1039290584,7
4688513241,7
1039290586,7
9080123618,7
9080123619,7
9080123622,7
1312471271,7
6969936109,7
6969936112,7
27351282,7
27351284,7
27459830,7
1939558647,7
1939558648,7
1939558649,7
1939558650,7
25477371,7
1939558651,7
1939558646,7
1939558655,7
1939558657,7
1939558659,7
1939558660,7
1939558661,7
1939558663,7
1939558664,7
1939558666,7
1939558667,7
1939558671,7
1939558672,7
1939558673,7
1939558674,7
1717643537,7
1939558677,7
1939558678,7
1939558681,7
1939558684,7
5925626141,7
5925626142,7
1939558687,7
1046391070,7
3139705121,7
6985373983,7
6985373980,7
6985373982,7
6985373984,7
1939558697,7
1312188714,7
1939558700,7
1939558701,7
1939558704,7
8043350325,7
8043350341,7
1144619335,7
8579522887,7
1782718791,7
1782718792,7
4195103055,7
1312188768,7
27459945,7
27459951,7
25248112,7
25248113,7
25248114,7
25248115,7
25248117,7
25248118,7
1939632502,7
1939632504,7
27459959,7
25248120,7
25248122,7
25248123,7
25248124,7
25248119,7
27459966,7
25248125,7
25248127,7
27459969,7
27459970,7
27459971,7
25248128,7
25248126,7
2902624645,7
2934411661,7
2934411667,7
2934411668,7
1312188821,7
1312264600,7
1312264610,7
2935392676,7
1312264618,7
5095547321,7
5160943806,7
28418497,7
2387220933,7
6465896909,7
1312188886,7
2961885,7
2406484452,7
2406484453,7
1678283238,7
2406484455,7
2406484454,7
1678283242,7
212916714,7
1678283244,7
2406484460,7
1678283247,7
9042053624,7
1401416203,7
1365887500,7
7657257518,7
4430996023,7
9375078973,7
9375078974,7
9375078975,7
4430996033,7
4866976614,7
2218340965,7
27460198,7
7797330549,7
251892353,7
9710332576,7
9710332577,7
27460259,7
6280047275,7
6280047277,7
6280047278,7
6280047280,7
3715515059,7
8318757605,7
8318757606,7
3499500263,7
1566270189,7
251892475,7
18393873,7
2793904931,7
9021535020,7
4077599544,7
1014649672,7
4144358216,7
4144358217,7
9856119635,7
4866976610,7
4866976611,7
4866976613,7
109414,7
3381130086,7
3381130087,7
109415,7
3381130089,7
3381130090,7
3381130091,7
3381130092,7
109416,7
4866976617,7
3145798533,7
3517719434,7
251757452,7
251757458,7
24951721,7
4827050921,7
212927414,7
25066457,7
251757533,7
1733389278,7
5473274866,7
4866784251,7
5334625292,7
5334625293,7
1721713699,7
7636163631,7
107585,7
3247932481,7
107587,7
107586,7
107588,7
3247932486,7
2793874522,7
10677374,7
10677376,7
10677377,7
5165786242,7
5165786245,7
8515091589,7
6995618971,7
6995618979,7
9021504716,7
2914561272,7
2642857212,7
3381130493,7
249679102,7
28419328,7
21523714,7
21523715,7
21523716,7
1014803714,7
1014803718,7
1014803721,7
1014803736,7
24661273,7
25068862,7
1951616325,7
1951616327,7
5925584203,7
5925584204,7
302013776,7
9375100241,7
3816097106,7
3816097107,7
3816097108,7
3816097109,7
3816097110,7
9375100242,7
24950101,7
24950102,7
24950105,7
24950104,7
357999964,7
24950109,7
24950107,7
9042027865,7
24950112,7
9042027866,7
