node_id,cluster_id
6866516260,0
2453947051,0
4211515660,0
8787384683,0
1832666032,0
1637578546,0
8787692633,0
8787692634,0
104315,0
1236791552,1
4076126468,1
1816959492,1
9781435148,1
9805219989,1
25509527,1
25509533,1
25509534,1
1236791459,1
9856119617,1
4158000323,1
7946372933,1
7946372934,1
7946372935,1
7946372936,1
7946372937,1
7946372938,1
7946372939,1
7946372940,1
7946372941,1
7946372942,1
9197589455,1
9197589454,1
9197589457,1
5516594509,1
3644748768,1
1596648673,1
109409,1
4076126448,1
1236791408,1
3817308659,1
3817308660,1
104318,1
6369329152,2
6369329153,2
373364225,2
25504769,2
373364228,2
1236791297,2
6369329161,2
6369329162,2
6369329163,2
6369329164,2
3518967818,2
6369329166,2
6369329167,2
1311962122,2
6369329169,2
1311962130,2
3233714192,2
3233714194,2
3233714197,2
3233714193,2
3233714195,2
25577057,2
3497483291,2
7926506525,2
7926506526,2
7926506527,2
7926506529,2
7926506530,2
7926506531,2
7926506532,2
1726730281,2
319984684,2
2398924845,2
1360122924,2
24951856,2
1678452788,2
5475684917,2
1678155318,2
367104392,2
1678452791,2
9310662201,2
9310662202,2
1311962169,2
1678452795,2
1678452796,2
1678452797,2
1678452799,2
25067068,2
1678452793,2
1678452802,2
1726730307,2
1311962182,2
2387213896,2
2387213899,2
1678452789,2
441958990,2
2387213902,2
441958992,2
2387213904,2
9855343702,2
25632855,2
25632856,2
25632857,2
25632858,2
25632859,2
25632862,2
4870281310,2
1215563870,2
18468958,2
18468962,2
1215563875,2
6369390691,2
6369390692,2
1215563878,2
1215563879,2
18468966,2
2140421222,2
6369390698,2
6369390696,2
6369390700,2
6369390701,2
6369390693,2
6369390694,2
6369390695,2
6369390697,2
6369390699,2
1215563891,2
6369390702,2
1215563894,2
1215563895,2
107641,2
107646,2
1215563903,2
107647,2
5342251136,2
18468961,2
373364868,2
373364870,2
25161351,2
25161352,2
25503880,2
373364874,2
3519879307,2
7617755275,2
3965024397,2
373364878,2
3965024398,2
3965024399,2
7617755274,2
25503885,2
973158035,2
25161366,2
7607080091,2
107684,2
107687,2
4922952362,2
1782725824,2
2387209415,2
9021504714,2
8785457867,2
9021504715,2
1707790029,2
1236791506,2
9781190365,2
1054045407,2
5046627553,2
1311961826,2
1707790052,2
1707790062,2
4378043789,2
4329502449,2
1938819317,2
4379801334,2
1938819319,2
1938819320,2
2387207417,2
2387207418,2
2387207420,2
1938819325,2
1938819326,2
2387207421,2
1938819328,2
2387207425,2
1938819330,2
1938819331,2
2387207423,2
2387207426,2
1938819335,2
1938819336,2
7553887498,2
8868824843,2
2387194123,2
1054045453,2
2387194126,2
2387194127,2
2387194128,2
2387194131,2
1163954964,2
7553887509,2
2387194133,2
7610670876,2
4072476959,2
1401926435,2
2387194148,2
5006978853,2
8868824870,2
8868824871,2
5006978855,2
5006978856,2
5006978857,2
5973627687,2
1782728999,2
9021498664,2
2387194156,2
2387194157,2
7610670892,2
6739026230,2
7610670906,2
5046627645,2
25470783,2
25470784,2
7610670913,2
9781311299,2
2387194149,2
7610670919,2
2387194150,2
7610670921,2
3816097104,2
8336028504,2
8336028505,2
9856119643,2
8336028508,2
8336028509,2
8336028510,2
8336028507,2
8336028511,2
8336028512,2
8336028513,2
8336028515,2
8336028516,2
25500517,2
8336028514,2
1081508200,2
1793420652,2
6369361789,2
6369390690,2
1835356021,2
1771426165,2
25500535,2
4860803960,2
4860803961,2
1649365881,2
9024139129,2
9024139132,2
1268892541,2
1771426174,2
9024139134,2
104320,2
9024139135,2
9024139138,2
9024139136,2
9024139137,2
9024139133,2
2466445190,2
1311961991,2
9024139143,2
9024139144,2
9024139145,2
9024139147,2
9024139148,2
9024139146,2
9024139149,2
9024139150,2
6369361794,2
6369361795,2
25504143,2
5114681227,2
5114681230,2
25504144,2
957122446,2
10572178,2
4378043283,2
1311962013,2
2387212189,2
1311962016,2
20965794,2
20965796,2
20965797,2
20965803,2
1726730162,2
1726730165,2
1163955130,2
316763584,2
747893184,2
316763586,2
316763590,2
316763595,2
316763600,2
25470928,2
2140421219,2
2140421220,2
4328443355,2
7836155869,2
7223709662,2
7223709664,2
1311962082,2
7223709668,2
7223709669,2
3644748774,2
2140421223,2
1311962089,2
7223728617,2
2466442731,2
2140421224,2
7607077361,2
6369401334,2
7607077372,2
104321,3
24951853,3
4922952373,3
5046314040,3
9856119641,3
268997562,3
25161345,4
104322,4
8869435268,4
1718328198,4
1718233994,4
2140227862,4
25161368,4
7836164763,4
7836164764,4
7836164765,4
5046005790,4
7553887409,4
7553887415,4
1718233922,4
7836155866,4
1684511838,4
1718233957,4
1771426166,4
1771426172,4
1771426173,4
8438226815,4
4167762779,5
104323,5
8429225386,5
8429706219,5
8429795032,5
295977520,5
6110191186,5
4167762777,5
8429774517,5
4167762776,5
8429795033,5
8429795034,5
8429795035,5
3855607516,5
1237883773,5
107584,6
251892754,6
251892950,6
30056310,6
3847023130,6
3847023131,6
5218862786,7
1401416203,7
1365887500,7
3215685153,7
4866705606,7
7657257518,7
7636163631,7
2218344498,7
2218344501,7
4430996023,7
2218344503,7
2218344505,7
2218344508,7
5342236733,7
2218344510,7
2218344511,7
2218344509,7
107585,7
3247932481,7
107587,7
107586,7
107588,7
3247932486,7
2218344518,7
2218344516,7
2218344522,7
6218501713,7
6218501715,7
6218501717,7
2218340965,7
6218501740,7
6218501746,7
7797330549,7
6218501751,7
2218348156,7
6218501757,7
2218364541,7
2218364543,7
10677376,7
10677377,7
4726152840,7
4835109001,7
4835109000,7
1497452171,7
4726152844,7
4726152847,7
4726152848,7
4726152850,7
2961557,7
4726152854,7
1312471193,7
4726152857,7
9710332576,7
9710332577,7
27460259,7
1312471208,7
3715515059,7
1493722804,7
4866807989,7
1312471222,7
9694087358,7
9694087362,7
9694087363,7
9694087364,7
9694087365,7
4688513218,7
7082240198,7
7223326407,7
7223326409,7
7223326410,7
1312188619,7
7223326411,7
7223326413,7
7223326414,7
7223326408,7
9021504716,7
4688513237,7
6470264535,7
6470264536,7
4688513241,7
9781190366,7
9781190367,7
9781190368,7
9781190369,7
8318757605,7
8318757606,7
1312471271,7
3499500263,7
1939558646,7
1939558647,7
7223365368,7
1939558649,7
7223365370,7
1939558651,7
2642857212,7
3381130493,7
1939558650,7
7223365372,7
7223365371,7
1939558657,7
21523714,7
21523715,7
1939558660,7
255678213,7
1939558661,7
1939558663,7
1939558664,7
1939558659,7
1939558666,7
1939558667,7
1939558671,7
1939558672,7
1939558673,7
1939558674,7
2538458898,7
1939558677,7
1939558678,7
1939558681,7
2195965722,7
1939558684,7
1046391070,7
1939558687,7
3139705121,7
2793904931,7
1939558697,7
24659709,7
1939558700,7
1939558701,7
9021535020,7
1939558704,7
8043350325,7
25068862,7
30056255,7
8043350341,7
8579522887,7
4864083784,7
4864083785,7
1951616327,7
5925584203,7
5925584204,7
4195103055,7
3816097106,7
3816097107,7
3816097108,7
3816097109,7
3816097110,7
30056277,7
24950101,7
24950102,7
24950105,7
24950104,7
357999964,7
1312188768,7
1939558648,7
4866976610,7
4866976611,7
4866976613,7
3381130086,7
109415,7
3381130087,7
3381130089,7
3381130090,7
3381130091,7
3381130092,7
109416,7
4866976617,7
4866976614,7
25248112,7
25248115,7
25248117,7
25248118,7
25248119,7
25248120,7
2203268985,7
25248122,7
25248123,7
25248124,7
8869435258,7
2297373047,7
25248127,7
25248128,7
1939558655,7
1678245252,7
3145798533,7
9030155653,7
8807431559,7
8807431560,7
3517719434,7
1312188821,7
1312454038,7
1312264600,7
2387224474,7
2387224475,7
8318797234,7
8318797235,7
1312454068,7
8318797236,7
1782717878,7
212927414,7
8318797237,7
5095547321,7
2218362306,7
2387220933,7
8976060358,7
2218362310,7
2218362314,7
2218362316,7
6465896909,7
9808795601,7
2218362321,7
471488469,7
1312188886,7
25066457,7
2218362332,7
1733389278,7
2218362336,7
2218362849,7
1731216865,7
1678283238,7
1678283242,7
212916714,7
1678283244,7
1678283247,7
5473274866,7
25069046,7
4866784251,7
5269678593,8
5977954180,8
2612458244,8
9673091207,8
9673091208,8
9690975243,8
9690975244,8
9690975245,8
9673091214,8
9673091213,8
1312932879,8
3987750677,8
3850146457,8
3987750684,8
3987750685,8
3987750686,8
3987750687,8
3987750688,8
6110164641,8
4210859292,8
3987750692,8
9673189925,8
9673189926,8
6110164647,8
6110164649,8
6110164650,8
6110164659,8
6110164660,8
7900888377,8
4534184507,8
1233350847,8
107602,8
6110191188,8
1312932832,8
7644741345,8
7644741346,8
9703827555,8
7644741351,8
377490664,8
9080123628,8
1312932849,8
7900888437,8
4715264000,9
4715264001,9
4715264002,9
4715264004,9
5816743941,9
5816743942,9
722208263,9
5816743945,9
5816743947,9
5816743949,9
5816743950,9
6014302223,9
6014302222,9
8429945617,9
8429945618,9
6014302226,9
6014302227,9
6014302228,9
4715263992,9
1312932894,9
109728,9
4164428578,9
8064065316,9
25476134,9
4136137525,9
4136137529,9
2203888698,9
25475770,9
9690915259,9
4136137530,9
1689605567,9
5816744255,9
5816744257,9
9690915265,9
9690915264,9
9690915263,9
9690915267,9
8429934918,9
9690915271,9
9690915268,9
9690915273,9
9690915274,9
429346251,9
9690915275,9
25475663,9
25475664,9
5931509715,9
107606,9
4167762778,9
1312471258,9
28418909,9
585199079,9
28418921,9
585129712,9
9816821617,9
4529881970,9
8429945717,9
9693971447,9
9693971448,9
1505332730,9
2364384488,10
8030470473,10
585124778,10
1951242858,10
1951242860,10
2364378222,10
2364371185,10
2364379602,10
2364379603,10
2364379604,10
2364379605,10
107613,10
107614,10
1864047135,10
25475328,11
1990912129,11
9700060292,11
690295047,11
9690878344,11
4872502279,11
9632417162,11
9632417163,11
9683581480,11
283062189,11
3385332654,11
9683686963,11
3733791671,11
1155552319,11
1137777343,11
8030470464,11
8030470469,11
7638732490,11
7638732491,11
25475417,11
4832472797,11
9135845214,11
680069471,11
107615,11
8579240311,11
9135845216,11
9135848931,11
9135845213,11
1951242856,11
1951242857,11
1990912106,11
1951242859,11
2364384492,11
2364384490,11
680069483,11
2364387947,11
9135848938,11
9135848937,11
2364371186,11
1990912115,11
8579240307,11
8579240309,11
8579240310,11
8579240308,11
8579240312,11
8579240313,11
8579240314,11
5141216782,12
4077593104,12
5141216790,12
5473273373,12
5473273376,12
7745051680,12
1569343523,12
7926686250,12
25532464,12
385311796,12
6985395258,12
25532475,12
5473273425,12
1678227031,12
5238587992,12
5473273433,12
5238587994,12
5473273435,12
1569343577,12
3272782433,12
329983075,12
107626,12
107627,12
107628,12
5049840242,12
5049840243,12
107634,12
5049840245,12
5049840248,12
2961549,12
25161361,12
25161362,12
25161363,12
1569216662,12
25161377,12
25161378,12
25161379,12
25161380,12
25161381,12
25161383,12
4867087535,12
7223298253,12
24660697,12
3153656028,12
3153656030,12
1951616231,12
1951616232,12
1951616234,12
1951616236,12
1951616261,12
2378843909,12
1951616263,12
1951616268,12
1951616270,12
1951616276,12
1951616278,12
6463234329,12
1951616283,12
1951616284,12
5218844445,12
5218844446,12
1951616287,12
24950050,12
1951616291,12
1951616292,12
24950051,12
1951616295,12
1951616297,12
24950064,12
24950065,12
4077599543,12
4077599545,12
9027328314,12
9027328313,12
1951616319,12
6032044867,12
6032044868,12
5925584201,12
8390582613,12
5141354328,12
5141354329,12
5141354330,12
5141354331,12
5141354332,12
1312453981,12
5141354333,12
24950113,12
24950114,12
24950115,12
9856119649,12
9856119651,12
385311590,12
25067883,12
1312453996,12
5227220845,12
5227220846,12
8807431535,12
5227220848,12
8807431541,12
3272712566,12
1782714747,12
8807431548,12
6369361790,12
8807431550,12
6369361792,12
1678226827,12
4072083344,12
4072083345,12
2389802901,12
2389802904,12
5065949596,12
1312454045,12
5065949598,12
1678226846,12
2279592861,12
25067936,12
2279592862,12
25067935,12
1312454055,12
25532332,12
4748394420,12
259252667,12
1312454087,12
8753664977,12
25532377,12
25532384,12
1678226917,12
8807410152,12
5141216745,12
8807410154,12
5141216746,12
8807410158,12
8785024497,12
5141216754,12
473258249,13
1312454029,13
1312454031,13
473258639,13
3887941013,13
2059790748,13
25532576,13
6458938017,13
7926686249,13
1312454058,13
7926686252,13
1312454061,13
25544110,13
25265075,13
5340811829,13
5340811830,13
25265077,13
25265079,13
25265078,13
4085783099,13
1418752708,13
5340811717,13
4077579334,13
1312454090,13
4166634955,13
2142502090,13
7911243856,13
1418752721,13
7911243857,13
4166634962,13
763372884,13
7911243861,13
7911243858,13
7911243863,13
763372886,13
9413430622,13
7911267686,13
7620895976,13
1727515754,13
7911267693,13
1312453999,13
107632,13
5141625696,14
4729628192,14
9856119650,14
6369361796,14
6369361797,14
5141625702,14
5141625703,14
25067400,14
7223298252,14
7223298254,14
3644785104,14
107637,14
5141625621,14
5141625623,14
5141625625,14
6369361788,14
5141625630,14
6369361791,14
9856119648,15
5198585557,15
107638,15
5198585559,15
25504779,16
470729237,16
4866653236,16
1828402760,16
3474115148,16
1828402765,16
3267461709,16
3704225375,16
3704225376,16
3704225379,16
3704225380,16
5976850023,16
5976850024,16
3267461749,16
7610670710,16
107643,16
107644,16
4962956931,16
9611081868,16
25161365,16
9691102358,16
8785441943,16
8785441944,16
9691102362,16
18395811,16
3656358065,16
1268892338,16
2215139515,16
473262779,16
1938819282,16
1938819283,16
1938819284,16
1938819285,16
1938819286,16
1938819288,16
1938819289,16
1938819290,16
1938819292,16
1938819293,16
1938819294,16
1938819296,16
1938819301,16
1938819306,16
1938819313,16
419347194,16
419347195,16
4866623226,16
419347196,16
419347197,16
419347198,16
419347199,16
419347200,16
419347201,16
419347202,16
419347203,16
8807441176,16
25505561,16
1268900644,16
1268900660,16
1311961910,16
7926554423,16
4866651959,16
7926554424,16
4866651962,16
4866651963,16
5976853817,16
4866651966,16
7926554430,16
4866651968,16
4866651969,16
7926554431,16
5046447437,16
3816097102,16
3816097103,16
2140420434,16
25505622,16
25505624,16
25505629,16
1655418222,16
25505648,16
1955520887,16
4401156476,16
25505673,16
25505677,16
4729448869,16
2919962038,16
2919962039,16
2919962040,16
354935735,16
2919962042,16
2919962041,16
2919962043,16
2919962044,16
2919962045,16
2919962046,16
1725360097,16
25066470,16
2012969971,16
9754527744,17
473264641,17
9754527745,17
5055364611,17
5055364612,17
5055364608,17
5055364614,17
5055364610,17
3265436680,17
4627445257,17
4627445258,17
4627445259,17
4627445260,17
4627445261,17
3265436686,17
3265436678,17
3265436688,17
8620105233,17
8620105234,17
1678452753,17
8620105236,17
3265436692,17
3265436695,17
8620105240,17
8620105242,17
8620105243,17
8620105244,17
268124704,17
9754453026,17
9754453027,17
9754453028,17
9754453029,17
9754453030,17
9754453031,17
9754453032,17
9754453033,17
8620105259,17
473265708,17
1617532085,17
8620105265,17
8620105268,17
8620105269,17
8620105270,17
1617532087,17
5177397821,17
5177397822,17
5177397823,17
5177397824,17
5177397825,17
5177397827,17
5177397828,17
5177397829,17
5177397830,17
5177397832,17
5177397835,17
1828402767,17
4150883407,17
1828402769,17
1828402771,17
3696548438,17
1828402774,17
4658088539,17
6327615074,17
6327615075,17
6327615076,17
8755805313,17
4658088585,17
4650375309,17
107667,17
107668,17
1239549084,17
2360684188,17
367100073,17
1617532073,17
5177397419,17
5177397420,17
419632303,17
419632306,17
419632307,17
1214922421,17
3972566710,17
4077627063,17
2140506294,17
368044217,17
1214922426,17
3972566715,17
490946748,17
1214922429,17
1214922428,17
1617532090,17
1617532088,17
3972566713,17
1707790023,17
367077584,17
472346838,17
2775635677,17
1938819299,17
1938819302,17
4034060007,17
1938819304,17
1707790057,17
4650375402,17
1707790055,17
4034060012,17
4034060015,17
1707790064,17
4034060017,17
4034060018,17
2265065203,17
1938819316,17
2360681713,17
1707790067,17
2265065207,17
1707790063,17
1707790076,17
1938819329,17
419632906,17
1938819340,17
9684083981,17
9684083982,17
9684083983,17
9684083984,17
9684083987,17
9684083988,17
9684083992,17
9684083993,17
9684083995,17
5207477021,17
4383369519,17
4627491642,17
4627491643,17
25470781,17
2140432704,17
9781311297,17
108864,17
390341443,17
4650375504,17
4383369553,17
4859246418,17
4859246419,17
4650375508,17
4859246420,17
237911,17
6951230826,17
1955520879,17
1955520890,17
5207476606,17
5207476607,17
5207476609,17
25504129,17
5207476611,17
5207476610,17
5207476613,17
5207476615,17
5207476617,17
5207476619,17
21392273,17
1813794712,17
7066617760,17
748885412,17
2665239973,17
2665239975,17
2665239976,17
2665239977,17
2665239978,17
4367041960,17
4367041962,17
268124583,17
8620272571,17
473266627,17
2775653836,17
5177410511,17
3813810132,17
3813810133,17
9691076056,17
455705562,17
864817628,17
4627445213,17
4627445215,17
4627445216,17
4627445217,17
2360685543,17
4627445240,17
4627445241,17
9754527740,17
9754527741,17
9754527742,17
9754527743,17
8785484288,18
6293128709,18
21583366,18
4017328647,18
7223695324,18
9756243981,18
9756243982,18
9756243983,18
9756243984,18
9756243985,18
9756243986,18
3518995475,18
4689775124,18
8373690830,18
4689775126,18
8785484312,18
4630855193,18
1810130457,18
8373690831,18
8785484313,18
8785484316,18
8785484315,18
8785484314,18
2293833760,18
4630855202,18
4630855203,18
4630855204,18
4630855205,18
2293833763,18
6863550501,18
1419565097,18
25496622,18
6863550510,18
1236791344,18
1148276284,18
1726730303,18
5006063170,18
5006063171,18
5006063172,18
5006063173,18
5006063175,18
5006063176,18
5006063177,18
5006063178,18
5006063179,18
5006063180,18
6840965712,18
5006063186,18
21563479,18
1726730329,18
21563481,18
9756278363,18
26374236,18
9756278364,18
9756278362,18
9024076384,18
25503841,18
9024076385,18
21563489,18
25503845,18
25503848,18
25503851,18
25475182,18
5736692334,18
1726730354,18
21563508,18
25503862,18
32921720,18
7271474855,18
7271474856,18
7223712382,18
2294047369,18
5880188045,18
5880188046,18
25495698,18
761831060,18
4156336279,18
8785567902,18
8263157412,18
107685,18
107686,18
8263157413,18
107688,18
8263157416,18
107690,18
8263157415,18
107692,18
8785503917,18
8785503918,18
8785503919,18
8785503920,18
107693,18
4691514032,18
1236791478,18
4530270906,18
3972566716,18
4650375357,18
4530270908,18
25471681,18
4530270913,18
1782712524,18
7613626070,18
7613626073,18
3519005409,18
4822267107,18
4822267109,18
1020211942,18
4691460851,18
25471732,18
25471733,18
25471734,18
1707790074,18
388455682,18
1236791555,18
25475331,18
1707790085,18
25475332,18
8263166217,18
8263166218,18
8263166219,18
1617596686,18
1938819344,18
1707790096,18
8373728530,18
1782730512,18
4072476960,18
1617596704,18
3519013665,18
1617596711,18
1617596714,18
7223668011,18
7223668012,18
9781311296,18
7183962432,18
9856119621,18
1617647944,18
1617647945,18
4643337035,18
3497472337,18
7223704403,18
237908,18
4764884821,18
7617785701,18
108391,18
7617785710,18
7617785713,18
7617785714,18
4530339698,18
4530339700,18
4530339699,18
4530339702,18
4530339701,18
8373651316,18
8263157414,18
8373651315,18
5006065037,18
5006065038,18
21563791,18
21392272,18
5006065041,18
5006065040,18
10572179,18
10572180,18
5006065039,18
2586616722,18
5207487897,18
367106464,18
4240028580,18
4729448871,18
1148276186,18
4719617974,18
33141178,18
8373690817,18
8373690818,18
8373690819,18
8373690820,18
9693982149,18
8373690824,18
8373690825,18
8373690826,18
5880186827,18
5880186828,18
8373690827,18
8373690828,18
8373690829,18
8373690832,18
8373690833,18
8373690834,18
8373690835,18
8373690836,18
8373690837,18
8373690838,18
8373690839,18
8373690840,18
8373690841,18
8373690842,18
269589467,18
8373690844,18
8373690843,18
8373690845,18
8373690846,18
3497461727,18
7223695327,18
7223695323,18
7223695326,18
8785568228,18
8373623781,18
321255919,18
8373752817,18
5119652864,19
5119652865,19
25495808,19
1832227968,19
9781435146,19
2458273291,19
1953202962,19
2453941139,19
6279388821,19
6279388822,19
6279388823,19
6279388824,19
26678169,19
26678168,19
2453941147,19
26678171,19
26678166,19
26678167,19
343669791,19
2458257570,19
8975700259,19
8975700260,19
2458257573,19
8975700261,19
343669798,19
5265953450,19
5265953451,19
5265953452,19
1364161197,19
2458257578,19
5265953455,19
2458301100,19
5265953457,19
5265953454,19
5265953459,19
2458260532,19
1832228016,19
25495858,19
2458256449,19
25495807,19
8645592521,19
1364172237,19
1832129873,19
6108171363,19
1832129878,19
1953202903,19
25495640,19
1953202907,19
21578459,19
25495646,19
6724775011,19
6724775012,19
108389,19
6724775013,19
6724775014,19
8787384680,19
6724775017,19
6724775018,19
6724775015,19
6724775016,19
1832248428,19
108390,19
1364168178,19
1364168180,19
2458303223,19
5119652857,19
2458307450,19
1364169899,19
5119652862,19
5119652863,19
1736685635,20
4297054053,20
1601832328,20
6828863691,20
6828863692,20
6828863693,20
6828863694,20
6828863695,20
6828863696,20
6828863697,20
6828863698,20
9576827481,20
9804578356,20
25475674,20
108406,20
6525671279,20
1363483801,20
9576827482,20
469776896,21
6369329155,21
6369329156,21
25632774,21
6369329158,21
6369329159,21
8989843465,21
25497611,21
25497612,21
25497613,21
6369329170,21
6369329172,21
10607127,21
10607128,21
10607129,21
2632464413,21
10607133,21
2632464416,21
1125619235,21
2632464427,21
1723388979,21
1813618227,21
1813618228,21
1813618229,21
1813618230,21
372978232,21
1723388985,21
1813618231,21
1596655163,21
1813618232,21
1813618234,21
256766529,21
1366095187,21
5238528591,21
1366095189,21
4530057817,21
1366095190,21
4870281309,21
2135411294,21
1326821471,21
2135411296,21
2135411297,21
4369519204,21
25475688,21
25475690,21
25475691,21
1326821490,21
3076574323,21
4369519219,21
10606709,21
4369519227,21
1326821502,21
1326821504,21
20460681,21
1326821513,21
1326821515,21
20460686,21
20460687,21
20460688,21
20460690,21
20460691,21
1326821524,21
1326821525,21
3722411669,21
20460695,21
20460696,21
20460697,21
20460692,21
20460694,21
6506796188,21
1326821539,21
1326821541,21
1326821557,21
5041784501,21
1326821559,21
1813618358,21
25473207,21
25473206,21
1326821564,21
2632431806,21
2632431807,21
1326821566,21
1326821569,21
255860415,21
110274,21
1326821577,21
1326821579,21
1081508186,21
1326821585,21
4703542482,21
4703542483,21
5060405461,21
1326821596,21
25497824,21
25497828,21
25497829,21
1326821613,21
25497845,21
2632430340,21
2632430342,21
4076095242,21
275180300,21
25497872,21
4076095253,21
3320947996,21
4076095262,21
2331184927,21
2331184929,21
2331184930,21
2331184931,21
2331184932,21
2331184934,21
2331184935,21
2480657190,21
5041784633,21
5041784634,21
1813618497,21
8868824899,21
446765895,21
390073160,21
2466456399,21
2466456400,21
2466456401,21
2466456402,21
2466456403,21
2466456404,21
2466456405,21
2466456406,21
2466456407,21
2466456408,21
2466456409,21
6525670234,21
2466456411,21
6525670235,21
6525670236,21
6525670237,21
6525670238,21
6525670239,21
6525670240,21
6525670242,21
6525670241,21
2466456413,21
2466456412,21
2466456414,21
9804653408,21
25497968,21
1081508209,21
632447859,21
108409,21
372050299,21
5711517571,21
1125619075,21
2466449286,21
2466449287,21
2466449288,21
2466449289,21
2466449290,21
2466449291,21
2466449293,21
2466449294,21
9161061775,21
1939632526,21
2466449297,21
2466449296,21
2466449295,21
1759454104,21
4807796633,21
1759454106,21
6871422365,21
9693865890,21
25632677,21
1759454118,21
1954751914,21
25632683,21
25632684,21
1954751916,21
1954751918,21
4860825518,21
20965804,21
1759454122,21
20965805,21
20965806,21
1954751924,21
9693963701,21
9693963702,21
9693963703,21
9693963704,21
9693963705,21
9693963706,21
9693963707,21
9693963708,21
469759942,21
469759943,21
372978120,21
435104715,21
2632476621,21
5973397966,21
435104717,21
9808795605,21
9808795606,21
9808795607,21
9808795608,21
1125619161,21
25499095,21
4571940314,21
4571940315,21
9808795609,21
9808795610,21
2632476639,21
25499104,21
5353604060,21
5353604061,21
25499115,21
9804653406,21
2632488435,21
9804774392,21
2632488445,21
108420,22
3093897988,22
3093897989,22
3093897991,22
1312188679,22
2402557839,22
1280491924,22
1280491926,22
2402557597,22
2402557599,22
2387232555,22
2387232556,22
2387232557,22
2387232559,22
3093894065,22
2387232561,22
2387232563,22
9030284989,22
9030284990,22
3741117630,22
4749090120,22
25477197,22
1722268367,22
9856119633,22
1722268381,22
1722268384,22
1722268388,22
5492419693,22
5565455857,22
5565455858,22
8236052983,22
8236052987,22
8236052988,22
8236052990,22
8236052991,22
4193151464,23
108835,23
4305986091,24
5905893978,24
7620902731,24
108837,24
264824452,25
9684083978,25
9684083979,25
3267461759,25
3876713343,25
1678452760,25
20955164,25
1678452770,25
4085767971,25
4085767974,25
4085767978,25
4938216619,25
4085767980,25
1678452780,25
4085767983,25
367091632,25
4085767989,25
4085767992,25
2265048377,25
4085767993,25
3267461693,25
3267461696,25
2265050050,25
108867,25
1828402758,25
1828402759,25
262078536,25
3267461710,25
1938819280,25
2620105428,25
3267461721,25
9729684314,25
3267461728,25
3267461729,25
3267461737,25
3267461742,25
3267461747,25
3267461752,25
3267461756,25
1536948605,25
3267461758,25
9684083967,25
4211515621,26
108903,26
25496777,26
245200970,26
1830276654,26
9189397456,26
4211515569,26
663363473,26
4211515891,26
8256049397,26
8256049399,26
9820537921,27
9820537922,27
9820537934,27
1326821457,27
4297243218,27
1326821465,27
25475692,27
25475693,27
1326821487,27
1326821489,27
4297243295,27
9820538016,27
9820538017,27
4297243298,27
9820538018,27
9820538019,27
1326821542,27
4158004390,27
9820538028,27
4571238064,27
4571238067,27
4571238068,27
4297212084,27
25475767,27
1938953403,27
1938953406,27
1326821568,27
1938953413,27
1938953414,27
1938953417,27
4297212114,27
25470166,27
4297212119,27
1938953430,27
1938953431,27
1326821593,27
1938953433,27
748797145,27
1938953432,27
1938953437,27
4297212128,27
4297212129,27
21990633,27
21990634,27
21990637,27
21990638,27
1326821624,27
4298970364,27
25497340,27
4298970368,27
25497347,27
4298970380,27
4298970384,27
4297212194,27
4297212204,27
355416911,27
4297242961,27
1601797458,27
355416914,27
355416920,27
109403,27
9820523869,27
9820523870,27
9820523871,27
9820523872,27
108393,27
9820523913,27
9820523914,27
9820523915,27
9820523916,27
9161061776,27
9693963678,27
9693963679,27
9693963680,27
9693963681,27
9693963682,27
9693963683,27
710657963,27
7947041713,27
422573549,27
1913216493,27
25497596,27
25497599,27
25509513,28
470727954,28
1938819346,28
1938819348,28
1938819350,28
1938819351,28
25509526,28
5207487900,28
25481504,28
25481506,28
6988528038,28
6988528039,28
9694031532,28
9201323575,28
1236791504,28
894485202,28
109408,28
109410,28
1236791535,28
9197589363,28
9197589238,28
1536948608,29
1536948612,29
25505670,29
1536948487,29
20626312,29
1536948618,29
20626315,29
1852996875,29
1536948631,29
6509584413,29
1536948517,29
7572522534,29
109734,29
7572522540,29
1536948652,29
7572522547,29
1536948536,29
1572551227,29
2504847039,29
7572522566,29
4866475730,29
4866475737,29
7572522585,29
1852996954,29
1536948578,29
109411,29
109412,29
25264998,29
2504822135,29
1536948474,29
7572522492,29
9694072864,30
109414,30
30078473,30
5334625292,30
7797731341,30
7797731342,30
7797731343,30
7797731340,30
5334625293,30
1566270189,30
1566269623,30
4077599544,30
2793874522,30
2961885,30
9030029183,30
7824803494,31
7824803495,31
109737,31
9072449309,31
24952269,31
7824803501,31
4166634957,31
5104314264,31
1536948541,31
1951372959,31
9753609738,32
9753609739,32
9753609740,32
9753609741,32
9753609742,32
9753609743,32
9753609744,32
9680972177,32
9680972178,32
9753609745,32
9680972185,32
25161373,32
7824747295,32
7824747297,32
7824747298,32
7824747300,32
7824747302,32
7824747303,32
7824747304,32
7824747305,32
7824747307,32
25067307,32
7824747308,32
6967585840,32
6967585841,32
109746,32
6967585842,32
1827389620,32
1782727992,32
1722621630,32
4220613456,32
700774224,32
5201625566,32
2941549918,32
5840176866,32
9681020156,32
9681020157,32
5006764037,33
5006764038,33
5006764039,33
5006764040,33
1312189073,33
1312188945,33
1312188689,33
1312188696,33
25477149,33
25477150,33
25477151,33
25477152,33
25477153,33
25477154,33
26067235,33
25477156,33
26067237,33
1312189091,33
26067239,33
26067236,33
3320743081,33
1954751908,33
1312188843,33
26067238,33
26067234,33
1312188730,33
1312188858,33
9693935550,33
1312188735,33
109760,33
9693935551,33
1312188994,33
1312188614,33
1312188622,33
1312189013,33
1312188760,33
3892081372,33
1312319838,33
3741078112,33
7644884069,33
1312188774,33
1042862726,34
249558409,34
1042862477,34
6304787860,34
6304787861,34
1042862492,34
3735886877,34
3858880674,34
3858880675,34
3858880676,34
3858880677,34
7815143465,34
3673602988,34
3673602993,34
25477300,34
25477301,34
5929540796,34
109766,34
5925628361,34
57786953,34
7911297486,34
9808795598,34
7815143503,34
1042862673,34
9808795599,34
9766629717,34
25477335,34
25477339,34
9027367517,34
9027367518,34
9027340515,34
9027340516,34
2935373159,34
1042862696,34
302013673,34
2935373161,34
302013676,34
25477228,34
302013678,34
2935324280,34
9203578106,34
9203578107,34
9856119640,35
373402354,35
109780,35
9856119634,35
9514602150,36
9514602151,36
9514602152,36
9514602153,36
109785,36
6166157035,37
109788,37
24952267,37
4077495951,38
1832129813,38
4077495957,38
1810130458,38
4077495964,38
338474269,38
1832129823,38
4077495971,38
1832129831,38
4077495854,38
4077495855,38
4077495858,38
4077495862,38
4077495867,38
9781311295,38
4077495872,38
4530195657,38
4077495883,38
109815,38
109816,38
1360122879,38
109818,39
8975700266,39
3644748770,39
1723340842,40
110140,40
435104742,40
4823246342,41
1150003270,41
1684835245,41
1493658224,41
2036125649,41
1309067472,41
6864015603,41
1141415219,41
1685281076,41
2036125657,41
110143,41
1312189057,42
250326914,42
4835108998,42
4835108999,42
7636180236,42
7636180237,42
20458276,42
1571298192,42
7636180241,42
7636180242,42
1571298195,42
1312188692,42
1401416208,42
1312188694,42
1312188824,42
9710348827,42
9710348828,42
1312188955,42
110238,42
1312188704,42
20458273,42
250325411,42
2003007012,42
20458275,42
1787108646,42
1787108647,42
1787108648,42
1787108649,42
1787108650,42
3334162601,42
20458277,42
2490721964,42
1312188845,42
1312189098,42
1312188722,42
4618510643,42
8868010162,42
1312188731,42
250327100,42
1312188988,42
8868010171,42
354886082,42
8868194757,42
1312188741,42
9710304459,42
9710304460,42
8868001103,42
9856119632,42
8868001104,42
250549587,42
1312188883,42
1782716888,42
7926563545,42
8868194778,42
1571298141,42
21990624,42
21990625,42
1233327202,42
21990626,42
250549670,42
2934268020,42
1312188660,42
250327159,42
1312188797,42
1238259337,43
4530011788,43
6261920913,43
6261920914,43
4530012691,43
4530012690,43
4530012692,43
4530012694,43
4530012695,43
4530012696,43
6261920915,43
1150003480,43
4530012699,43
4530012700,43
4530012701,43
4530012702,43
6866779806,43
4530012703,43
4530012704,43
1771453218,43
7805198627,43
1771453217,43
3499567135,43
5565487612,43
3197339673,43
3197339674,43
4729385030,43
4729385031,43
9808795596,43
3197339676,43
59526352,43
282708,43
1150003547,43
1731225566,43
1150003423,43
249470452,43
4316306166,43
1536039932,43
25438595,44
2632476618,44
25438732,44
2632476590,44
1953096696,44
7796554012,44
282719,44
2632464415,44
4835108995,45
2961540,45
1951616325,45
24661273,45
8807431546,45
2195965723,45
24950109,45
8807431551,45
367114771,46
27458331,46
1312453919,46
1312454048,46
2967343648,46
3215687074,46
2967343649,46
5931501991,46
27458353,46
1547013692,46
1312453950,46
1547013698,46
5342236740,46
1312454086,46
5335245256,46
9710359368,46
9856119628,46
3708234964,46
471488472,46
3585762393,46
1312454114,46
5227220835,46
2961891,46
471488484,46
1550763620,46
1547013743,46
367121266,46
1312454015,46
1678452792,47
10572172,47
25495617,48
25495618,48
9856119619,48
1985084100,48
1938953377,48
350437608,48
10572779,48
5060391417,48
25495695,48
25496819,48
25496820,48
25496821,48
1816038230,48
321255925,48
25495769,48
25495770,48
8972441127,49
25496748,49
21583342,49
10572785,49
8972511963,49
8785568224,50
10572786,50
7847748059,50
1985084095,50
5470932256,51
10607629,51
7947057586,51
5468301555,51
2146369237,51
5470932252,51
5470932253,51
5470932255,51
9782353731,52
8784159562,52
6467134930,52
6467134931,52
8784181688,52
10676799,52
2902624645,53
18393873,53
1717643537,53
6985373980,53
6985373982,53
6985373983,53
6985373984,53
1312264610,53
1721713699,53
1312188714,53
1312264618,53
21307200,53
9030121410,53
1782718791,53
1782718792,53
9856119635,53
6985379285,53
6985379286,53
9042027865,53
9042027866,53
2406484452,53
1350430181,53
2406484454,53
2406484455,53
9030155749,53
2406484453,53
9030155753,53
2406484460,53
9042053624,53
10677374,53
1312264577,54
1311961985,54
794039687,54
9042133642,54
5043864464,54
28800661,54
28800662,54
25161371,54
1782724124,54
28800667,54
316763548,54
1782724125,54
250550174,54
1401908258,54
1311962151,54
9042026424,54
1311962043,54
1312264648,54
1312264524,54
1684511955,54
9856119636,54
7836155864,54
7836155865,54
7836155867,54
7836155868,54
7836155870,54
9042041320,54
9042041321,54
1718328435,54
10677375,54
8975529088,55
4462680067,55
4462680068,55
9203541381,55
7840712839,55
1832248457,55
1832248458,55
9781435147,55
4462680078,55
5374174224,55
1360122901,55
595709975,55
14672924,55
5573994014,55
5573994016,55
5573994017,55
5603454627,55
5603454628,55
5573994019,55
1832129958,55
1360122919,55
5374174120,55
1360122925,55
7203717550,55
1938953395,55
1360122937,55
5374183741,55
5374183742,55
6329690691,55
8975645638,55
8975645640,55
8975645641,55
25151180,55
4512763348,55
1360122841,55
5460658138,55
1360122860,55
5573931377,55
5839156209,55
1360122866,55
1360122871,55
5573931385,55
8975529082,55
8975529083,55
8975529084,55
8975529085,55
8975529086,55
529722111,55
7553887392,56
18382242,56
8869435266,56
7567588716,56
24950093,56
3533830193,56
268997560,56
8869435257,56
18395288,57
25161370,57
250550400,58
1939632514,58
4992781187,58
3739049348,58
4992781189,58
1939632519,58
20460684,58
973101839,58
9042120207,58
2387242385,58
2387242386,58
8869472274,58
3870640530,58
25477148,58
3870640547,58
3870640548,58
4401149224,58
2387240745,58
4401149225,58
2387240747,58
4401149228,58
4992781175,58
7636278191,58
4401149234,58
7636278194,58
7636278197,58
7636278199,58
7636278200,58
1326821561,58
7636278201,58
256766531,58
18398282,58
1312335310,58
5927671120,58
1326821460,58
1326821592,58
5238500312,58
5238500313,58
914822492,58
9042037853,58
2387245025,58
873684193,58
2387245026,58
2387245027,58
2387245029,58
1326821480,58
632438506,58
9030155757,58
9030155758,58
8869472239,58
9030155759,58
9030155760,58
8869472240,58
1326821619,58
9030155762,58
2990732269,58
5927671155,58
8869472247,58
4826555769,58
4826555770,58
4826555771,58
4992781180,58
5609638014,58
18469130,59
9856119638,59
2642878568,60
2642878569,60
18469132,60
9856119637,60
6978555522,61
1758554289,61
2990780037,61
2990780039,61
20460680,61
2990806410,61
2990806411,61
2990806413,61
2990806415,61
2990806416,61
968499092,61
968499093,61
4246525220,61
4246525223,61
316763559,61
316763561,61
316763563,61
1758554286,61
8975833904,61
8975833905,61
6978563378,61
6978563379,61
6978563380,61
6978563381,61
6978563382,61
6978563383,61
6978563384,61
8975833913,61
8975833912,61
8975833915,61
4682627259,61
4682627261,61
8975833914,61
4682627263,61
4682627264,61
6978577985,61
4682627266,61
4682627265,61
256766532,61
256766533,61
1758554291,61
1150003147,61
1150003532,61
9041828942,61
1759454163,61
1758554294,61
1759454429,61
3763407460,61
5041784423,61
1150003571,61
5067002867,61
6978531575,61
6978555518,61
6301948480,62
20625793,62
6301948477,62
5976760445,62
5976760446,62
5976760447,62
9694032608,63
9694032609,63
585200775,63
20625800,63
585200818,63
710521820,63
9694032606,63
9694032607,63
5189042552,64
20626282,64
8675201272,64
5189042551,64
7824803490,65
7824747299,65
7824803492,65
7824747301,65
1536948646,65
7824803493,65
4085778920,65
7824747306,65
5146186589,65
7824803500,65
1536948431,65
1536948529,65
20626301,65
5146186590,65
9856119647,65
3796814729,66
4866475725,66
20626310,66
20626311,66
7572522513,67
20626316,67
7572522511,67
1360122886,68
1236791433,68
20955158,68
9805219991,68
9805219992,68
9805219993,68
9805219994,68
9805219990,68
1360122917,68
4076095791,68
4370333627,68
1609966653,68
4370333629,68
9856119620,68
4370333637,68
9197322310,68
4370333638,68
4370333643,68
4370333648,68
9197326420,68
3519872213,68
4076095834,68
1360122845,68
1596648671,68
1360122856,68
21685484,68
1360122861,68
21685485,68
1360122873,68
2398924896,69
6369329154,69
20965798,69
20965799,69
6369329160,69
20965800,69
4428887946,69
2398924843,69
25500427,69
2241962700,69
6369329165,69
1782729295,69
1782729296,69
6369329171,69
1326821587,69
2398924853,69
2398924855,69
104319,69
2398924898,70
9781311298,70
20965801,70
7946378607,70
7946378608,70
9310682079,70
2398924893,70
2398924863,70
1755265415,71
250550023,71
250550024,71
5041945479,71
5041945481,71
1755265428,71
1755265432,71
28800670,71
1755265444,71
1343823418,71
21307201,71
21307202,71
8869464398,71
1312264546,71
21990631,71
873809385,71
5042033643,71
9042025325,71
2990721389,71
4661317536,72
3328228993,72
3328228994,72
3328228996,72
3328228998,72
25524297,72
5177397418,72
21392267,72
3328229004,72
1617596593,72
4663309171,72
4661317524,72
4663312695,72
4663312696,72
4663312697,72
4663312698,72
9856119623,73
9201323564,73
21392276,73
25509525,73
2343269909,73
25495822,74
350377999,74
25495824,74
25495823,74
21392278,74
350437528,74
1707790105,74
6828931875,74
1938953379,74
1832052008,74
1832227886,74
447887921,74
1832227893,74
6828927809,74
1148249927,74
338472567,74
4275394254,74
5899738713,74
1832129783,74
338472562,74
25495542,74
25495543,74
6828921209,74
6828921210,74
6828921211,74
5603454625,75
5603454626,75
6606135979,75
21392279,75
5335233120,76
2934288514,76
250324965,76
21523718,76
5165786239,76
21523719,76
8042022825,76
5573991659,76
5573991660,76
4138224462,76
5335233113,76
1014649631,76
5009060057,76
5335233114,76
2934288509,76
5335233119,76
1617596646,77
1617596615,77
1617596616,77
1617596621,77
21563503,77
1617596627,77
1617596659,77
1617596669,77
25498458,78
9659603285,78
21578454,78
9748953621,79
21578461,79
4331121754,80
21685481,80
21685483,80
1837610895,80
1360122929,80
25500530,80
1360122933,80
1163955034,80
4331121755,80
269547420,80
4462683090,81
21686572,81
9203541612,82
21686574,82
4462680070,82
3515286914,83
3515286915,83
3515286916,83
5565466183,83
1493676622,83
1493676623,83
28728208,83
25477106,83
21990614,83
1771453860,84
3197333544,84
1711679434,84
9375170320,84
9375170321,84
9375170322,84
9375170323,84
9375170324,84
9375170325,84
9375170326,84
1711679380,84
7191329809,84
7191329811,84
28728210,84
28728187,84
21990620,84
4556931602,85
4556931604,85
21990622,85
21990627,86
475396924,86
8672066581,86
7636180239,86
250327591,87
1326821544,87
8868010287,87
5565443389,87
5565443390,87
250327618,87
5565443397,87
5875062471,87
5875062472,87
9808795603,87
9808795604,87
1719422038,87
9856119639,87
8923643489,87
8923643490,87
9693628386,87
21990628,87
21990629,87
9030155750,87
21990630,87
9030155754,87
9030155755,87
9030155756,87
9042053623,87
21990632,88
9030155751,88
1718566880,88
5141625698,89
1569241807,89
25161360,89
1569241808,89
24659764,89
7906964247,89
7906964248,89
7906964249,89
7906964250,89
7906964251,89
3644748767,89
24659907,90
1311961990,90
24659947,90
6948380395,90
24949780,90
9693920801,91
9693920794,91
9693920795,91
9693920797,91
24660863,91
1312453954,92
1556260235,92
24661966,92
25544111,92
1312453966,92
1556260241,92
1312454066,92
25544112,92
1312454100,92
24662037,92
1312453915,92
24950048,93
5095547180,93
5095547184,93
24950005,93
24950013,93
3517985666,94
5090420610,94
25161348,94
5090420614,94
8807429660,94
8807429664,94
8807429665,94
9691082671,94
25066419,94
2387226304,94
3499500226,94
2387226307,94
2387226309,94
2387226311,94
2387226313,94
5090420940,94
24950097,94
5090420958,94
5090420959,94
5090420964,94
9024139130,94
9024139131,94
25248113,95
25248114,95
24950107,95
9030155654,95
9693920802,96
9693920803,96
24950110,96
24950111,96
24950112,97
25248126,97
25161346,98
1721678995,98
316763501,98
24950117,98
9693760971,99
24951854,99
5046314041,99
5046314042,99
5046314043,99
25632860,99
6918421504,100
1951372930,100
24952195,100
24952196,100
2528522503,100
1951372935,100
6918421512,100
6918421513,100
2528522507,100
1556097163,100
1561071632,100
2528522518,100
1556324759,100
1556097431,100
1556097092,100
1556097306,100
2528522528,100
1556097185,100
6985465124,100
6985465125,100
1561071655,100
1561071656,100
6985465129,100
6985465130,100
1556097321,100
2528522542,100
4018000435,100
1590114998,100
1556097080,100
6985465145,100
1556324793,100
1556097217,100
9694091972,100
9694091973,100
1556097222,100
4777897927,100
4777897928,100
1556097353,100
1556097098,100
1556324683,100
1556324684,100
25278669,100
25278670,100
3385387604,100
3385387605,100
3385387606,100
3385387607,100
696477399,100
1556097368,100
6918421503,100
1556097118,100
4117882851,100
4117882852,100
4085404135,100
4117882856,100
4117882857,100
4085404136,100
4117882860,100
1556097136,100
1556097137,100
1951372915,100
1951372927,100
5087519104,101
25066338,101
25161347,101
5090420965,101
25066412,101
25066450,102
1717650794,102
25066451,102
25066453,102
5047029678,103
25066461,103
25066462,103
3704225378,104
1536948581,104
4085778923,104
1536948622,104
1938819279,104
9684101713,104
4085778934,104
4143767990,104
25066684,104
1852997088,105
25066784,105
25066694,105
25066696,105
25161353,105
4866591373,105
4866591374,105
4866591375,105
4866591376,105
3816097105,105
3233714196,105
3233714198,105
9856119645,105
25067264,106
25067265,106
2566132609,106
25067266,106
1852996996,106
2504822145,106
25067267,106
1569382119,106
6509584414,106
2504822137,106
1569382170,106
2504822139,106
1569382174,106
25066687,106
25067304,107
2566132610,107
2566132611,107
25067324,108
5141876996,108
5141877239,108
25067395,109
25067396,109
25067397,109
5146186470,109
950703625,109
950703626,109
5146186463,109
5146186489,109
25067326,109
1726783391,109
9856119646,110
25067427,110
25067398,110
1951616322,111
5104314275,111
25067461,111
25067463,111
25067469,111
25067470,111
5104314255,111
5104314256,111
5104314384,111
25067473,111
25067476,111
1186508405,111
5104314353,112
25067727,112
1569343756,112
25067479,112
1569343909,113
25067558,113
25067728,113
5104314096,113
5104314098,113
25067636,113
5104314325,113
25067670,113
1569343576,113
25067737,114
1569312412,114
25067933,114
25067871,114
25067914,115
1569216650,115
25067920,115
7911231380,115
1722621718,115
7911231384,115
25067803,115
1569216123,115
25161375,115
5141228834,115
1569216316,115
4085783103,115
4085783105,115
1569216326,115
6446292570,115
1951616226,115
5141216740,115
5141216741,115
7911267687,115
7911267688,115
7911267690,115
7911267692,115
7911267694,115
7911267695,115
7911267696,115
9659831673,115
9659831674,115
9659831675,115
25265023,115
25071090,116
25071131,116
5247857728,117
9691101411,117
9691101412,117
25161357,117
2387194158,117
5141877019,117
25248125,118
1211381855,118
25471736,119
25503860,119
7271474849,120
321255907,120
25472324,120
25472545,121
4675821944,121
4675821925,121
4675821932,121
4665353645,121
4665353644,121
762080111,121
1617596591,121
8373728533,121
25472566,121
25473048,121
25472379,121
1617596607,121
1882379274,122
1882379248,122
1882379285,122
4425001783,122
25472760,122
25472763,122
3247578846,122
4823246341,123
4425001781,123
4425001782,123
25472767,123
7447716112,124
25472789,124
9161061774,124
25472800,125
4571194090,125
4571194091,125
1954751920,125
2036125650,125
2940401398,125
6014339453,125
1684835105,126
1684835107,126
1684781486,126
3739048019,126
3739048020,126
3739048021,126
25472885,126
4948630427,126
25472890,127
8373728531,127
1617647934,127
4675822095,127
1311962080,128
9042129985,128
9042129986,128
1401893666,128
1311961868,128
1215563885,128
25473199,128
25473200,128
25473204,128
25473205,128
1215563897,128
6871422362,128
6871422364,128
1759454078,128
9042129984,129
875789647,129
1150003472,129
25473201,129
25473202,129
1311961947,129
1311962012,129
9042129983,129
1311962111,129
25473203,130
5067002855,130
25473281,131
9683585635,131
903630659,131
8497605091,131
4777885221,131
4085387943,131
4085387945,131
7246486955,131
4136124524,131
4136124526,131
4078858000,131
4078858001,131
869968536,131
585127354,131
585148380,131
6265654109,131
25473279,131
697037343,132
5905807278,132
8579276917,132
9694104278,132
25474005,132
25474015,132
25497603,133
9694091974,133
9694091975,133
9694091976,133
9694091977,133
9694091978,133
6149398571,133
9856119625,133
9694091981,133
25475053,133
9694091983,133
9694091982,133
9694104279,133
1547657140,133
1312471255,133
9694104280,133
1312471226,133
1312471228,133
25475072,134
1547657104,134
7236131861,134
1312471189,134
7236131862,134
7236131864,134
7236131865,134
9690769059,134
8064065323,134
9690974262,134
277337783,134
25496910,134
6332695637,134
6332695638,134
9135848919,134
9135848920,134
9135848921,134
9135848922,134
9135848923,134
9135848924,134
9135848925,134
6332695639,134
585180151,134
1233350889,135
9856119626,135
9856119627,135
283061836,135
3231501611,135
1233350862,135
4166967089,135
675734610,135
675734613,135
25475419,135
675734622,135
25475561,136
9690878337,136
1569486259,137
25475597,137
25497222,138
1312471188,138
1312471196,138
1312471202,138
4920098342,138
4920098343,138
6266867112,138
6266867113,138
6266867114,138
6266867111,138
4920098344,138
1312471216,138
1312471223,138
9690974264,138
9690974263,138
9690974266,138
9690974265,138
9690974272,138
9690974274,138
9690974275,138
9690974276,138
9690974277,138
9690974278,138
25475661,138
1312471252,138
9699944538,138
1312471265,138
9699953505,138
6696695781,139
8784000965,139
25475678,139
6696695783,139
9823138208,140
9823138209,140
1326821607,140
1326821594,140
25475694,140
25475695,140
25475696,140
25475697,140
4297211186,140
4297211187,140
25475698,140
435104726,140
435104728,140
355416921,140
1326821466,140
9823138206,140
7075087297,141
7075087298,141
7075087299,141
6273056647,141
6273056648,141
9693963689,141
6239229422,141
6239229423,141
9693963696,141
435104721,141
9693963698,141
25475699,141
1326821620,141
9693963699,141
6272993491,141
6272993492,141
9693963697,141
25497619,141
25475754,142
1816777875,142
1493229962,142
25476131,143
4920098349,143
5931509720,143
5931509721,143
25476124,143
25476127,143
25477258,144
347541973,144
9703794688,145
9703794689,145
9080098306,145
9080098307,145
9080098308,145
9080098305,145
9703794690,145
3876429831,145
9080098312,145
9080098313,145
9080098314,145
9080098309,145
3528711693,145
255051289,145
3528711722,145
27459116,145
27459120,145
27459638,145
9375078973,145
9375078974,145
9375078975,145
3073173576,145
3073173585,145
27459165,145
1771458655,145
1771458658,145
3528738434,145
3528738438,145
3528738439,145
3528738440,145
5257738379,145
5257738381,145
5257738384,145
3528710290,145
5257738387,145
5257738389,145
5257738390,145
9030037142,145
6995618979,145
3858880678,145
6280047275,145
6280047277,145
6280047278,145
6280047280,145
5160943793,145
5160943794,145
5160943797,145
5160943798,145
5160943803,145
5160943806,145
5160943807,145
9694087360,145
1039290562,145
472493763,145
1039290578,145
1039290584,145
1039290586,145
9080123618,145
9080123619,145
9080123622,145
6969936109,145
6969936112,145
27351282,145
27351284,145
2914561272,145
25477371,145
249679102,145
28419328,145
1014803714,145
1014803718,145
1014803721,145
1014803736,145
4144358216,145
4144358217,145
302013776,145
9375100241,145
9375100242,145
1939632502,145
1939632504,145
3550836102,145
251757452,145
2934411661,145
251757458,145
2934411667,145
2934411668,145
2935392676,145
4827050921,145
3499556266,145
28418497,145
9808795600,145
9808795602,145
251757533,145
9703794686,145
9703794687,145
806373533,146
25477774,146
819157946,147
25477858,147
4556931603,147
3661703766,147
25495697,148
9856119622,148
1834657467,149
25495820,149
1834657469,149
6354294763,149
5736847361,150
5736847362,150
5736847363,150
5736847364,150
25495852,150
470727776,151
749947393,151
25496100,151
749947402,151
25495854,151
25495855,151
350629203,151
269584410,151
317930380,152
4211515637,152
4211515622,152
25496775,152
25496779,153
25496780,153
1816038211,154
1985084135,154
25496783,154
25496786,154
25496787,154
5265830862,155
25496815,155
25496785,155
4429088632,155
1958800795,155
8972511965,155
25496781,156
25496788,156
25496797,156
25496798,156
25496799,156
2453947049,157
8787384684,157
8787384685,157
8787384686,157
4211515634,157
25496792,157
4211515644,157
4211515645,157
25496800,158
1816038214,158
323260106,158
1816038224,158
5014591889,158
1816038199,158
1816038233,158
1816038237,158
1816038239,158
25496817,159
25496818,159
5426506500,159
1832129795,160
6407948171,160
4077495820,160
4077495821,160
6407948172,160
25496847,160
25496848,160
25496849,160
4077495826,160
25496850,160
9781435149,160
25496851,160
5504212623,160
4730978978,160
4730978979,160
4942595236,160
4730978981,160
4730978982,160
4730978983,160
1684437690,160
1684437692,160
1319881922,160
1319881924,160
1655214934,160
25497563,160
25497564,160
25497566,160
1655214955,160
6124650606,160
1832129778,160
4076126707,160
1832129789,160
1938953399,161
25496857,161
4730978984,161
9161061778,161
9161061779,161
9804471701,161
25496854,161
9804471702,161
5948183671,161
25496855,161
9203537438,161
9203537439,161
2135411308,162
5711517565,162
5457908028,162
25499655,162
4378043682,163
25500246,163
25504145,164
25504146,164
25504148,164
1835355916,165
1793420660,165
25504149,165
1707790044,165
4232015838,165
25504770,166
367105858,166
25504755,166
367105859,167
25504777,167
1268892466,167
1268892467,167
25504756,167
25504763,167
4089226784,168
4085767970,168
9684083971,168
419350723,168
9684083975,168
9684083976,168
9684083977,168
4089236235,168
4089236236,168
419350669,168
25504760,168
6509584408,168
7572833379,169
7572833380,169
7572833381,169
25505607,169
25505679,169
25505585,169
1828402762,170
25505643,170
25505618,170
25505593,170
25505630,170
1828402763,171
1828402764,171
2142508727,171
25505662,171
25505695,171
1852996856,172
25505685,172
1852996734,172
1556097153,173
8785024515,173
1556097030,173
5905896973,173
1556097166,173
1556097177,173
1556097178,173
1556097051,173
1556097320,173
1556097448,173
1547013554,173
1556097227,173
1547013710,173
25532494,173
9856119631,173
1547013589,173
1547013719,173
8807410150,173
8807410151,173
1556097048,174
25532542,174
2480657188,175
4826448085,175
25632678,175
2135411293,175
25632864,176
25632865,176
1215563905,176
1215563890,176
244128953,176
25632863,176
25634199,177
1155584130,177
2632486641,177
2632486645,177
3586606038,177
3586606039,177
2632486646,177
5306194265,177
9703794691,178
9703794692,178
9703794693,178
9703794694,178
9703794695,178
9703794696,178
4344245893,178
9703794697,178
4344245892,178
4223357836,178
9693971464,178
3987750679,178
27460250,178
5517519002,178
7487734942,178
429346236,178
429346241,178
9693974851,178
302013777,178
9693910743,178
28418144,178
9080123623,178
6969936105,178
4054356842,178
6969936106,178
4054356847,178
27460210,178
27459198,178
9694087361,179
21523716,179
27460198,179
1014649672,179
3247933387,179
27459830,179
6995618971,179
9694087359,179
28418880,180
27459905,180
1312471267,180
429346243,180
4534184516,180
742399752,180
1312471210,180
4629462859,180
429346253,180
1312471217,180
1312471197,180
1312471190,180
9693971449,180
9693971450,180
9693971451,180
9693971452,180
28418877,180
28418879,180
27459969,181
27459970,181
5165786242,181
2934288513,181
8515091589,181
5165786245,181
2934288517,181
27459971,181
2934288518,181
2934288523,181
2934288530,181
1043001378,181
3906588452,181
4430996033,181
1043001410,181
3247933381,181
1043001422,181
1043001423,181
27459945,181
27459951,181
27459959,181
6218501753,181
27459966,181
2969439040,182
1233350848,182
2612458246,182
9080123624,182
9080123627,182
27460439,182
5904585328,182
377490677,182
2872699894,182
3220254039,182
1042862785,183
7911297478,183
302013672,183
302013674,183
302013675,183
7815533548,183
7815533546,183
6345441358,183
7911297487,183
3486459762,183
3486459764,183
3486459765,183
249558966,183
347539416,183
3081980920,183
27480956,183
7815143559,184
347541965,184
3486459766,184
7911297463,184
7815143581,184
3735889430,184
347542743,184
27480957,184
27480960,185
27480961,185
9678821156,185
9678821159,185
9678821160,185
9678821161,185
3486459769,185
28193265,186
3170676207,186
249679365,187
4344245894,187
7817162929,187
4244498866,187
2140124996,187
28418138,187
28418141,187
3892081373,187
3892081378,187
1014803686,187
7797338599,187
7797338600,187
1014803691,187
302013681,187
302013682,187
1014803702,187
1014803704,187
3894948091,187
3894948093,187
4430996024,188
28418859,188
4155841820,188
3632581622,188
3984132034,189
3984132035,189
4116809027,189
3984132037,189
4116809028,189
302013708,189
4422013486,189
249679343,189
28418929,189
4244498867,189
4244498868,189
2990651905,190
1755708646,190
1755708647,190
1755708648,190
1758552521,190
1758552522,190
2990664881,190
28800660,190
973128725,190
9693929369,190
1755708737,191
1755708738,191
1755708739,191
5041945508,191
9693903657,191
2990651920,191
2990651921,191
28800666,191
28800664,191
1755708730,191
1755708732,191
5565443391,191
5046314090,192
28800671,192
1311962065,192
1311961846,192
5046314073,192
1311962079,192
28800672,193
9856119642,193
8869435290,193
5247852872,194
316763513,194
5046314091,194
5046314092,194
316763500,194
28800689,194
5224630617,194
9693730842,194
5046314077,194
5046005758,194
1547013597,195
1547392865,195
5580861156,195
8579233861,195
8579233862,195
707377287,195
30056330,195
6600283121,195
4619022514,195
251892979,195
1547393045,195
1312471191,195
1547013754,195
3830043581,195
1312471231,195
3741131608,196
149431715,196
213668839,197
347335859,197
354886099,197
9269886261,197
8868010205,197
250549699,198
250549700,198
8868010279,198
8868010216,198
8868010280,198
8868010218,198
213668842,198
8868010281,198
8868010221,198
213668844,198
8868010202,198
1685272862,198
1719422032,199
213670986,199
1312189047,199
2642878644,200
213672005,200
249559005,201
302013662,201
7900221088,202
249560091,202
9021491075,202
7900221087,202
250325410,203
250549636,203
3787645606,203
3787645607,203
3787645608,203
3787645609,203
3787645610,203
5492419692,203
250327037,204
1310663631,204
9693628387,205
9693628388,205
347335878,205
2642612586,205
250327576,205
7151566952,206
250327660,206
338319877,206
251892353,207
3706494694,207
5925626141,207
251892475,207
2872704413,207
5925626142,207
3930921860,208
3708234957,208
4230027057,208
4155841811,208
251892564,208
843376599,208
4378043667,209
269547419,209
4378043661,209
4378043662,209
9051462722,210
2112030873,210
4823243100,210
6855696495,210
6855696497,210
6855696498,210
6855696500,210
627985397,210
275179893,210
275179767,210
6855696504,210
6855696502,210
2112030869,210
291951643,210
6855696503,210
316763545,211
5046005745,211
5046005743,211
1145174402,212
4571241384,212
9820538031,212
355416887,212
355416890,212
355416892,212
3257317059,212
9820537936,212
9820537937,212
9820537940,212
9820537941,212
9820537942,212
9820537943,212
9820537944,212
9820537946,212
1165343843,212
4729480806,212
4729480807,212
4729480808,212
4571244658,212
4571244659,212
4571244660,212
4571244663,212
20955169,213
367074596,213
9693971465,214
4230595026,214
377494060,214
27331469,214
435104736,215
435104732,215
435104735,215
7918978033,216
438170475,216
6218468163,217
1550763749,217
1547013711,217
9704122321,217
471488499,217
4847781268,217
1493722803,217
4847781269,217
1550763764,217
1550763708,217
473219610,218
8814668141,218
5104314222,218
25161386,219
473258827,219
3644748773,219
473264457,220
1268903266,220
9135848928,221
585130362,221
4777885222,221
1561411396,222
585201189,222
8579276918,222
3068267824,223
670103313,223
690295042,224
9690878341,224
5122737222,224
9690878343,224
819132568,225
748941508,225
1684781470,225
748941552,226
748941546,226
4195111363,226
4195111355,227
748941556,227
4661317153,228
1617647928,228
4661317155,228
1617647903,228
1617647898,228
4675822093,228
1617647919,228
4675822097,228
8373728532,228
4675822100,228
1617647924,228
761831000,228
761830938,228
1617647931,228
1617647900,228
1617647901,228
761831039,228
2496836226,229
2496836231,229
1255490314,229
1150003513,229
806373565,229
811035012,230
5905897286,230
6446218921,230
6446218922,230
1556097034,230
1556097387,230
1556097139,230
1556097111,230
1556097271,230
1556097147,230
1556097215,230
1723315608,231
3247825561,231
3247825562,231
7636278193,231
7636278195,231
7636278196,231
7636278198,231
4807521484,231
1309067471,231
3741131600,231
5927671121,231
3741131606,231
7636244312,231
7636244313,231
7636244314,231
9042037852,231
914822496,231
2624005734,231
914822508,231
9030155763,231
5927671156,231
9030155766,231
9030155767,231
4826555772,231
1755708768,232
1758552678,232
1758552682,232
2990717003,232
1759454351,232
973128722,232
1755708765,232
1755708766,232
7223326412,233
4835108996,233
4835108997,233
1144619335,233
1150003170,234
8784212017,234
1150003155,234
4826555767,234
1150003224,234
9808795611,234
4826555768,235
1150003195,235
25632870,235
1238249904,236
7900221108,236
1736734053,236
2140125056,236
1547013760,237
1547013601,237
1547013730,237
8785024514,237
1547013704,237
1312453936,237
1547013653,237
1312453879,237
1547013593,237
9694096799,237
1353133536,238
4643336966,238
4643336968,238
4643336979,238
1353133533,238
1547013574,239
6149398572,239
1547013588,239
1547013592,239
1547013724,239
1547013621,240
1547013694,240
1547013567,240
4402629177,241
4402594986,241
1547013655,241
8807410149,242
1547013672,242
1547013705,242
9856119630,242
1547013688,242
1547013699,243
1550763732,243
1547393025,244
1547392771,244
4920098350,244
1547392848,244
1547392818,244
1547392914,244
1547392951,244
1547392728,244
1547392764,244
1547392894,244
1547392927,244
1556097337,245
1556097148,245
1556097245,246
5189042550,246
1951372909,246
5976760443,247
1556324659,247
1590088452,248
1561071644,248
1599652497,249
5504771250,249
1599652492,249
1617532089,250
1617532091,250
3265436260,251
4697288390,251
2341656968,251
4697287178,251
1828408303,251
8620082704,251
6327557047,251
4696568114,251
5146127859,251
4696544885,251
367102039,251
6327557048,251
1617596505,251
4696545402,251
4166662878,251
6868293535,251
1678452786,252
3474115151,252
7610670751,252
7610670826,253
7610670830,253
7610670771,253
1678452790,253
7610670780,253
7610670781,253
1684835042,254
4197055203,254
1684835138,254
1684835110,254
8868809321,254
1684835019,254
6014333809,254
1684835121,254
1684835093,254
1684835030,254
1684835062,254
5609643672,254
1684835097,254
5609643675,254
1707790024,255
4658088777,255
250549835,256
1718566997,256
1718567007,256
9804685199,257
9804685200,257
9804685201,257
9804685202,257
1723388986,257
7620895974,258
25161384,258
1727515734,258
1755708736,259
4992781181,259
2990721391,259
1761598585,260
4316306163,260
4316306164,260
1137777341,260
1828402755,261
1828402756,261
1832248440,262
2576893628,262
1852996517,263
1852996670,263
1939632512,264
108418,264
4826555773,264
1939632510,264
1990694641,265
1990694635,265
1990694647,265
3130435826,266
1990694638,266
6431923714,267
6431923715,267
5471345385,267
9693974377,267
308837357,267
2146369238,267
9161061783,267
9846850972,267
9846850973,267
9846850974,267
2146369240,268
5468301601,268
10607626,268
6332545601,269
9030284967,269
3093894066,269
2254629351,269
2665239972,270
6509684093,270
2935324281,271
2737313094,271
288193455,271
3691462888,272
9804685203,272
9804685204,272
2755124949,272
9804685206,272
9804685205,272
2914561217,273
5924603458,273
5924603459,273
5924603460,273
5924603457,273
5924611312,273
5924603444,273
5924603445,273
5924603446,273
5924603447,273
5924603449,273
8500636794,273
5924603452,273
5924603453,273
5924603454,273
5924603455,273
4938216620,274
4166634958,274
3267461735,274
3272782432,275
1547013738,275
3272782429,275
3272782446,275
3644748769,276
3519288132,276
9693628389,277
3741117629,277
9693628390,277
3892081362,278
3892081363,278
5788363874,279
4208239651,279
4208239642,279
9201323561,279
4462680076,279
9201323322,279
5374181585,279
6606148797,279
3972566714,279
6606148798,279
5899711453,279
5899711454,279
4072083342,280
4072083343,280
4166662881,281
8620105277,281
4169836445,281
8675201264,282
7911282822,282
1556097326,282
4169714270,282
8026335686,283
4174200046,283
4879371168,284
4879371165,284
4421008566,284
4665352264,285
4665352262,285
4697525032,286
26374229,286
4697525030,286
4827019220,287
835390894,287
4866475736,288
4866475731,288
4866475733,288
5177352922,289
5177352923,289
5177352932,289
5177352933,289
9733914457,290
5253290694,290
25496750,291
5265840063,291
5609643673,292
5609643674,292
6645346885,293
6711365597,293
7572833353,294
7572833350,294
7911282827,295
4169714271,295
1587330970,296
8783914189,296
8604055550,296
8869040027,297
8869040028,297
9691082176,298
4872502280,298
