node_id,cluster_id
1236791459,0
4076126468,0
7946372934,0
7946372936,0
7946372940,0
7946372941,0
7946372942,0
3817308659,0
3817308660,0
104318,0
104320,1
373364225,1
373364868,1
373364228,1
373364870,1
6369329161,1
373364874,1
6369329162,1
3965024397,1
373364878,1
3965024398,1
3965024399,1
6369329169,1
6369329167,1
6369329166,1
1311962013,1
20965796,1
20965797,1
8868824870,1
8868824871,1
20965803,1
2398924845,1
1311962182,1
4870281310,1
1311962082,1
1215563878,1
1215563895,1
9856119641,2
104321,2
104322,3
1718328198,3
7553887409,3
2140227862,3
1771426166,3
7836155866,3
1771426173,3
104323,4
8429795032,4
295977520,4
4167762776,4
8429795033,4
8429795034,4
8429795035,4
4864083785,5
107585,5
1312471271,5
6218501751,5
107586,6
8043350341,6
8318757605,6
9808795601,6
4726152850,6
8043350325,6
9781190368,7
107587,7
3381130086,7
3381130087,7
109415,7
3381130090,7
3381130091,7
4688513237,7
1782717878,7
25248122,7
9781190367,7
3987750692,8
5977954180,8
9673189926,8
7644741351,8
9673091208,8
6110164649,8
6110164650,8
7900888377,8
9673091213,8
9673091214,8
107602,8
7900888437,8
3850146457,8
3987750684,8
3987750685,8
3987750686,8
3987750687,8
5816744257,9
2203888698,9
5816743941,9
8429934918,9
585199079,9
5816743942,9
5816743945,9
5816744255,9
5816743949,9
8429945617,9
1505332730,9
8429945618,9
107606,9
25475770,9
1689605567,9
2364384488,10
8030470473,10
585124778,10
1951242858,10
1951242860,10
2364378222,10
2364371185,10
2364379602,10
2364379603,10
2364379604,10
2364379605,10
107613,10
107614,10
1864047135,10
1990912129,11
9632417162,11
9632417163,11
9683581480,11
3385332654,11
9683686963,11
1155552319,11
8030470464,11
1137777343,11
8030470469,11
7638732490,11
7638732491,11
4832472797,11
107615,11
9135848931,11
1951242856,11
1951242857,11
1990912106,11
1951242859,11
2364384492,11
2364384490,11
2364387947,11
9135848938,11
9135848937,11
2364371186,11
1990912115,11
8579240309,11
8579240312,11
5925584201,12
107626,12
8807410154,12
1312454055,12
1951616231,13
107627,13
8807410158,13
4072083344,13
1312453981,13
107632,14
6458938017,14
25532576,14
9413430622,14
8753664977,15
107634,15
4729628192,16
6369361797,16
5141625703,16
7223298252,16
3644785104,16
107637,16
6369361788,16
6369361791,16
9856119648,17
107638,17
7926506529,18
7926506531,18
7926506532,18
5973627687,18
107641,18
7926506525,18
7926506527,18
4866651968,19
1938819301,19
25505673,19
5046447437,19
3656358065,19
2012969971,19
1311961910,19
4866651959,19
7926554424,19
107643,19
7926554430,19
7926554431,19
107646,20
5006978855,20
3644748774,21
4922952362,21
24951856,21
4860803961,21
1215563870,21
107647,21
5207476609,22
5207476610,22
5207476611,22
5207476613,22
4627445257,22
5207476617,22
5207476619,22
4627445261,22
9684083982,22
9684083983,22
9684083984,22
107667,22
9684083987,22
9684083988,22
9684083992,22
9684083993,22
9684083995,22
7066617760,22
473265708,22
4627491642,22
1828402771,22
1828402774,22
3696548438,22
1938819299,22
1938819302,22
1938819304,22
1938819316,22
9754527744,23
9754527745,23
5055364610,23
5055364611,23
367077584,23
107668,23
9754527743,23
107684,24
1726730281,24
7617755275,24
957122446,24
4072476959,24
1726730329,25
107685,25
7617785701,25
4729448871,25
25503848,25
7617785710,25
7617785714,25
1726730354,25
8373690840,25
8373690841,25
8785484288,26
4072476960,26
107686,26
8373690833,26
8373752817,26
4530339699,26
8373690834,26
4530339701,26
7613626070,26
8373690839,26
4530339702,26
7613626073,26
8373690835,26
6369329153,27
107687,27
1311961991,27
1311962089,27
6369329163,27
1054045453,27
9310662202,27
1311962169,27
1163955130,27
1054045407,27
9024076384,28
4530270913,28
9024076385,28
4822267109,28
107690,28
8373690827,28
8373690828,28
8373690829,28
8373690826,28
21563791,28
8373690831,28
1707790096,28
3497472337,28
21563508,28
21563479,28
4530270908,28
3519005409,29
107692,29
8785484316,29
8263157413,29
5006063170,30
3497461727,30
8263157414,30
8263157415,30
2294047369,30
1782712524,30
107693,30
25496622,30
5006065041,30
8373651315,30
8373651316,30
8785484315,30
8785484314,30
7223695323,30
7223695326,30
7223695327,30
9781435146,31
2453941139,31
6279388822,31
6279388823,31
6279388824,31
26678169,31
2458257570,31
2458257573,31
5265953450,31
5265953451,31
2458301100,31
5265953455,31
1364172237,31
6724775011,31
6724775012,31
108389,31
6724775013,31
6724775018,31
1832248428,31
2458307450,31
26678168,32
6279388821,32
108390,32
25495698,33
108391,33
6828863691,34
6828863692,34
6828863693,34
6828863694,34
6828863695,34
6828863696,34
6828863697,34
6828863698,34
9804578356,34
108406,34
1363483801,34
2632464416,35
6525670240,35
390073160,35
1125619161,35
108409,35
2632464413,35
2632431807,35
108420,36
9030284989,36
9030284990,36
4193151464,37
108835,37
3267461696,38
108867,38
264824452,38
3267461710,38
3267461721,38
3267461693,38
25497347,39
1326821542,39
21990634,39
9820537934,39
109403,39
25497596,39
109408,40
25481504,40
6988528039,40
9694031532,40
894485202,40
9197589363,40
470727954,40
5207487900,40
1536948618,41
109411,41
1536948578,42
109412,42
109414,43
9030029183,43
25248128,44
9710332577,44
9710332576,44
109416,44
25248115,44
2218344508,44
2218344510,44
1536948608,45
6509584413,45
109734,45
2504822135,45
24952269,46
109737,46
1536948541,46
5840176866,47
1722621630,47
4220613456,47
109746,47
9681020156,47
9681020157,47
2941549918,47
9856119640,48
109780,48
9514602150,49
9514602151,49
9514602152,49
9514602153,49
109785,49
338474269,50
109815,50
109818,51
8975700266,51
3644748770,51
4823246342,52
6864015603,52
1141415219,52
2036125657,52
110143,52
2293833760,53
5880188045,53
6840965712,53
8373690832,53
237908,53
1810130457,53
3972566716,53
5055364608,54
5055364612,54
8620105233,54
8620105234,54
8620105236,54
3265436695,54
1813794712,54
8620105240,54
8620105242,54
8620105243,54
1239549084,54
8620105244,54
9754453026,54
9754453027,54
9754453028,54
9754453029,54
9754453030,54
9754453031,54
9754453032,54
367100073,54
9754453033,54
8620105259,54
5177397420,54
5177397419,54
419632303,54
8620105265,54
419632306,54
419632307,54
8620105268,54
1214922421,54
8620105270,54
4077627063,54
8620105269,54
3972566710,54
1214922426,54
1214922429,54
5177397821,54
5177397823,54
2140432704,54
5177397825,54
5177397822,54
5177397827,54
5177397828,54
5177397830,54
1707790023,54
5177397832,54
5177397835,54
4150883407,54
5177410511,54
237911,54
455705562,54
2360685543,54
6951230826,54
4034060012,54
1955520879,54
4034060017,54
4034060018,54
2265065203,54
2360681713,54
2265065207,54
4530012702,55
6261920914,55
282708,55
4316306166,55
4530012699,55
1536039932,55
6866779806,55
4530012703,55
2632464415,56
282719,56
2961549,57
385311590,57
5218862786,58
9030155653,58
5925584204,58
2538458898,58
2961557,58
1939558646,58
1939558647,58
1939558648,58
2195965722,58
357999964,58
2961891,59
9856119628,59
1312454086,59
1678452792,60
10572172,60
747893184,61
7610670913,61
7610670919,61
7610670921,61
10572178,61
367106464,62
4643337035,62
10572180,62
25471732,62
1236791478,62
25471733,62
25471734,62
4630855193,62
4650375357,62
1938953377,63
9856119619,63
1985084100,63
350437608,63
10572779,63
1816038230,63
25495770,63
10572785,64
8972511963,64
25496748,64
8972441127,64
8785568224,65
10572786,65
7847748059,65
1985084095,65
10606709,66
5973397966,66
2632476639,66
9693865890,67
8868824899,67
6369329158,67
1366095189,67
10607127,67
5353604060,67
1326821504,68
2466449286,68
2466449287,68
2466449288,68
1326821513,68
2466449289,68
2466449290,68
1326821515,68
2466449293,68
20460686,68
20460681,68
2466449295,68
2466449294,68
20460690,68
2466449297,68
20460692,68
2466449296,68
20460694,68
20460695,68
10607128,68
4807796633,68
20460696,68
20460697,68
1326821525,68
1326821539,68
1326821541,68
1326821557,68
1326821559,68
372978232,68
1326821566,68
256766529,68
1326821569,68
372978120,68
1326821577,68
2466456399,68
2466456400,68
2466456401,68
2466456402,68
2466456403,68
1081508186,68
1326821471,68
1326821613,68
1081508209,68
1326821490,68
2466449291,68
1326821502,68
2632430342,69
1954751914,69
4530057817,69
10607129,69
2466456411,69
2466456412,69
2466456413,69
2466456414,69
10607629,70
7947057586,70
5468301555,70
2146369237,70
5470932252,70
5470932253,70
1312264610,71
9030121410,71
2406484452,71
2406484454,71
1782718791,71
2406484455,71
2406484460,71
10677374,71
6985373983,71
7836155864,72
1684511955,72
1782724124,72
10677375,72
10677377,73
7082240198,73
1401416203,73
8318797237,73
212927414,73
4462680067,74
9781435147,74
5573931385,74
14672924,74
8975529085,74
8975529086,74
268997560,75
18382242,75
9042027865,76
18393873,76
1725360097,77
18395811,77
8785441943,77
8785441944,77
5976853817,77
4992781189,78
2387240745,78
18398282,78
2387240747,78
8869472239,78
1326821619,78
1326821460,78
4826555769,78
1938819330,79
1938819331,79
6369390691,79
25161351,79
2387212189,79
18468958,79
9024139136,80
9024139137,80
18468962,80
7926506530,80
9024139143,80
7926506526,80
18469130,81
9856119638,81
2642878568,82
2642878569,82
18469132,82
9856119637,82
1571298192,83
8868194778,83
20458275,83
20458277,84
1312188845,84
8868001103,84
8868001104,84
250549587,84
1312188692,84
2934268020,84
4618510643,84
7926563545,84
1312188731,84
1312188988,84
4682627265,85
3763407460,85
4246525220,85
5041784423,85
20460680,85
8975833912,85
5067002867,85
968499092,85
6978563380,85
6978531575,85
6978563384,85
8975833913,85
8975833915,85
1759454429,85
25497828,86
9693963708,86
20460687,86
5238528591,86
25497872,86
1326821564,86
9693963701,86
9693963702,86
9693963703,86
9693963704,86
9693963705,86
9693963706,86
9693963707,86
1326821596,86
5353604061,86
20625793,87
6301948477,87
9694032608,88
9694032609,88
20625800,88
585200818,88
9694032606,88
9694032607,88
5189042552,89
20626282,89
8675201272,89
5189042551,89
7824803490,90
7824803492,90
7824803493,90
1536948646,90
4085778920,90
7824803500,90
20626301,90
1536948431,90
1536948529,90
5146186589,90
5146186590,90
9856119647,90
3796814729,91
20626310,91
20626311,91
1536948612,92
1536948517,92
7572522566,92
25264998,92
20626312,92
7572522534,92
1536948652,92
7572522540,92
4866475730,92
7572522547,92
4866475737,92
1536948631,92
1536948536,92
7572522585,92
1852996954,92
1572551227,92
20626315,93
7572522492,93
9805219994,94
9197326420,94
20955158,94
1649365881,95
20965794,95
8868824843,95
6369329164,95
20965799,96
6369329160,96
20965800,96
2398924843,96
25500427,96
6369329165,96
1782729295,96
6369329171,96
1326821587,96
2398924853,96
2398924855,96
104319,96
2398924898,97
9781311298,97
20965801,97
7946378607,97
7946378608,97
9310682079,97
2398924893,97
2398924863,97
4369519204,98
1813618497,98
20965804,98
1326821585,98
20965805,99
20965806,99
21307200,100
9030155753,100
9856119635,100
4661317536,101
3328228994,101
3328228996,101
25524297,101
21392267,101
3328229004,101
4663309171,101
4663312695,101
4663312696,101
4663312697,101
4663312698,101
21392273,102
3972566713,102
4859246420,102
21392276,103
9856119623,103
5603454625,104
6606135979,104
21392279,104
21523714,105
4726152840,105
4726152844,105
4726152847,105
4726152848,105
3215685153,105
1312471208,105
5342236733,105
9694087358,105
9694087362,105
6465896909,105
6218501713,105
6218501715,105
6218501717,105
6470264535,105
6470264536,105
4688513241,105
1678283238,105
1678283242,105
1678283244,105
1678283247,105
6218501746,105
7797330549,105
21523715,106
4195103055,106
8042022825,107
250324965,107
21523718,107
1014649631,107
5335233120,108
2934288514,108
5009060057,108
21523719,108
5573991659,108
5573991660,108
4138224462,108
5335233119,108
5335233113,108
5335233114,108
2934288509,108
5165786239,108
21563489,109
21563481,109
1707790085,109
4719617974,109
9659603285,110
21578454,110
8645592521,111
25495858,111
26678167,111
25495640,111
21578459,111
1419565097,112
21583366,112
4017328647,112
21685481,113
1837610895,113
1360122929,113
1360122933,113
1163955034,113
4331121754,114
21685483,114
4462683090,115
21686572,115
21686574,116
4462680070,116
1493676622,117
21990614,117
4556931602,118
4556931604,118
21990622,118
21990627,119
475396924,119
8672066581,119
7636180239,119
8923643490,120
21990628,120
9030155750,120
9030155754,120
1719422038,120
9856119639,120
8923643489,121
21990629,121
5875062472,121
9042053623,121
5565443389,121
5565443390,122
9693628386,122
9808795603,122
21990630,122
5042033643,123
9042025325,123
21990631,123
21990632,124
9030155751,124
1718566880,124
1326821568,125
21990633,125
9820523913,125
1326821487,125
1326821489,125
25470166,125
1326821624,125
1938953433,125
25497599,125
9693963680,126
9693963681,126
9693963682,126
9693963683,126
9693963678,126
1938953413,126
1938953414,126
1938953417,126
710657963,126
9820538028,126
21990637,126
21990638,126
422573549,126
9161061776,126
1326821465,126
1938953403,126
1938953406,126
9693963679,126
25161360,127
24659764,127
7906964247,127
7906964248,127
7906964249,127
7906964250,127
7906964251,127
24659907,128
24659947,128
24949780,128
1311961990,128
9693920801,129
9693920794,129
9693920795,129
9693920797,129
24660863,129
24661273,130
2195965723,130
2961540,130
5095547184,131
24950013,131
5095547180,131
24950005,131
2389802904,132
24950050,132
2389802901,132
2279592862,132
24950064,133
5218844446,133
5227220848,134
24950065,134
5227220845,134
8807429664,135
2387226304,135
2387226307,135
2387226309,135
2387226311,135
2387226313,135
9691082671,135
24950097,135
1731216865,136
4866705606,136
8807431560,136
5925584203,136
24950101,136
24659709,136
24950105,137
5095547321,137
1951616327,137
8807431559,137
25248114,138
24950107,138
9030155654,138
9693920803,139
24950110,139
24950111,139
24950112,140
25248126,140
24950113,141
4748394420,141
8807431541,141
385311796,141
316763501,142
24950117,142
24951853,143
4922952373,143
9693760971,144
24951854,144
2528522528,145
24952195,145
6985465124,145
6985465125,145
9694091972,145
9694091973,145
3385387604,145
3385387605,145
3385387606,145
1556324759,145
1556324793,145
24952267,146
6166157035,146
25066338,147
25066412,147
8807429665,148
5090420610,148
5090420964,148
25161348,148
5090420614,148
25066419,148
8807429660,148
5090420958,148
5090420959,148
25066451,149
25066453,149
25066461,150
25066462,150
25066470,151
1938819306,151
1938819313,151
4866653236,151
8807441176,151
4866623226,151
1852997088,152
25066784,152
25066694,152
25066696,152
4866591373,152
4866591374,152
4866591375,152
4866591376,152
3233714196,152
3233714198,152
3233714192,153
3233714193,153
3233714194,153
3233714195,153
3233714197,153
25067068,153
25067265,154
2566132609,154
1569382119,154
1569382170,154
1569382174,154
2504822145,155
25067266,155
1852996996,155
2504822137,155
6509584414,155
25067304,156
2566132610,156
2566132611,156
7824747305,157
6967585842,157
25067307,157
25067395,158
25067396,158
25067397,158
5146186470,158
5146186463,158
9856119646,159
25067427,159
25067398,159
5104314275,160
25067461,160
5104314255,161
25067463,161
5104314256,162
5104314384,162
25067469,162
25067470,162
5104314353,163
25067727,163
1569343756,163
25067479,163
1569343909,164
25067558,164
5104314096,165
25067670,165
1569312412,166
25067933,166
25067871,166
1569343523,167
5141216745,167
25067883,167
5141216790,167
25067914,168
7911231380,168
1722621718,168
7911231384,168
1569216123,168
25161375,168
5141228834,168
1569216316,168
4085783105,168
6446292570,168
5141216740,168
5141216741,168
7911267688,168
7911267690,168
7911267692,168
7911267694,168
7911267695,168
7911267696,168
9659831675,168
25265023,168
25067920,169
9659831673,169
9659831674,169
1569216326,169
25067936,170
5141216746,170
5141216782,170
25067935,170
25071090,171
25071131,171
25151180,172
1832129958,172
25161345,173
1771426172,173
7836164765,173
5087519104,174
25161347,174
5090420965,174
18468961,175
8336028516,175
6369390694,175
25161352,175
6369390697,175
6369390700,175
6739026230,175
1938819320,175
1938819325,175
2387207421,175
3816097105,176
25161353,176
9856119645,176
5247857728,177
9691101411,177
9691101412,177
25161357,177
2387194158,177
5141877019,177
25161361,178
7223298253,178
25161362,179
9856119651,179
9856119649,180
25161363,180
2387209415,181
6369390696,181
1360122924,181
25161366,181
9024139132,181
9024139133,181
1718233922,182
8869435268,182
1718233957,182
1718233994,182
7553887415,182
25161368,182
7836164763,182
7836164764,182
1684511838,182
8438226815,182
25161371,183
9856119636,183
9753609738,184
9753609739,184
9753609740,184
9753609741,184
9753609742,184
9753609743,184
9753609744,184
9753609745,184
9680972177,184
9680972178,184
25161373,184
7824747300,184
7824747302,184
7824747303,184
7824747304,184
7824747307,184
7824747308,184
1827389620,184
1782727992,184
700774224,184
6369361792,185
2378843909,185
1951616268,185
1951616276,185
1951616278,185
1951616283,185
5065949596,185
5065949598,185
1678226846,185
7745051680,185
25161377,185
25161378,185
25161379,185
1951616291,185
1951616287,185
1951616292,185
1951616295,185
6985395258,185
1678227031,185
5141354328,185
5141354329,185
5473273433,185
5141354331,185
3153656028,185
5141354333,185
3153656030,185
5141354330,185
5141354332,185
8807431550,185
1951616234,185
1951616236,185
107628,185
5049840242,185
5049840243,185
5049840245,185
5049840248,185
1782714747,185
8807431548,185
6369361790,185
6032044867,186
25161380,186
25161381,186
25248112,187
3715515059,187
8318797234,188
8318797235,188
2387220933,188
25248118,188
25248120,189
4688513218,189
3816097108,189
25248125,190
1211381855,190
4166634955,191
7911243856,191
7911243857,191
25265077,191
3887941013,191
25265079,191
4085783099,191
2059790748,191
4077579334,192
7911267686,192
7911267693,192
473258639,192
25265075,192
25265078,192
25504129,193
1938819340,193
25470781,193
4383369519,193
4379801334,194
25470783,194
25471681,195
4630855202,195
4630855203,195
4630855204,195
4630855205,195
25471736,196
25503860,196
7271474849,197
25472324,197
4675821944,198
25472379,198
4675821925,198
762080111,198
1882379274,199
1882379248,199
1882379285,199
4425001783,199
25472760,199
25472763,199
3247578846,199
4823246341,200
4425001781,200
4425001782,200
25472767,200
7447716112,201
25472789,201
9161061774,201
25472800,202
4571194090,202
4571194091,202
2036125650,202
2940401398,202
1684835105,203
1684835107,203
3739048019,203
3739048020,203
3739048021,203
25472885,203
25473203,204
5067002855,204
9042129986,205
1215563885,205
25473204,205
25473205,205
1215563897,205
6871422364,205
1759454078,205
1759454118,206
1759454122,206
25473206,206
25473207,206
1759454104,206
1759454106,206
6871422365,206
4136124526,207
25473279,207
869968536,208
25473281,208
8579276917,209
9694104278,209
25474015,209
9694091974,210
9694091975,210
9694091976,210
9694091977,210
9694091978,210
25475053,210
1312471255,210
1312471228,210
25475072,211
9690769059,211
7236131864,211
585180151,211
7236131865,211
6332695637,211
6332695638,211
9135848919,211
6332695639,211
9135848921,211
9135848922,211
9135848923,211
9135848924,211
9135848925,211
7236131861,211
7236131862,211
25475331,212
8263157412,212
1617647945,212
8263166218,212
8373690845,212
8373690846,212
9135845216,213
9690878344,213
25475417,213
9135845213,213
9135845214,213
4166967089,214
9856119627,214
25475419,214
25475561,215
9690878337,215
1312471265,216
9699953505,216
25475661,216
1312471252,216
1312471223,216
9690915259,217
25475663,217
4715264000,218
6014302222,218
6014302223,218
6014302226,218
6014302227,218
6014302228,218
1312932894,218
4136137529,218
9690915263,218
9690915264,218
9690915265,218
9690915271,218
9690915273,218
9690915274,218
9690915275,218
25475664,218
4167762778,218
4529881970,218
8429945717,218
9576827481,219
25475674,219
9576827482,219
6525671279,219
8784000965,220
25475678,220
25475690,221
25499095,221
4297212128,222
4297212129,222
25475692,222
4298970368,223
4297212194,223
4298970380,223
25475693,223
4297212204,223
4298970384,223
4297212084,223
355416920,223
4298970364,223
9823138208,224
9823138209,224
25475694,224
25475695,224
4297211186,224
4297211187,224
435104728,224
355416921,224
9823138206,224
1326821607,225
1326821594,225
25475696,225
25475697,225
25475698,225
435104726,225
1326821466,225
25475699,226
6239229422,226
6273056647,226
25475754,227
1816777875,227
4297243298,228
4297243218,228
4297212114,228
25475767,228
748797145,228
4297212119,228
4297243295,228
4920098349,229
5931509720,229
5931509721,229
25476124,229
25476127,229
3515286914,230
3515286915,230
3515286916,230
1493676623,230
25477106,230
1954751908,231
7644884069,231
26067236,231
3320743081,231
1312188689,231
1312188858,231
25477149,231
25477153,232
1312189091,232
1312188622,232
1312188735,232
5006764040,233
25477154,233
5006764037,233
3093894065,234
25477197,234
2402557839,234
3858880674,235
5925628361,235
249558409,235
25477228,235
1042862477,235
9808795598,235
6304787860,235
25477301,235
6304787861,235
3735886877,235
25477258,236
347541973,236
3858880675,237
25477335,237
57786953,238
3673602988,238
9808795599,238
9203578107,238
9203578106,238
25477339,238
28419328,239
5257738379,239
5257738381,239
5257738384,239
9808795600,239
1039290578,239
5257738387,239
5257738389,239
5257738390,239
1039290586,239
25477371,239
806373533,240
25477774,240
819157946,241
25477858,241
4556931603,241
3661703766,241
1832052008,242
338472567,242
25495542,242
1832129783,242
25495769,243
25495618,243
25495695,243
1364169899,244
2453941147,244
1953202907,244
25495807,244
25495808,245
343669798,245
1832227968,245
1832228016,245
1834657467,246
25495820,246
1834657469,246
6354294763,246
4275394254,247
25495822,247
447887921,247
350437528,247
5899738713,247
6828927809,248
6828931875,248
1148249927,248
6828921209,248
25495824,248
1707790105,248
6828921210,248
6828921211,248
5736847361,249
5736847362,249
5736847363,249
5736847364,249
25495852,249
749947393,250
749947402,250
25495854,250
25495855,250
470727776,251
25496100,251
25496786,252
1985084135,252
2453947049,253
8787384684,253
8787384685,253
8787384686,253
25496792,253
5060391417,254
25496820,254
321255925,254
25496848,255
1655214955,255
4730978978,256
4730978981,256
4730978982,256
25496850,256
1655214934,256
25497563,256
9161061779,257
9804471701,257
25496854,257
5948183671,257
9804471702,257
1938953399,257
9820523914,258
9820523915,258
9820523916,258
9820538016,258
9820538017,258
9820538018,258
9820538019,258
4571238064,258
7947041713,258
4571238067,258
4571238068,258
9820537921,258
9820537922,258
1326821457,258
1938953430,258
1938953431,258
1938953432,258
1938953437,258
9820523869,258
9820523870,258
9820523871,258
9820523872,258
108393,258
25497340,258
25497564,259
5504212623,259
9804653408,260
25497611,260
25497612,260
1813618227,260
1813618228,260
1813618229,260
1813618230,260
4870281309,260
9804653406,260
9693963689,261
7075087298,261
25497619,261
25497824,262
255860415,262
25497968,263
9808795609,263
2135411308,264
25499655,264
25500517,265
2466445190,265
25577057,266
1726730307,266
2140421219,266
2140421224,266
25500535,266
8336028504,266
4328443355,266
25503841,267
8373690842,267
1726730303,267
7617785713,268
25503845,268
25503880,269
7617755274,269
1678452802,270
2140421220,270
2387213896,270
25504143,270
2387213904,270
1726730162,270
1726730165,270
8336028505,270
25504144,271
7607077372,271
25504145,272
25504146,272
25504148,272
1835355916,273
1793420660,273
25504149,273
1707790044,273
4232015838,273
367105858,274
25504755,274
367105859,275
1268892466,275
1268892467,275
25504756,275
4089226784,276
4085767970,276
9684083971,276
419350723,276
9684083975,276
9684083976,276
9684083977,276
4089236235,276
4089236236,276
419350669,276
25504760,276
6509584408,276
7223709664,277
25504769,277
1707790029,277
3704225380,278
1828402765,278
1938819284,278
1938819285,278
1938819286,278
9691102358,278
25505624,278
25505561,278
25505622,278
107644,278
25505593,279
25505630,279
25505618,280
25505643,280
1828402762,280
3704225376,281
3704225379,281
4962956931,281
1828402760,281
9611081868,281
25505677,281
1938819282,281
1938819283,281
9691102362,281
25505629,281
3704225375,281
419347200,282
419347201,282
419347202,282
419347203,282
2919962038,282
354935735,282
2919962039,282
2919962040,282
2919962042,282
473262779,282
2919962044,282
2919962043,282
2919962041,282
2919962045,282
2919962046,282
3267461709,282
25505648,282
3267461749,282
419347194,282
419347195,282
419347196,282
419347197,282
419347198,282
419347199,282
25505662,283
2142508727,283
1852996856,284
25505685,284
1828402763,285
1828402764,285
25505695,285
2343269909,286
9201323564,286
25509525,286
1938819346,287
25509526,287
9201323575,287
1236791552,288
9856119617,288
7946372933,288
7946372939,288
5516594509,288
9197589454,288
9197589455,288
4076126448,288
9197589457,288
9805219989,288
25509527,288
25509533,288
329983075,289
1951616263,289
1951616232,289
25532377,289
5473273373,289
25532384,290
5238587994,290
25532464,291
8807410152,291
1418752708,292
5340811717,292
1312454090,292
1312454061,292
25544110,292
1312454029,292
1312453999,292
1418752721,292
1312454031,292
5340811829,292
5340811830,292
2632464427,293
25632683,293
2331184930,294
25632774,294
446765895,294
275180300,294
9161061775,294
3076574323,294
316763600,295
316763586,295
25632859,295
9856119643,296
25632862,296
25632864,297
25632865,297
1215563890,297
5306194265,298
25634199,298
7271474855,299
7271474856,299
761831060,299
32921720,299
26374236,299
5119652864,300
5119652865,300
1953202903,300
26678171,300
5119652862,300
5119652863,300
1039290562,301
3550836102,301
251757452,301
27351282,301
251757458,301
27351284,301
1039290584,301
2967343648,302
1312454048,302
1312454114,302
1547013698,302
9710359368,302
5335245256,302
27458331,302
1547013692,302
1312453919,302
27458353,303
367114771,303
5342236740,303
5931501991,303
9080098305,304
9080098306,304
9080098307,304
9080098308,304
1014803714,304
1014803718,304
9080098312,304
9080098313,304
9080098314,304
27459116,304
3528711693,304
27459120,304
302013776,304
255051289,304
9703794686,304
1014803736,305
3528738434,305
2935392676,305
9080098309,305
3528738438,305
1014803721,305
3073173585,305
3528710290,305
27459638,305
9030037142,305
2914561272,305
27459165,305
9693974851,306
9703794692,306
9703794693,306
9080123623,306
27459198,306
1014649672,307
3247933387,307
27459830,307
9694087359,307
27459905,308
1312471267,308
1312471210,308
1312471217,308
1312471190,308
1312471197,308
27459969,309
1043001378,309
1043001410,309
27459970,309
27459945,309
27459951,309
1043001423,309
27459959,309
6218501753,309
27459966,309
2934288530,310
27459971,310
3906588452,310
2934288518,310
9694087361,311
27460198,311
27460250,312
7487734942,312
4054356847,312
2969439040,313
2612458246,313
9080123627,313
27460439,313
5904585328,313
377490677,313
3220254039,313
3486459766,314
27480957,314
7815143581,314
27480960,315
9678821156,315
9678821159,315
9678821160,315
9678821161,315
3486459769,315
3892081378,316
4344245894,316
7817162929,316
1014803704,316
28418138,316
3892081373,316
2140124996,317
249679365,317
7797338599,317
7797338600,317
1014803691,317
302013681,317
4244498866,317
28418141,317
28418144,318
4344245892,318
4344245893,318
9693910743,318
28418497,319
3858880678,319
429346243,320
429346253,320
9693971450,320
9693971451,320
9693971452,320
28418877,320
28418880,321
4629462859,321
4534184516,321
28418879,321
3984132034,322
3984132035,322
302013708,322
28418929,322
4244498867,322
4244498868,322
28728210,323
7191329811,323
1755708646,324
1755708647,324
1755708648,324
1758552522,324
28800660,324
973128725,324
9693929369,324
1401908258,325
28800661,325
250550174,325
1311962043,326
28800662,326
1755708737,327
1755708738,327
1755708739,327
9693903657,327
28800664,327
5565443391,327
2990651920,328
2990651921,328
28800666,328
5041945508,328
1755265444,329
5041945479,329
2990721389,329
1755265428,329
1755265432,329
28800670,329
5046314073,330
5046314090,330
28800671,330
28800672,331
9856119642,331
8869435290,331
5046314091,332
5046314092,332
28800689,332
5224630617,332
5046314077,332
30056330,333
5580861156,333
4077599544,334
30078473,334
8373690817,335
8373690818,335
7223668011,335
5006063180,335
5006063179,335
5006065037,335
5006065038,335
1782730512,335
5006065039,335
4764884821,335
33141178,335
1148276284,335
4729385030,336
4729385031,336
4530011788,336
59526352,336
4530012690,336
6261920915,336
7223326407,337
7223326408,337
212916714,337
7223326410,337
2218362316,337
1939558700,337
7223326413,337
7223326414,337
1939558674,337
2218362332,337
1939558687,337
347335859,338
8868010205,338
213668839,338
250549699,339
250549700,339
8868010279,339
8868010280,339
8868010281,339
8868010218,339
213668842,339
213668844,339
8868010221,339
8868010202,339
1685272862,339
245200970,340
4211515891,340
8256049399,340
1771453217,341
4530012691,341
249470452,341
4530012692,341
1731225566,341
347539416,342
7815533546,342
7815533548,342
249558966,342
7900221088,343
249560091,343
9021491075,343
7900221087,343
2934411667,344
249679102,344
250325410,345
3787645606,345
3787645607,345
3787645608,345
3787645609,345
3787645610,345
5492419692,345
9856119632,346
250325411,346
9710304459,346
250327037,347
1310663631,347
9693628387,348
9693628388,348
347335878,348
2642612586,348
250327576,348
250327618,349
9030155756,349
7151566952,350
250327660,350
338319877,350
354886082,351
1312188741,351
250549670,351
1312189098,351
1312188660,351
1312188694,351
1312188955,351
250550400,352
973101839,352
2387242386,352
8869472274,352
8869472247,352
5609638014,352
3528738439,353
3528738440,353
9375100241,353
9375100242,353
251757533,353
251892353,354
251892475,354
5925626141,354
3930921860,355
3708234957,355
4230027057,355
251892564,355
843376599,355
4835109000,356
255678213,356
4072083345,357
259252667,357
1678452753,358
473266627,358
268124583,358
4378043667,359
269547419,359
4378043661,359
4378043662,359
8785484312,360
269589467,360
6293128709,360
8373690824,360
9051462722,361
6855696495,361
6855696498,361
627985397,361
275179893,361
275179767,361
6855696504,361
9856119626,362
283061836,362
2112030873,363
291951643,363
302013672,364
3486459762,364
6345441358,364
5247852872,365
316763500,365
316763513,365
9693730842,365
5046005758,365
7836155865,366
316763548,366
1782724125,366
316763559,367
316763561,367
2990806411,367
2990806413,367
1758554286,367
2990806415,367
2990806416,367
9041828942,367
1759454163,367
316763584,368
5046627553,368
1215563891,368
5046627645,368
316763595,369
316763590,369
5006978857,370
1311961826,370
319984684,370
5006065040,371
5006063173,371
8785567902,371
321255919,371
323260106,372
1816038214,372
6108171363,373
8975700260,373
343669791,373
7815143559,374
347541965,374
7911297463,374
3735889430,375
347542743,375
1145174402,376
1165343843,376
4729480808,376
4571241384,376
355416887,376
9820538031,376
9820537936,376
9820537937,376
4571244658,376
9820537940,376
9820537941,376
9820537942,376
4571244663,376
9820537943,376
355416890,376
9820537944,376
355416892,376
4297242961,377
1913216493,377
4158004390,377
355416911,377
367104392,378
5114681227,378
5114681230,378
471488484,379
1547013743,379
367121266,379
3708234964,379
1312453950,379
1312454015,379
4034060007,380
419632906,380
4034060015,380
368044217,380
8620272571,380
2360684188,380
373402354,381
9856119634,381
1312932832,382
7644741346,382
9703827555,382
6110164647,382
377490664,382
9080123628,382
9690975244,382
1312932879,382
1312932849,382
4534184507,382
4210859292,382
429346241,383
9703794694,383
9703794695,383
9703794696,383
3987750679,383
9693971448,384
429346251,384
435104715,385
435104717,385
1723340842,386
435104742,386
7918978033,387
438170475,387
4860803960,388
1835356021,388
441958990,388
1938819296,389
3474115148,389
1655418222,389
3816097103,389
2140420434,389
470729237,389
1938819290,389
2215139515,389
1938819293,389
471488469,390
3145798533,390
471488472,391
1550763620,391
471488499,392
1493722803,392
9703794689,393
472493763,393
9080123619,393
6969936109,393
6969936112,393
25161386,394
473258827,394
3644748773,394
473264641,395
4627445258,395
4627445259,395
4627445260,395
4627445240,395
4627445241,395
8975529088,396
9203541381,396
5374174120,396
1832248458,396
7203717550,396
5374174224,396
8975529082,396
8975529083,396
8975529084,396
5374183741,396
529722111,396
4078858000,397
585127354,397
585129712,398
1312471258,398
4085387945,399
585148380,399
585201189,400
8579276918,400
4462680068,401
7840712839,401
4462680078,401
1360122901,401
595709975,401
5573994014,401
5573994017,401
5573994019,401
1360122919,401
1360122925,401
1938953395,401
1360122937,401
8975645638,401
8975645640,401
8975645641,401
4512763348,401
1360122841,401
5460658138,401
1360122860,401
5839156209,401
1360122866,401
1360122871,401
8869472240,402
632438506,402
20460684,402
4992781175,402
3068267824,403
670103313,403
1233350889,404
3231501611,404
1233350862,404
675734610,404
675734622,404
680069483,405
680069471,405
690295042,406
9690878343,406
4715264001,407
4715264002,407
4715264004,407
722208263,407
4715263992,407
4136137530,407
819132568,408
748941508,408
748941552,409
4195111363,409
4195111355,410
748941556,410
4661317153,411
761830938,411
4661317155,411
1617647901,411
761831000,412
761831039,412
763372884,413
7911243861,413
1312264648,414
1312264577,414
9042133642,414
794039687,414
2496836226,415
2496836231,415
1255490314,415
1150003513,415
806373565,415
6446218921,416
6446218922,416
811035012,416
873684193,417
1939632514,417
9030155760,418
9030155762,418
914822492,418
4992781180,418
9042037853,418
914822496,419
5927671121,419
914822508,419
5927671156,419
950703625,420
950703626,420
5146186489,420
1726783391,420
2990780037,421
2990780039,421
1758554289,421
1758554291,421
968499093,421
1758554294,421
1755708768,422
1758552678,422
1758552682,422
1759454351,422
973128722,422
1755708765,422
1755708766,422
7223709668,423
7223709669,423
5006978856,423
973158035,423
7223709662,423
3894948091,424
3894948093,424
1014803686,424
7183962432,425
8373623781,425
1020211942,425
1617596711,425
8373690830,425
4530270906,425
9027340515,426
9027340516,426
1042862673,426
9766629717,426
9027367517,426
9027367518,426
1042862696,427
3858880677,427
109766,428
7911297486,428
1042862726,428
8515091589,429
1043001422,429
4866976610,430
1939558655,430
8579522887,430
4866976617,430
1939558666,430
2218364543,430
5473274866,430
2218364541,430
1733389278,430
1046391070,430
1148276186,431
7223695324,431
5006063172,431
6978577985,432
1150003147,432
8975833904,432
8975833905,432
6978563378,432
6978563379,432
6978563382,432
1150003155,433
9808795611,433
1150003224,434
1150003170,434
1309067472,435
1684835245,435
1150003270,435
1150003472,436
25473202,436
9042129984,436
9042129983,436
1150003480,437
1150003547,437
5565487612,437
4682627266,438
1150003532,438
9024139146,439
1163954964,439
9855343702,440
25632858,440
1215563875,440
1215563894,440
25632856,441
1215563903,441
1215563879,441
1782716888,442
1233327202,442
9710304460,442
1787108646,442
1233350848,443
9080123624,443
2872699894,443
1236791506,444
4378043283,444
4378043789,444
1236791555,445
5880186828,445
5880186827,445
4167762777,446
3855607516,446
1237883773,446
1238249904,447
1736734053,447
2140125056,447
1238259337,448
3499567135,448
1268892338,449
1268900660,449
1280491924,450
1280491926,450
2402557599,450
2387232555,450
2387232556,450
2387232557,450
2387232559,450
2387232561,450
3741117630,450
1722268367,450
9856119633,450
1722268381,450
1722268384,450
1722268388,450
5492419693,450
8236052983,450
8236052987,450
8236052990,450
8236052991,450
3741131600,451
1309067471,451
1311962080,452
9042129985,452
6871422362,452
1311961868,452
1311961947,453
1311962012,453
1311962111,453
1311962016,454
1938819328,454
8336028512,454
6369390693,454
1782728999,454
1311962122,454
6369390702,454
8336028511,454
2387207423,454
4726152857,455
1312188619,455
8318757606,455
1312188704,456
1312188883,456
1312188797,456
6985373984,457
1312188714,457
2406484453,457
1312188824,458
1312189057,458
1312188722,458
1312188768,459
4726152854,459
25477156,460
1312188774,460
9781190369,461
1312188821,461
3499500263,461
2218344518,462
1939558664,462
1939558673,462
2218344498,462
1312188886,462
2218344503,462
2218344509,462
2218362336,463
2218362849,463
2218362306,463
1939558659,463
4866976611,463
2218340965,463
4866976613,463
1939558663,463
4866976614,463
9021504716,463
9021535020,463
1365887500,463
1312264600,463
8869435258,463
2387224475,463
2387224474,463
3741078112,464
5006764038,464
1312319838,464
5006764039,464
3870640547,465
3870640548,465
1312335310,465
9030155759,465
3870640530,465
1312454066,466
1312453954,466
1312454100,466
3381130089,467
1678245252,467
9781190366,467
1312454038,467
1312454058,468
7911243863,468
1312471193,469
1493722804,469
1312471222,469
9690974275,470
9690974276,470
9690974277,470
9690974278,470
4920098342,470
4920098343,470
6266867113,470
6266867112,470
6266867114,470
6266867111,470
9699944538,470
1312471196,470
1319881922,471
4730978979,471
1319881924,471
4730978983,471
25496851,471
256766531,472
3739049348,472
1326821480,472
2387242385,472
4826555770,472
1326821579,473
1326821524,473
2466456405,473
2466456407,473
2466456408,473
1326821544,474
8868010287,474
1326821592,475
2387245025,475
9030155758,475
1939632519,475
9693963699,476
1326821620,476
6272993491,476
1343823418,477
250550023,477
1721713699,478
9030155749,478
1350430181,478
9042053624,478
6985373982,478
1353133536,479
4643336966,479
4643336968,479
4643336979,479
1353133533,479
9805219993,480
9856119620,480
1360122917,480
1360122886,480
9197322310,480
1360122856,480
1360122861,480
4076095791,480
9805219991,480
9805219992,480
1360122873,480
4076095834,480
1360122845,480
2458273291,481
1953202962,481
8975700259,481
8975700261,481
2458257578,481
5265953452,481
1364161197,481
5265953454,481
5265953457,481
5265953459,481
2458260532,481
2458256449,481
1832129873,481
1832129878,481
6724775014,481
6724775015,481
6724775016,481
6724775017,481
1364168178,481
1364168180,481
2458303223,481
8336028514,482
1401926435,482
9021504714,482
9021504715,482
2387194123,482
2387194131,482
6369401334,482
1493658224,483
1685281076,483
8785024515,484
8807410151,484
9856119631,484
1547013554,484
1547013589,484
1547013592,485
1547013724,485
1547013621,486
1547013694,486
1547013567,486
4402629177,487
1547013655,487
1547013672,488
1547013705,488
8807410149,488
9856119630,488
1547013699,489
1550763732,489
1547013704,490
1547013653,490
9694096799,490
1547013760,491
8785024514,491
1547392728,492
1547392818,492
1547392764,492
1547392894,492
1547393025,493
1547392771,493
1547392914,493
1547392951,493
1547392927,493
1556097034,494
1556097147,494
1556097153,495
1556097448,495
1556097227,495
5905896973,495
1556097166,495
1556097177,495
1556097178,495
1556097051,495
4777897927,496
4777897928,496
1556097098,496
1556097137,496
1951372915,496
1556097118,496
5905897286,497
1556097111,497
1556097136,498
6918421512,498
6918421503,498
1556097337,499
1556097148,499
4018000435,500
1556097163,500
1951372927,500
1556097185,501
1951372935,501
1556097431,502
1556097217,502
1556097306,502
4085404135,502
1556097320,503
8807410150,503
4085404136,504
1556097321,504
24952196,504
1556260241,505
1556260235,505
5976760443,506
1556324659,506
2528522503,507
6985465130,507
1556324683,507
1556324684,507
2528522518,507
6985465145,507
1561071632,508
1951372930,508
5473273425,509
24950114,509
1569216662,509
1569343576,510
5104314098,510
5104314325,510
7946372937,511
1596648673,511
7946372938,511
7946372935,511
1599652497,512
5504771250,512
1599652492,512
1601832328,513
4297054053,513
3519872213,514
1609966653,514
3265436678,515
3265436680,515
3265436686,515
3265436688,515
1617532087,515
1617532088,515
1617532090,515
2775635677,515
4697288390,516
5146127859,516
367102039,516
1617596505,516
4696545402,516
4665353645,517
8373728533,517
1617596591,517
1617596593,518
3328228993,518
4661317524,518
3328228998,518
1617596616,519
1617596615,519
1617596627,520
1617596646,520
1617596659,520
25475182,521
1617596686,521
8373690820,522
9856119621,522
1617596714,522
8785503918,522
8785503919,522
8785503920,522
8373690843,522
8373690844,522
1617647898,523
1617647900,523
8373728532,523
1617647903,523
1617647928,524
1617647931,524
1617647924,524
1617647944,525
8373728530,525
1832666032,526
8787692633,526
1637578546,526
8787692634,526
2387207425,527
2387207426,527
6369390690,527
6369390695,527
9021498664,527
6369390699,527
1938819317,527
1678155318,527
1938819319,527
1938819326,527
1951616261,528
1951616284,528
1678226917,528
1951616270,528
1678452770,529
4085767980,529
4085767983,529
4085767992,529
3267461747,529
2620105428,529
1678452760,529
9684083967,529
1678452786,530
3474115151,530
7610670751,530
7610670876,531
1678452789,531
7610670826,532
7610670830,532
1678452790,532
7610670780,532
7610670781,532
7610670906,533
1678452791,533
1678452793,534
7607077361,534
1678452795,535
8336028508,535
2387213899,536
8336028507,536
1678452796,536
5006978853,536
2140421222,537
8785457867,537
1793420652,537
9024139149,537
9024139150,537
2387213902,537
3497483291,537
1678452797,537
1678452799,537
1832129778,538
1684437690,538
4077495821,538
6124650606,538
1684835042,539
1684835138,539
1684835110,539
8868809321,539
1684835019,539
6014333809,539
1684835121,539
1684835093,539
1684835030,539
1684835062,539
1684835097,539
1707790024,540
4658088777,540
7223728617,541
8336028509,541
1707790052,541
1771426165,541
1707790055,542
1707790057,542
4650375309,542
1707790063,542
1707790064,542
4650375508,542
3518967818,543
9024139147,543
1707790062,543
6327615074,544
6327615075,544
6327615076,544
4658088585,544
4650375504,544
1707790067,544
4658088539,544
1955520890,544
3972566715,544
3197333544,545
7191329809,545
1711679380,545
1711679434,546
9375170322,546
9375170324,546
5043864464,547
1718328435,547
7836155867,547
7836155868,547
7836155870,547
250549835,548
1718566997,548
1718567007,548
1723315608,549
7636244313,549
7636244314,549
9030155763,549
9804685199,550
9804685200,550
9804685201,550
9804685202,550
1723388986,550
7620895974,551
25161384,551
1727515734,551
1755708730,552
1755708732,552
6369329152,553
7553887498,553
7553887509,553
9310662201,553
1771426174,553
4530012704,554
1771453218,554
4530012695,554
9375170323,555
1771453860,555
9375170326,555
1771458658,556
4144358216,556
4144358217,556
1771458655,556
6280047278,556
5160943794,556
1939632504,556
9375078973,556
5160943806,556
9375078975,556
1782718792,557
6985373980,557
6985379285,557
6985379286,557
1782725824,558
2387194148,558
2387194150,558
2387194126,558
2387194127,558
7836155869,558
2387194128,558
9781190365,558
2398924896,559
6369329154,559
20965798,559
4428887946,559
1782729296,559
7636180236,560
7636180237,560
110238,560
1787108647,560
1810130458,561
4077495971,561
6369329155,562
4076095242,562
25497613,562
6369329170,562
4076095253,562
1813618231,562
1813618232,562
1813618234,562
3320947996,562
5041784633,563
1813618358,563
1816038239,564
1816038199,564
4158000323,565
1816959492,565
4085767971,566
4085767974,566
1828402758,566
4085767978,566
4085767989,566
4085767993,566
9729684314,566
1536948605,566
4211515621,567
108903,567
1830276654,567
4211515569,567
8256049397,567
1832248457,568
5573931377,568
5374183742,568
3704225378,569
4085778923,569
1938819279,569
9684101713,569
4085778934,569
4143767990,569
4401156476,570
1938819292,570
4729448869,570
1938819294,570
6369390692,571
1938819335,571
1938819336,571
6369390698,571
6369390701,571
2387207417,571
2387207418,571
25509513,572
9197589238,572
1938819350,572
1939558657,573
1939558660,573
1939558661,573
2218362310,573
4866784251,573
7223365372,573
7223326409,573
2218362314,573
7223326411,573
1939558667,573
7223365370,573
1939558678,573
7223365368,573
1939558649,573
1939558650,573
1939558651,573
1939558684,573
7223365371,573
1939558672,574
4866807989,574
2218344501,574
1939558671,574
3139705121,575
2218344516,575
2218344522,575
1939558677,575
1939558681,575
1939558697,576
2218362321,576
1939558701,576
1939632512,577
4826555773,577
25632677,578
1939632526,578
2466456404,578
2466456406,578
2466456409,578
7824803494,579
7824803495,579
7824803501,579
4166634957,579
9072449309,579
1951372959,579
1951616297,580
5473273435,580
8807431546,581
24950109,581
1951616325,581
8807431551,581
1953096696,582
7796554012,582
1954751916,583
5060405461,583
1954751918,583
1954751920,584
6014339453,584
2003007012,585
9710348828,585
4835108998,585
2135411296,586
2331184929,586
6525670241,586
2632430340,586
2135411294,586
9808795607,586
9808795608,586
6525670237,586
6525670238,586
2135411297,587
6525670242,587
2331184934,587
4703542482,587
4703542483,587
1723388979,587
9808795606,587
2331184927,587
5471345385,588
308837357,588
2146369238,588
9161061783,588
9846850972,588
9846850973,588
9846850974,588
2146369240,589
5468301601,589
10607626,589
9694087363,590
9694087364,590
3816097109,590
3816097110,590
4430996023,590
2203268985,590
6332545601,591
9030284967,591
3093894066,591
2254629351,591
2293833763,592
4156336279,592
2331184931,593
2331184932,593
2331184935,593
6525670234,593
6525670235,593
6525670236,593
3265436260,594
2341656968,594
4697287178,594
8620082704,594
6327557047,594
8336028515,595
2387194149,595
8336028513,596
2387194133,596
2387194157,596
2387232563,597
8236052988,597
2387245026,598
2387245027,598
2387245029,598
4749090120,599
2402557597,599
3093897991,599
2453947051,600
4211515660,600
6866516260,600
8787384683,600
2466442731,601
9024139134,601
9024139135,601
2528522507,602
2528522542,602
6863550501,603
9756243981,603
9756243982,603
9756243983,603
9756243984,603
9756243985,603
2586616722,603
9756243986,603
6863550510,603
9756278362,603
9756278363,603
9756278364,603
6110164660,604
6110164659,604
2612458244,604
2632486641,605
3586606038,605
3586606039,605
2665239972,606
6509684093,606
2665239977,607
2665239978,607
9684083981,607
9804685203,608
9804685204,608
2755124949,608
9804685206,608
9804685205,608
108864,609
2775653836,609
2793874522,610
7797731341,610
7797731343,610
2914561217,611
5924603457,611
5924603458,611
5924603460,611
5924603459,611
5924611312,611
5924603444,611
5924603445,611
5924603446,611
5924603447,611
5924603449,611
8500636794,611
5924603452,611
5924603453,611
5924603454,611
5924603455,611
5165786242,612
2934288523,612
5165786245,612
2935324280,613
2935373161,613
5929540796,614
2935373159,614
2990806410,615
316763563,615
8975833914,615
4246525223,615
3247825561,616
3247825562,616
3741131606,616
4430996033,617
3247933381,617
2265050050,618
3267461729,618
9684083978,618
4938216619,618
3267461737,619
20955164,619
3272782433,620
3272712566,620
3272782432,621
3272782429,621
3381130092,622
3381130493,622
8976060358,622
6985465129,623
3385387607,623
7911297478,624
7911297487,624
3486459764,624
3486459765,624
27480956,624
3517985666,625
9024139131,625
4691514032,626
3519013665,626
5006063178,626
3644748769,627
3519288132,627
4430996024,628
4155841820,628
3632581622,628
3673602993,629
7815143465,629
9693628389,630
3741117629,630
3813810132,631
5055364614,631
5207476606,632
5207476615,632
5207477021,632
3813810133,632
9754527740,632
9754527741,632
9754527742,632
3816097104,633
8336028510,633
8579233861,634
8579233862,634
6600283121,634
4619022514,634
3830043581,634
3892081372,635
9693935550,635
9693935551,635
5374181585,636
3972566714,636
3984132037,637
4422013486,637
3987750688,638
5269678593,638
9673189925,638
9673091207,638
6110191188,638
1684437692,639
4077495820,639
4530195657,640
4077495854,640
4077495855,640
4077495858,640
4077495862,640
4077495872,641
4077495883,641
4077495951,641
4077495957,641
4077495964,641
6463234329,642
5227220846,642
4077599543,642
5238587992,642
4077599545,642
7246486955,643
4136124524,643
4085387943,643
28418921,644
5816743947,644
4136137525,644
9693971447,644
1828408303,645
4696568114,645
4696544885,645
6327557048,645
4166662878,645
6868293535,645
8429225386,646
4167762779,646
6110191186,646
8675201264,647
7911282822,647
1556097326,647
4169714270,647
4208239642,648
4462680076,648
5899711453,648
5899711454,648
5788363874,649
4208239651,649
317930380,650
4211515637,650
4211515622,650
4211515634,651
4211515644,651
4211515645,651
9693971464,652
9703794697,652
4223357836,652
4316306164,653
1137777341,653
5342251136,654
4329502449,654
5177397824,655
8755805313,655
4367041960,655
4367041962,655
9691076056,655
4370333637,656
4370333638,656
4370333643,656
4370333627,656
4370333629,656
4401149224,657
5927671120,657
7636278191,658
7636278194,658
4401149234,658
7636278197,658
7636278201,658
4826555771,658
4879371168,659
4879371165,659
4421008566,659
4530012696,660
6261920913,660
1938819344,661
4530339698,661
8373690836,661
4530339700,661
8373690837,661
4571244659,662
4729480806,662
4729480807,662
4627445216,663
4627445217,663
4627445213,663
4627445215,663
4627491643,664
5207476607,664
4665352264,665
4665352262,665
4675822097,666
4675822100,666
4682627259,667
6978555518,667
6978563383,667
4682627264,668
1150003571,668
8785484313,669
8373690819,669
4689775124,669
4689775126,669
5006063175,670
5006063176,670
8263166217,670
5006063177,670
4691460851,670
4697525032,671
26374229,671
4697525030,671
9135848928,672
4777885222,672
2624005734,673
4807521484,673
7636278193,673
7636278195,673
7636278196,673
7636278198,673
7636244312,673
9042037852,673
1707790074,674
4822267107,674
4826555768,675
25632870,675
7223326412,676
4835108997,676
250327100,677
4835108999,677
4859246419,678
2140506294,678
20460688,679
4860825518,679
4864083784,680
6218501740,680
4866475736,681
4866475731,681
4866475733,681
4866651969,682
4866651962,682
7926554423,682
25504779,683
4866651963,683
4866651966,683
9027328313,684
9027328314,684
8807431535,684
4867087535,684
25475328,685
9700060292,685
4872502279,685
8579240313,685
8579240314,685
9690974272,686
4920098344,686
9690974263,686
9690974264,686
9690974265,686
9690974266,686
8989843465,687
1596655163,687
5041784501,687
5041784634,688
1366095190,688
5046314041,689
5046314042,689
5046314043,689
25632860,689
8814668141,690
5104314222,690
9856119650,691
25067400,691
5141625621,691
5141625623,691
5141625625,691
5141625630,691
6369361796,692
7223298254,692
5141625702,692
6280047280,693
9808795602,693
5160943803,693
9375078974,693
5177352922,694
5177352923,694
5177352932,694
5177352933,694
5207487897,695
10572179,695
9693982149,695
5238500312,696
5238500313,696
9733914457,697
5253290694,697
4429088632,698
8972511965,698
5265830862,698
25496750,699
5265840063,699
5334625292,700
5334625293,700
7797731342,700
5517519002,701
9703794691,701
27460210,701
5573994016,702
6329690691,702
5603454628,702
5603454627,702
5609643672,703
5609643675,703
5609643673,704
5609643674,704
8373690825,705
5880188046,705
4305986091,706
5905893978,706
7620902731,706
5976760445,707
5976760446,707
5976760447,707
5976850024,708
5976850023,708
6032044868,709
25161383,709
6149398571,710
9694091981,710
9694091982,710
9694091983,710
9704122321,711
6218468163,711
6272993492,712
6239229423,712
6280047275,713
5160943798,713
5160943793,714
6280047277,714
4076095262,715
6369329159,715
1366095187,716
6369329172,716
9024139129,717
6369361794,717
6369361795,717
6369361789,717
4077495826,718
6407948171,718
6407948172,719
1832129789,719
9693974377,720
6431923714,720
8784181688,721
6467134930,721
8784159562,722
6467134931,722
6696695781,723
6696695783,723
6645346885,724
6711365597,724
6855696497,725
6855696500,725
6855696503,725
6967585840,726
7824747297,726
302013777,727
6969936105,727
6969936106,727
6978555522,728
4682627263,728
256766533,729
6978563381,729
6995618971,730
21523716,730
6995618979,731
1939632502,731
9693963696,732
9693963697,732
9693963698,732
7075087299,732
8869435257,733
8869435266,733
7567588716,733
7572833379,734
7572833380,734
8318797236,735
7636163631,735
7636180241,736
7636180242,736
1787108650,736
7644741345,737
1233350847,737
9694072864,738
7797731340,738
1566269623,738
7805198627,739
4530012700,739
9680972185,740
7824747295,740
6967585841,741
7824747298,741
7824747306,742
7824747299,742
7824747301,742
4166634962,743
7911243858,743
7911282827,744
4169714271,744
9690915268,745
9690915267,745
8064065316,745
8263157416,746
8785503917,746
8579240307,747
8579240308,747
8579240310,748
8579240311,748
1587330970,749
8783914189,749
8604055550,749
8784212017,750
4826555767,750
8868010162,751
8868010171,751
9024139144,752
9024139138,752
9024139145,753
9024139148,753
9030155757,754
9042120207,754
9042041320,755
9042041321,755
28800667,755
9203537438,756
9203537439,756
9375170320,757
9375170321,757
9375170325,757
9684083979,758
1678452780,758
25496910,759
9690974262,759
9690974274,760
25497222,760
9693971465,761
377494060,761
9694104280,762
9856119625,762
1547657140,762
9694104279,762
9080123618,763
9703794687,763
9703794690,764
9080123622,764
21990624,765
9710348827,765
1832129813,766
9781311295,766
9804774392,767
1723388985,767
9808795596,768
4530012694,768
9808795610,769
2480657190,769
9820537946,770
3257317059,770
