node_id,cluster_id
6866516260,0
2453947051,0
4211515660,0
8787384683,0
1832666032,0
1637578546,0
8787692633,0
8787692634,0
104315,0
1236791552,1
4076126468,1
9781435148,1
9805219989,1
25509527,1
25509533,1
1236791459,1
9856119617,1
7946372933,1
7946372934,1
7946372935,1
7946372936,1
7946372937,1
7946372938,1
7946372939,1
7946372940,1
7946372941,1
7946372942,1
9197589455,1
9197589454,1
9197589457,1
5516594509,1
1596648673,1
4076126448,1
3817308659,1
3817308660,1
104318,1
6369329152,2
6369329153,2
373364225,2
25504769,2
373364228,2
6369329161,2
6369329162,2
6369329163,2
6369329164,2
3518967818,2
6369329166,2
6369329167,2
6369329169,2
1311962130,2
3497483291,2
7926506525,2
7926506526,2
7926506527,2
7926506529,2
7926506530,2
7926506531,2
7926506532,2
319984684,2
2398924845,2
24951856,2
5475684917,2
367104392,2
9310662201,2
9310662202,2
1311962169,2
1678452795,2
1678452796,2
1678452797,2
1678452799,2
1678452802,2
1726730307,2
1311962182,2
2387213896,2
2387213899,2
441958990,2
2387213902,2
441958992,2
2387213904,2
9855343702,2
25632855,2
25632856,2
25632857,2
25632858,2
25632862,2
4870281310,2
1215563870,2
25577057,2
18468962,2
1215563875,2
2140421220,2
2140421219,2
1215563878,2
1215563879,2
18468966,2
2140421222,2
2140421223,2
2140421224,2
1215563894,2
1215563895,2
107641,2
107646,2
107647,2
1215563903,2
373364868,2
373364870,2
373364874,2
3519879307,2
3965024397,2
373364878,2
3965024398,2
3965024399,2
973158035,2
7607080091,2
107687,2
4922952362,2
8785457867,2
1707790029,2
1054045407,2
1311961826,2
1707790052,2
1707790062,2
7553887498,2
8868824843,2
1054045453,2
1163954964,2
7553887509,2
5006978853,2
8868824870,2
8868824871,2
5006978855,2
5006978856,2
5006978857,2
5973627687,2
9781311299,2
3816097104,2
8336028504,2
8336028505,2
9856119643,2
8336028508,2
8336028509,2
8336028510,2
8336028507,2
25500517,2
1081508200,2
1793420652,2
1835356021,2
1771426165,2
25500535,2
4860803960,2
4860803961,2
1649365881,2
1268892541,2
1771426174,2
9024139134,2
104320,2
9024139135,2
9024139138,2
9024139136,2
9024139137,2
2466445190,2
1311961991,2
9024139143,2
9024139144,2
9024139145,2
9024139147,2
9024139148,2
9024139146,2
9024139149,2
9024139150,2
25504143,2
5114681227,2
5114681230,2
25504144,2
1311962013,2
20965794,2
20965796,2
20965797,2
20965803,2
1726730162,2
1726730165,2
1163955130,2
316763590,2
316763595,2
4328443355,2
7223709662,2
7223709664,2
1311962082,2
7223709668,2
7223709669,2
3644748774,2
1311962089,2
7223728617,2
2466442731,2
7607077372,2
104321,3
24951853,3
4922952373,3
9856119641,3
268997562,3
104322,4
1718233922,4
8869435268,4
1718233957,4
1718328198,4
1718233994,4
5046005790,4
7553887409,4
2140227862,4
1771426166,4
25161368,4
7553887415,4
7836155866,4
7836164763,4
7836164764,4
1771426173,4
1684511838,4
8438226815,4
4167762779,5
104323,5
8429225386,5
8429706219,5
8429795032,5
295977520,5
6110191186,5
4167762777,5
8429774517,5
4167762776,5
8429795033,5
8429795034,5
8429795035,5
3855607516,5
1237883773,5
107584,6
30056310,6
251892950,6
3847023130,6
3847023131,6
107585,7
27460259,7
1312471271,7
4864083785,7
1493722804,7
1312471222,7
6218501751,7
1312471193,7
1312188768,8
107586,8
8043350341,8
8318757606,8
8318757605,8
4835109000,8
255678213,8
1312188619,8
9808795601,8
4726152850,8
8043350325,8
4726152854,8
4726152857,8
21523714,9
21523715,9
1678245252,9
3145798533,9
4726152840,9
4835109001,9
4726152844,9
1678283238,9
4726152847,9
4726152848,9
1312454038,9
3215685153,9
1312471208,9
1312454068,9
1782717878,9
4430996023,9
5342236733,9
9694087358,9
30056255,9
3247932481,9
4688513218,9
107587,9
9694087364,9
9694087365,9
8976060358,9
3247932486,9
9694087363,9
9694087362,9
4864083784,9
6465896909,9
4195103055,9
6218501713,9
6218501715,9
3816097108,9
4688513237,9
30056277,9
3816097109,9
3816097110,9
4688513241,9
6218501717,9
6470264536,9
6470264535,9
471488469,9
9781190366,9
9781190367,9
9781190368,9
6218501757,9
3381130086,9
3381130087,9
109415,9
3381130089,9
3381130090,9
3381130091,9
3381130092,9
1678283244,9
1678283242,9
1678283247,9
6218501740,9
6218501746,9
7797330549,9
25248120,9
2203268985,9
25248122,9
25248123,9
25248124,9
3381130493,9
1365887500,10
7657257518,10
2218344498,10
2218344501,10
2218344503,10
2218344505,10
2218344508,10
2218344509,10
2218344510,10
2218344511,10
107588,10
2218344516,10
2218344518,10
2218344522,10
2218340965,10
2218348156,10
2218364541,10
2218364543,10
10677376,10
1497452171,10
2961557,10
9710332576,10
9710332577,10
3715515059,10
4866807989,10
5218862786,10
4866705606,10
7223326407,10
7223326408,10
7223326409,10
7223326410,10
7223326411,10
9021504716,10
7223326413,10
7223326414,10
9781190369,10
3499500263,10
1939558646,10
1939558647,10
1939558648,10
7223365368,10
1939558650,10
7223365371,10
1939558651,10
1939558649,10
7223365370,10
7223365372,10
1939558655,10
1939558657,10
24659709,10
1939558659,10
1939558660,10
1939558661,10
1939558663,10
1939558664,10
1939558666,10
1939558667,10
1939558671,10
1939558672,10
1939558673,10
1939558674,10
2538458898,10
1939558677,10
1939558678,10
1939558681,10
2195965722,10
1939558684,10
1046391070,10
1939558687,10
3139705121,10
2793904931,10
1939558697,10
1939558700,10
1939558701,10
9021535020,10
1939558704,10
8579522887,10
5925584203,10
5925584204,10
3816097106,10
3816097107,10
24950101,10
24950104,10
357999964,10
4866976610,10
4866976611,10
4866976613,10
4866976614,10
109416,10
4866976617,10
25248112,10
25248115,10
25248119,10
2297373047,10
8869435258,10
25248127,10
25248128,10
9030155653,10
8807431560,10
1312188821,10
1312264600,10
2387224474,10
2387224475,10
2218362306,10
2218362310,10
2218362314,10
2218362316,10
2218362321,10
1312188886,10
2218362332,10
1733389278,10
2218362336,10
2218362849,10
1731216865,10
212916714,10
5473274866,10
4866784251,10
5269678593,11
5977954180,11
2612458244,11
9673091207,11
9673091208,11
9690975243,11
9690975244,11
9690975245,11
9673091214,11
9673091213,11
1312932879,11
3987750677,11
3850146457,11
3987750684,11
3987750685,11
3987750686,11
3987750687,11
3987750688,11
6110164641,11
4210859292,11
3987750692,11
9673189925,11
9673189926,11
6110164647,11
6110164649,11
6110164650,11
6110164659,11
6110164660,11
7900888377,11
4534184507,11
1233350847,11
107602,11
6110191188,11
1312932832,11
7644741345,11
7644741346,11
9703827555,11
7644741351,11
377490664,11
9080123628,11
1312932849,11
7900888437,11
5816743941,12
5816743942,12
5816743945,12
5816743947,12
5816743949,12
5816743950,12
8429945617,12
8429945618,12
109728,12
25476134,12
4136137525,12
2203888698,12
25475770,12
1689605567,12
5816744255,12
5816744257,12
8429934918,12
429346251,12
5931509715,12
107606,12
585199079,12
28418921,12
9816821617,12
9693971447,12
9693971448,12
1505332730,12
2364384488,13
8030470473,13
585124778,13
1951242858,13
1951242860,13
2364378222,13
2364371185,13
2364379602,13
2364379603,13
2364379604,13
2364379605,13
107613,13
107614,13
1864047135,13
25475328,14
1990912129,14
9700060292,14
4872502279,14
9690878344,14
9632417162,14
9632417163,14
9683581480,14
3385332654,14
9683686963,14
3733791671,14
1155552319,14
1137777343,14
8030470464,14
8030470469,14
7638732490,14
7638732491,14
25475417,14
4832472797,14
9135845214,14
680069471,14
107615,14
8579240311,14
9135845216,14
9135848931,14
9135845213,14
1951242856,14
1951242857,14
1990912106,14
1951242859,14
2364384492,14
2364384490,14
680069483,14
2364387947,14
9135848938,14
9135848937,14
2364371186,14
1990912115,14
8579240307,14
8579240309,14
8579240310,14
8579240308,14
8579240312,14
8579240313,14
8579240314,14
4077593104,15
5473273373,15
5473273376,15
7745051680,15
7926686250,15
25532464,15
385311796,15
6985395258,15
25532475,15
5473273425,15
1678227031,15
5238587992,15
5473273433,15
5238587994,15
5473273435,15
1569343577,15
3272782433,15
329983075,15
107626,15
107627,15
107628,15
5049840242,15
5049840243,15
5049840245,15
5049840248,15
2961549,15
25161362,15
25161363,15
1569216662,15
25161377,15
25161378,15
25161379,15
4867087535,15
3153656028,15
3153656030,15
1951616231,15
1951616232,15
1951616234,15
1951616236,15
1951616261,15
2378843909,15
1951616263,15
1951616268,15
1951616270,15
1951616276,15
1951616278,15
6463234329,15
1951616283,15
1951616284,15
1951616287,15
1951616291,15
1951616292,15
1951616295,15
1951616297,15
4077599543,15
4077599545,15
9027328314,15
9027328313,15
1951616319,15
5925584201,15
8390582613,15
5141354328,15
5141354329,15
5141354330,15
5141354331,15
5141354332,15
1312453981,15
5141354333,15
24950113,15
24950114,15
24950115,15
9856119649,15
9856119651,15
385311590,15
1312453996,15
5227220846,15
8807431535,15
8807431541,15
3272712566,15
1782714747,15
8807431548,15
6369361790,15
8807431550,15
6369361792,15
1678226827,15
4072083344,15
4072083345,15
5065949596,15
1312454045,15
5065949598,15
1678226846,15
1312454055,15
25532332,15
4748394420,15
259252667,15
1312454087,15
25532377,15
25532384,15
1678226917,15
8807410152,15
8807410154,15
8807410158,15
8785024497,15
5141216754,15
1312454029,16
1312454031,16
3887941013,16
2059790748,16
25532576,16
6458938017,16
1312454058,16
1312454061,16
25544110,16
5340811829,16
5340811830,16
25265077,16
25265079,16
4085783099,16
1418752708,16
5340811717,16
1312454090,16
4166634955,16
7911243856,16
1418752721,16
7911243857,16
4166634962,16
763372884,16
7911243861,16
7911243858,16
7911243863,16
9413430622,16
1312453999,16
107632,16
8753664977,17
107634,17
7223298253,17
25161361,17
5141625696,18
4729628192,18
9856119650,18
6369361796,18
6369361797,18
5141625702,18
5141625703,18
25067400,18
7223298252,18
7223298254,18
3644785104,18
107637,18
5141625621,18
5141625623,18
5141625625,18
6369361788,18
5141625630,18
6369361791,18
9856119648,19
5198585557,19
107638,19
5198585559,19
4962956931,20
25505673,20
25504779,20
9611081868,20
25505677,20
25161365,20
9691102358,20
8807441176,20
25505561,20
9691102362,20
3656358065,20
4866653236,20
1311961910,20
7926554423,20
4866651959,20
7926554424,20
4866651962,20
4866651963,20
4866651966,20
7926554430,20
4866651968,20
4866651969,20
7926554431,20
1828402760,20
5046447437,20
1828402765,20
1938819282,20
1938819283,20
1938819284,20
1938819285,20
1938819286,20
25505622,20
1938819288,20
25505624,20
25505629,20
3704225375,20
3704225376,20
3704225379,20
3704225380,20
1938819301,20
25066470,20
1938819306,20
1938819313,20
2012969971,20
4866623226,20
107643,20
107644,20
1938819329,21
5207476609,21
5207476611,21
25504129,21
5207476613,21
5207476610,21
5055364614,21
473264641,21
4627445257,21
5207476617,21
4627445258,21
1938819340,21
4627445261,21
9684083982,21
9684083983,21
9684083984,21
4627445259,21
5207476619,21
107667,21
9684083987,21
9684083988,21
9684083992,21
9684083993,21
9684083995,21
5207477021,21
7066617760,21
473265708,21
4383369519,21
4627491642,21
4627491643,21
25470781,21
5207476606,21
390341443,21
1828402767,21
1828402769,21
4383369553,21
1828402771,21
3813810132,21
3813810133,21
3696548438,21
1828402774,21
472346838,21
4627445213,21
4627445215,21
4627445216,21
4627445217,21
1938819299,21
1938819302,21
1938819304,21
4627445260,21
5207476615,21
1938819316,21
4627445240,21
4627445241,21
9754527740,21
9754527741,21
9754527742,21
5207476607,21
9754527744,22
9754527745,22
5055364608,22
5055364611,22
5055364612,22
5055364610,22
3265436678,22
3265436680,22
3265436686,22
3265436688,22
8620105233,22
8620105234,22
1678452753,22
8620105236,22
3265436692,22
3265436695,22
8620105240,22
8620105242,22
8620105243,22
8620105244,22
268124704,22
9754453026,22
9754453027,22
9754453028,22
9754453029,22
9754453030,22
9754453031,22
9754453032,22
9754453033,22
8620105259,22
8620105265,22
8620105268,22
8620105269,22
8620105270,22
5177397821,22
5177397822,22
5177397823,22
5177397824,22
5177397825,22
5177397827,22
5177397828,22
5177397829,22
5177397830,22
5177397832,22
5177397835,22
4150883407,22
8755805313,22
107668,22
1239549084,22
2360684188,22
367100073,22
1617532073,22
5177397419,22
5177397420,22
419632303,22
419632306,22
419632307,22
1214922421,22
3972566710,22
4077627063,22
2140506294,22
368044217,22
1214922426,22
1617532090,22
490946748,22
1214922429,22
1617532088,22
1617532087,22
1707790023,22
367077584,22
2775635677,22
4034060007,22
4650375402,22
4034060012,22
4034060015,22
4034060017,22
4034060018,22
2265065203,22
2360681713,22
2265065207,22
419632906,22
2140432704,22
9781311297,22
108864,22
4859246418,22
4859246419,22
237911,22
6951230826,22
1955520879,22
1813794712,22
268124583,22
4367041960,22
4367041962,22
8620272571,22
473266627,22
2775653836,22
5177410511,22
9691076056,22
455705562,22
864817628,22
2360685543,22
9754527743,22
5342251136,23
1236791297,23
25503880,23
7617755274,23
7617755275,23
4378043789,23
957122446,23
25503885,23
10572178,23
4378043283,23
4072476959,23
107684,23
1726730281,23
747893184,23
7610670913,23
7610670919,23
7610670921,23
1236791506,23
4329502449,23
8785484288,24
1938819344,24
4072476960,24
4630855202,24
4630855203,24
4630855204,24
107685,24
4630855205,24
4729448871,24
107686,24
107688,24
1236791344,24
1726730303,24
25471681,24
8373690833,24
8373690834,24
8373690835,24
8373690836,24
8373690837,24
8373690838,24
8373690839,24
8373690840,24
8373690841,24
1726730329,24
8373690842,24
7613626073,24
7613626070,24
25503841,24
7617785701,24
25503848,24
7617785710,24
8373752817,24
7617785714,24
1726730354,24
4530339698,24
4530339700,24
4530339702,24
4530339699,24
4530339701,24
6293128709,25
21583366,25
4017328647,25
7223695324,25
9756243981,25
9756243982,25
9756243983,25
9756243984,25
9756243985,25
9756243986,25
3518995475,25
4689775124,25
4689775126,25
8785484312,25
1810130457,25
8785484313,25
8785484315,25
8785484316,25
8785484314,25
2293833760,25
2293833763,25
6863550501,25
1419565097,25
25496622,25
6863550510,25
1148276284,25
5006063170,25
5006063171,25
5006063172,25
5006063173,25
5006063175,25
5006063176,25
5006063177,25
5006063178,25
5006063179,25
5006063180,25
6840965712,25
5006063186,25
21563479,25
21563481,25
9756278362,25
9756278363,25
26374236,25
9756278364,25
9024076384,25
9024076385,25
21563489,25
25475182,25
5736692334,25
21563508,25
32921720,25
7223712382,25
2294047369,25
5880188045,25
5880188046,25
761831060,25
4156336279,25
8785567902,25
8263157412,25
8263157413,25
8263157414,25
8263157415,25
8263157416,25
7271474856,25
107690,25
7271474855,25
107692,25
8785503917,25
8785503918,25
8785503919,25
8785503920,25
107693,25
4691514032,25
4530270906,25
4530270908,25
3972566716,25
4530270913,25
1782712524,25
3519005409,25
4822267109,25
1020211942,25
4691460851,25
1236791555,25
25475331,25
1707790085,25
8263166217,25
8263166218,25
8263166219,25
1617596686,25
1707790096,25
1782730512,25
1617596704,25
3519013665,25
1617596711,25
1617596714,25
7223668011,25
7223668012,25
7183962432,25
9781311296,25
9856119621,25
1617647945,25
3497472337,25
7223704403,25
237908,25
4764884821,25
8373651315,25
8373651316,25
5006065037,25
5006065038,25
21563791,25
5006065040,25
5006065041,25
5006065039,25
2586616722,25
4719617974,25
33141178,25
8373690817,25
8373690818,25
8373690819,25
8373690820,25
8373690824,25
8373690825,25
8373690826,25
8373690827,25
8373690828,25
8373690829,25
8373690830,25
8373690831,25
5880186827,25
5880186828,25
8373690832,25
1148276186,25
269589467,25
8373690844,25
8373690843,25
8373690845,25
8373690846,25
3497461727,25
7223695327,25
7223695323,25
7223695326,25
8785568228,25
8373623781,25
321255919,25
5119652864,26
5119652865,26
9781435146,26
2458273291,26
1953202962,26
2453941139,26
6279388821,26
6279388822,26
6279388823,26
6279388824,26
26678169,26
26678168,26
26678171,26
26678166,26
26678167,26
343669791,26
2458257570,26
8975700259,26
8975700260,26
2458257573,26
8975700261,26
5265953450,26
5265953451,26
5265953452,26
1364161197,26
2458257578,26
5265953455,26
2458301100,26
5265953457,26
5265953454,26
5265953459,26
2458260532,26
25495858,26
2458256449,26
8645592521,26
1364172237,26
1832129873,26
6108171363,26
1832129878,26
1953202903,26
25495640,26
21578459,26
25495646,26
6724775011,26
6724775012,26
108389,26
6724775013,26
6724775014,26
8787384680,26
6724775017,26
6724775018,26
6724775015,26
6724775016,26
1832248428,26
108390,26
1364168178,26
1364168180,26
2458303223,26
5119652857,26
2458307450,26
5119652862,26
5119652863,26
25495698,27
108391,27
4297054053,28
1601832328,28
6828863691,28
6828863692,28
6828863693,28
6828863694,28
6828863695,28
6828863696,28
6828863697,28
6828863698,28
9576827481,28
9804578356,28
25475674,28
108406,28
6525671279,28
1363483801,28
9576827482,28
2632464416,29
6525670240,29
390073160,29
1125619161,29
2632476621,29
25632684,29
5973397966,29
10606709,29
6525670239,29
108409,29
2632476639,29
2632464413,29
2632431807,29
108420,30
9030284989,30
9030284990,30
4193151464,31
108835,31
4305986091,32
5905893978,32
7620902731,32
108837,32
264824452,33
9684083978,33
3267461759,33
3876713343,33
1678452760,33
20955164,33
1678452770,33
4085767971,33
4085767974,33
4085767978,33
4938216619,33
4085767980,33
4085767983,33
367091632,33
4085767989,33
4085767992,33
2265048377,33
4085767993,33
3267461693,33
3267461696,33
2265050050,33
108867,33
1828402758,33
1828402759,33
262078536,33
3267461710,33
2620105428,33
3267461721,33
9729684314,33
3267461728,33
3267461729,33
3267461737,33
3267461742,33
3267461747,33
3267461752,33
3267461756,33
1536948605,33
3267461758,33
9684083967,33
4211515621,34
108903,34
245200970,34
1830276654,34
9189397456,34
4211515569,34
663363473,34
4211515891,34
8256049397,34
8256049399,34
9820537921,35
9820537922,35
9820537934,35
1326821457,35
4297243218,35
1326821465,35
25475693,35
1326821487,35
1326821489,35
4297243295,35
9820538016,35
9820538017,35
4297243298,35
9820538018,35
9820538019,35
1326821542,35
4158004390,35
9820538028,35
4571238064,35
4571238067,35
4571238068,35
4297212084,35
25475767,35
1938953403,35
1938953406,35
1326821568,35
1938953413,35
1938953414,35
1938953417,35
4297212114,35
25470166,35
4297212119,35
1938953430,35
1938953431,35
1326821593,35
1938953433,35
748797145,35
1938953432,35
1938953437,35
21990633,35
21990634,35
21990637,35
21990638,35
1326821624,35
4298970364,35
25497340,35
4298970368,35
25497347,35
4298970380,35
4298970384,35
4297212194,35
4297212204,35
355416911,35
4297242961,35
1601797458,35
355416914,35
355416920,35
109403,35
9820523869,35
9820523870,35
9820523871,35
9820523872,35
108393,35
9820523913,35
9820523914,35
9820523915,35
9820523916,35
9161061776,35
9693963678,35
9693963679,35
9693963680,35
9693963681,35
9693963682,35
9693963683,35
710657963,35
7947041713,35
422573549,35
1913216493,35
25497596,35
25497599,35
25509513,36
470727954,36
1938819346,36
1938819348,36
1938819350,36
1938819351,36
25509526,36
5207487900,36
25481504,36
6988528038,36
6988528039,36
9694031532,36
9201323575,36
1236791504,36
894485202,36
109408,36
109410,36
1236791535,36
9197589363,36
9197589238,36
1536948618,37
109411,37
1536948487,37
1536948608,38
1536948612,38
25505670,38
20626312,38
1852996875,38
20626315,38
1536948631,38
6509584413,38
1536948517,38
109734,38
7572522534,38
7572522540,38
1536948652,38
7572522547,38
1536948536,38
1572551227,38
2504847039,38
7572522566,38
4866475730,38
4866475737,38
1852996954,38
7572522585,38
1536948578,38
109412,38
25264998,38
2504822135,38
1536948474,38
7572522492,38
9694072864,39
109414,39
30078473,39
5334625292,39
7797731341,39
7797731342,39
7797731343,39
7797731340,39
5334625293,39
1566269623,39
4077599544,39
2793874522,39
2961885,39
9030029183,39
7824803494,40
7824803495,40
109737,40
9072449309,40
24952269,40
7824803501,40
4166634957,40
5104314264,40
1536948541,40
1951372959,40
5840176866,41
5201625566,41
1722621630,41
4220613456,41
109746,41
9681020156,41
9681020157,41
2941549918,41
5006764037,42
5006764038,42
5006764039,42
5006764040,42
1312189073,42
1312188945,42
1312188689,42
1312188696,42
25477149,42
25477150,42
25477151,42
25477152,42
25477153,42
25477154,42
26067235,42
25477156,42
26067237,42
1312189091,42
26067239,42
26067236,42
3320743081,42
1954751908,42
1312188843,42
26067238,42
26067234,42
1312188730,42
1312188858,42
9693935550,42
1312188735,42
109760,42
9693935551,42
1312188994,42
1312188614,42
1312188622,42
1312189013,42
1312188760,42
3892081372,42
1312319838,42
3741078112,42
7644884069,42
1312188774,42
1042862726,43
249558409,43
1042862477,43
6304787860,43
6304787861,43
1042862492,43
3735886877,43
3858880674,43
3858880675,43
3858880676,43
3858880677,43
7815143465,43
3673602988,43
3673602993,43
25477300,43
25477301,43
5929540796,43
109766,43
5925628361,43
57786953,43
7911297486,43
9808795598,43
9808795599,43
1042862673,43
9766629717,43
25477335,43
25477339,43
9027367517,43
9027367518,43
9027340515,43
9027340516,43
2935373159,43
1042862696,43
302013673,43
2935373161,43
302013676,43
25477228,43
302013678,43
2935324280,43
9203578106,43
9203578107,43
9856119640,44
373402354,44
109780,44
9856119634,44
9514602150,45
9514602151,45
9514602152,45
9514602153,45
109785,45
6166157035,46
109788,46
24952267,46
4077495951,47
1832129813,47
4077495957,47
1810130458,47
4077495964,47
338474269,47
1832129823,47
4077495971,47
1832129831,47
4077495854,47
4077495855,47
4077495858,47
4077495862,47
4077495867,47
9781311295,47
4077495872,47
4530195657,47
4077495883,47
109815,47
109816,47
1360122879,47
109818,48
8975700266,48
3644748770,48
4823246342,49
1150003270,49
1684835245,49
1493658224,49
2036125649,49
1309067472,49
6864015603,49
1141415219,49
1685281076,49
2036125657,49
110143,49
4835108998,50
4835108999,50
7636180236,50
7636180237,50
20458276,50
1571298192,50
7636180241,50
7636180242,50
1571298195,50
1312188692,50
9710348827,50
9710348828,50
110238,50
20458273,50
250325411,50
2003007012,50
20458275,50
1787108646,50
1787108647,50
1787108648,50
1787108649,50
1787108650,50
3334162601,50
20458277,50
2490721964,50
1312188845,50
4618510643,50
1312188731,50
250327100,50
1312188988,50
8868194757,50
9710304459,50
9710304460,50
8868001103,50
9856119632,50
8868001104,50
250549587,50
1782716888,50
7926563545,50
8868194778,50
1571298141,50
21990624,50
21990625,50
1233327202,50
21990626,50
2934268020,50
1238259337,51
4530011788,51
6261920913,51
6261920914,51
4530012691,51
4530012690,51
4530012692,51
4530012694,51
4530012695,51
4530012696,51
6261920915,51
1150003480,51
4530012699,51
4530012700,51
4530012701,51
4530012702,51
6866779806,51
4530012703,51
4530012704,51
1771453218,51
7805198627,51
1771453217,51
3499567135,51
5565487612,51
4729385030,51
4729385031,51
9808795596,51
59526352,51
282708,51
1150003547,51
1731225566,51
1150003423,51
249470452,51
4316306166,51
1536039932,51
25438595,52
2632464415,52
25438732,52
282719,52
4835108995,53
2961540,53
1951616325,53
24661273,53
8807431546,53
2195965723,53
24950109,53
8807431551,53
367114771,54
27458331,54
1312453919,54
1312454048,54
2967343648,54
3215687074,54
2967343649,54
5931501991,54
27458353,54
1547013692,54
1312453950,54
1547013698,54
5342236740,54
1312454086,54
5335245256,54
9710359368,54
9856119628,54
3708234964,54
471488472,54
1312454114,54
5227220835,54
2961891,54
471488484,54
1550763620,54
1547013743,54
367121266,54
1312454015,54
1678452792,55
10572172,55
367106464,56
388455682,56
4240028580,56
25503845,56
9693982149,56
25503851,56
4643337035,56
4630855193,56
7617785713,56
10572179,56
10572180,56
25471732,56
1236791478,56
25471733,56
25471734,56
5207487897,56
25503862,56
4650375357,56
25495617,57
25495618,57
9856119619,57
1985084100,57
1938953377,57
350437608,57
10572779,57
25495695,57
1816038230,57
25495769,57
25495770,57
10572785,58
8972511963,58
25496748,58
8972441127,58
8785568224,59
10572786,59
7847748059,59
1985084095,59
1326821504,60
2466449296,60
20460691,60
6369329158,60
2466449286,60
2466449288,60
8989843465,60
2466449287,60
1326821513,60
2466449289,60
2466449290,60
20460686,60
1326821515,60
2466449293,60
20460681,60
2466449295,60
2466449294,60
20460692,60
20460690,60
20460694,60
10607127,60
10607128,60
2466449297,60
3722411669,60
4807796633,60
20460695,60
20460696,60
20460697,60
9693865890,60
1326821539,60
1326821541,60
25632677,60
5041784501,60
1813618358,60
1326821557,60
372978232,60
5041784633,60
1326821559,60
1596655163,60
1326821566,60
256766529,60
1326821569,60
8868824899,60
372978120,60
1326821577,60
1326821579,60
2466456399,60
2466456400,60
2466456401,60
2466456402,60
1939632526,60
2466456404,60
1366095189,60
2466456403,60
2466456405,60
2466456406,60
2466456407,60
1081508186,60
2466456409,60
5353604060,60
2466456408,60
1326821471,60
1326821524,60
1326821613,60
1326821525,60
1081508209,60
1326821490,60
632447859,60
2466449291,60
372050299,60
1326821502,60
9808795609,61
2632430342,61
2480657190,61
1954751914,61
1954751916,61
1954751918,61
4530057817,61
25497968,61
5060405461,61
10607129,61
9808795610,61
2466456411,61
2466456412,61
2466456413,61
2466456414,61
9808795605,62
10607133,62
2632431806,62
5470932256,63
10607629,63
7947057586,63
5468301555,63
2146369237,63
5470932252,63
5470932253,63
5470932255,63
9782353731,64
8784159562,64
6467134930,64
6467134931,64
8784181688,64
10676799,64
2902624645,65
18393873,65
6985373980,65
6985373982,65
6985373983,65
6985373984,65
1312264610,65
1721713699,65
1312188714,65
1312264618,65
21307200,65
9030121410,65
1782718791,65
1782718792,65
9856119635,65
6985379285,65
6985379286,65
9042027865,65
2406484452,65
1350430181,65
2406484454,65
2406484455,65
9030155749,65
2406484453,65
9030155753,65
2406484460,65
9042053624,65
10677374,65
1312264577,66
1311961985,66
794039687,66
9042133642,66
5043864464,66
28800661,66
28800662,66
1782724124,66
316763548,66
1782724125,66
250550174,66
1401908258,66
1311962043,66
1312264648,66
1312264524,66
1684511955,66
7836155864,66
7836155865,66
7836155867,66
7836155868,66
7836155870,66
1718328435,66
10677375,66
10677377,67
2387220933,67
7082240198,67
3517719434,67
1401416203,67
7636163631,67
8318797234,67
8318797235,67
8318797236,67
25248117,67
212927414,67
8318797237,67
25248118,67
25069046,67
2642857212,67
8975529088,68
4462680067,68
9203541381,68
1832248457,68
1832248458,68
9781435147,68
5374174224,68
14672924,68
1832129958,68
5374174120,68
7203717550,68
5374183741,68
5374183742,68
25151180,68
5573931377,68
5573931385,68
8975529082,68
8975529083,68
8975529084,68
8975529085,68
8975529086,68
529722111,68
7553887392,69
18382242,69
8869435266,69
7567588716,69
24950093,69
268997560,69
8869435257,69
18395288,70
25161370,70
419347200,71
419347201,71
419347202,71
419347203,71
470729237,71
8785441943,71
8785441944,71
18395811,71
1268900644,71
4729448869,71
1268892338,71
1268900660,71
2919962038,71
2919962039,71
2919962040,71
5976853817,71
354935735,71
2215139515,71
2919962042,71
2919962041,71
2919962043,71
2919962044,71
473262779,71
2919962045,71
2919962046,71
3474115148,71
3267461709,71
3816097102,71
3816097103,71
2140420434,71
1938819289,71
1938819290,71
1938819292,71
1938819293,71
1938819294,71
1938819296,71
1725360097,71
5976850023,71
5976850024,71
1655418222,71
25505648,71
3267461749,71
7610670710,71
4401156476,71
419347194,71
419347195,71
419347196,71
419347197,71
419347198,71
419347199,71
250550400,72
1939632514,72
4992781189,72
1939632519,72
20460684,72
973101839,72
9042120207,72
2387242386,72
8869472274,72
3870640530,72
3870640547,72
3870640548,72
2387240745,72
2387240747,72
4992781175,72
1326821561,72
18398282,72
1312335310,72
1326821460,72
1326821592,72
5238500312,72
5238500313,72
914822492,72
9042037853,72
2387245025,72
873684193,72
2387245026,72
2387245027,72
2387245029,72
632438506,72
9030155757,72
9030155758,72
8869472239,72
9030155759,72
9030155760,72
8869472240,72
1326821619,72
9030155762,72
8869472247,72
4826555769,72
4992781180,72
5609638014,72
1938819328,73
2387207425,73
1938819330,73
1938819331,73
2387207426,73
8336028513,73
8336028514,73
25161351,73
1938819336,73
1938819335,73
1311962122,73
8336028515,73
25161352,73
2387194123,73
2387194126,73
2387194127,73
8336028516,73
2387194128,73
2387194131,73
2387207420,73
2387194133,73
25161366,73
2387207421,73
2387212189,73
1311962016,73
1401926435,73
2387194148,73
2387194149,73
2387194150,73
1782728999,73
9021498664,73
1360122924,73
2387194156,73
2387194157,73
6739026230,73
1678155318,73
1938819325,73
1782725824,73
2387209415,73
9021504714,73
9021504715,73
7836155869,73
9781190365,73
18468958,73
8336028511,73
8336028512,73
18468961,73
6369390690,73
6369390691,73
6369390692,73
6369390693,73
6369390694,73
6369390695,73
6369390696,73
6369390697,73
6369390698,73
6369390699,73
6369390700,73
6369390701,73
6369390702,73
1938819317,73
6369401334,73
1938819319,73
1938819320,73
2387207417,73
2387207418,73
9024139132,73
9024139133,73
1938819326,73
2387207423,73
18469130,74
9856119638,74
2642878568,75
2642878569,75
18469132,75
9856119637,75
6978555522,76
2990780037,76
2990780039,76
20460680,76
2990806410,76
2990806411,76
2990806413,76
2990806415,76
2990806416,76
968499092,76
968499093,76
4246525220,76
4246525223,76
316763559,76
316763561,76
316763563,76
1758554286,76
8975833904,76
8975833905,76
6978563378,76
6978563379,76
6978563380,76
1758554291,76
6978563382,76
6978563383,76
6978563384,76
8975833913,76
8975833912,76
8975833915,76
4682627259,76
8975833914,76
1758554294,76
4682627263,76
1758554289,76
6978577985,76
4682627266,76
4682627265,76
256766532,76
1150003147,76
1150003532,76
9041828942,76
1759454163,76
1759454429,76
3763407460,76
5041784423,76
5067002867,76
6978531575,76
6978555518,76
20460687,77
25497872,77
20460688,77
6506796188,77
20965804,77
20965805,77
20965806,77
4860825518,77
9693963701,77
9693963702,77
9693963703,77
9693963704,77
9693963705,77
9693963706,77
9693963707,77
1326821564,77
9693963708,77
255860415,77
1813618497,77
435104715,77
435104717,77
5238528591,77
1326821585,77
1326821596,77
5353604061,77
25497824,77
25497828,77
4369519204,77
25497829,77
4369519219,77
25497845,77
4369519227,77
6301948480,78
20625793,78
6301948477,78
5976760445,78
5976760446,78
5976760447,78
9694032608,79
9694032609,79
585200775,79
20625800,79
585200818,79
710521820,79
9694032606,79
9694032607,79
5189042552,80
20626282,80
8675201272,80
5189042551,80
7824803490,81
7824747299,81
7824803492,81
7824747301,81
1536948646,81
7824803493,81
4085778920,81
7824747306,81
5146186589,81
7824803500,81
1536948431,81
1536948529,81
20626301,81
5146186590,81
9856119647,81
3796814729,82
20626310,82
20626311,82
7572522513,83
20626316,83
7572522511,83
1360122886,84
1236791433,84
20955158,84
9805219991,84
9805219992,84
9805219993,84
9805219994,84
1360122917,84
4076095791,84
1609966653,84
9856119620,84
9197322310,84
9197326420,84
3519872213,84
4076095834,84
1360122845,84
1360122856,84
21685484,84
1360122861,84
1360122873,84
2398924896,85
6369329154,85
20965798,85
20965799,85
6369329160,85
20965800,85
4428887946,85
2398924843,85
25500427,85
6369329165,85
1782729295,85
1782729296,85
6369329171,85
1326821587,85
2398924853,85
2398924855,85
104319,85
2398924898,86
9781311298,86
20965801,86
7946378607,86
7946378608,86
9310682079,86
2398924893,86
2398924863,86
21307201,87
1312264546,87
1755265415,87
21990631,87
873809385,87
5042033643,87
9042025325,87
21307202,88
1755265444,88
5041945479,88
250550024,88
5041945481,88
250550023,88
2990721389,88
8869464398,88
1755265428,88
1755265432,88
1343823418,88
28800670,88
4661317536,89
3328228993,89
3328228994,89
3328228996,89
3328228998,89
25524297,89
5177397418,89
21392267,89
3328229004,89
1617596593,89
4663309171,89
4661317524,89
4663312695,89
4663312696,89
4663312697,89
4663312698,89
21392273,90
3972566713,90
4859246420,90
21392276,91
9856119623,91
6828927809,92
6828931875,92
1148249927,92
6828921209,92
1832227886,92
25495824,92
21392278,92
1707790105,92
6828921210,92
6828921211,92
5603454625,93
5603454626,93
6606135979,93
21392279,93
5335233120,94
2934288514,94
250324965,94
21523718,94
5165786239,94
21523719,94
8042022825,94
5573991659,94
5573991660,94
4138224462,94
5335233113,94
1014649631,94
5009060057,94
5335233114,94
2934288509,94
5335233119,94
1617596646,95
1617596615,95
1617596616,95
1617596621,95
21563503,95
1617596627,95
1617596659,95
1617596669,95
9659603285,96
21578454,96
9748953621,97
21578461,97
4331121754,98
21685481,98
21685483,98
1837610895,98
1360122929,98
25500530,98
1360122933,98
1163955034,98
4331121755,98
269547420,98
4370333648,99
21685485,99
4462683090,100
21686572,100
21686574,101
4462680070,101
3515286914,102
3515286915,102
3515286916,102
5565466183,102
1493676622,102
1493676623,102
28728208,102
25477106,102
21990614,102
1771453860,103
1711679434,103
9375170320,103
9375170321,103
9375170322,103
9375170323,103
9375170324,103
9375170325,103
9375170326,103
28728187,103
21990620,103
4556931602,104
4556931604,104
21990622,104
21990627,105
475396924,105
8672066581,105
7636180239,105
8923643490,106
21990628,106
9030155750,106
9030155754,106
1719422038,106
9856119639,106
8923643489,107
9693628386,107
250327618,107
21990629,107
5565443397,107
5875062471,107
5875062472,107
21990630,107
1326821544,107
9030155755,107
9030155756,107
250327591,107
8868010287,107
9808795603,107
9808795604,107
9042053623,107
5565443389,107
5565443390,107
21990632,108
9030155751,108
1718566880,108
5141625698,109
1569241807,109
25161360,109
1569241808,109
24659764,109
7906964247,109
7906964248,109
7906964249,109
7906964250,109
7906964251,109
24659907,110
24659947,110
24949780,110
1311961990,110
9693920801,111
9693920794,111
9693920795,111
9693920797,111
24660863,111
1312453954,112
1556260235,112
24661966,112
25544111,112
1312453966,112
1556260241,112
1312454066,112
25544112,112
1312454100,112
24662037,112
1312453915,112
24950048,113
5095547180,113
5095547184,113
24950005,113
24950013,113
2389802904,114
24950050,114
2389802901,114
2279592862,114
5227220845,115
24950064,115
24950065,115
5227220848,115
24660697,115
5218844445,115
5218844446,115
3517985666,116
5090420610,116
25161348,116
5090420614,116
8807429660,116
8807429664,116
8807429665,116
9691082671,116
25066419,116
2387226304,116
2387226307,116
2387226309,116
2387226311,116
2387226313,116
5090420940,116
24950097,116
5090420958,116
5090420959,116
5090420964,116
9024139130,116
9024139131,116
1951616327,117
8807431559,117
5095547321,117
24950102,117
24950105,117
25248113,118
25248114,118
24950107,118
9030155654,118
9693920802,119
9693920803,119
24950110,119
24950111,119
24950112,120
25248126,120
1721678995,121
316763501,121
24950117,121
9693760971,122
24951854,122
5046314041,122
5046314042,122
5046314043,122
25632860,122
24952195,123
2528522503,123
2528522507,123
2528522518,123
1556324759,123
2528522528,123
6985465124,123
6985465125,123
6985465129,123
6985465130,123
2528522542,123
6985465145,123
1556324793,123
9694091972,123
9694091973,123
1556324683,123
1556324684,123
25278669,123
25278670,123
3385387604,123
3385387605,123
3385387606,123
3385387607,123
4117882851,123
4117882852,123
4117882856,123
4117882857,123
4117882860,123
25066338,124
25066412,124
25066450,125
1717650794,125
25066451,125
25066453,125
5047029678,126
25066461,126
25066462,126
3704225378,127
1536948581,127
4085778923,127
1536948622,127
1938819279,127
9684101713,127
4085778934,127
4143767990,127
25066684,127
1852997088,128
25066784,128
25066694,128
25066696,128
25161353,128
4866591373,128
4866591374,128
4866591375,128
4866591376,128
3816097105,128
3233714196,128
3233714198,128
9856119645,128
3233714192,129
3233714193,129
3233714194,129
3233714195,129
3233714197,129
25067068,129
25067264,130
25067265,130
2566132609,130
1569382119,130
1569382170,130
1569382174,130
2504822145,131
25067266,131
25067267,131
1852996996,131
2504822137,131
2504822139,131
6509584414,131
25066687,131
25067304,132
2566132610,132
2566132611,132
9753609738,133
9753609739,133
9753609740,133
9753609741,133
9753609742,133
9753609743,133
9753609744,133
9753609745,133
9680972178,133
9680972177,133
9680972185,133
25161373,133
7824747295,133
7824747298,133
7824747300,133
7824747302,133
7824747303,133
7824747304,133
7824747305,133
25067307,133
7824747308,133
7824747307,133
6967585841,133
6967585842,133
1827389620,133
1782727992,133
700774224,133
25067324,134
5141876996,134
5141877239,134
25067395,135
25067396,135
25067397,135
5146186470,135
950703625,135
950703626,135
5146186463,135
5146186489,135
25067326,135
1726783391,135
9856119646,136
25067427,136
25067398,136
1951616322,137
5104314275,137
25067461,137
25067463,137
25067469,137
25067470,137
5104314255,137
5104314256,137
5104314384,137
25067473,137
25067476,137
1186508405,137
5104314353,138
25067727,138
1569343756,138
25067479,138
1569343909,139
25067558,139
25067728,139
5104314096,139
5104314098,139
25067636,139
5104314325,139
25067670,139
1569343576,139
25067914,140
1569216650,140
25067920,140
7911231380,140
1722621718,140
7911231384,140
25067803,140
1569216123,140
25161375,140
5141228834,140
1569216316,140
4085783103,140
4085783105,140
1569216326,140
6446292570,140
1951616226,140
5141216740,140
5141216741,140
7911267687,140
7911267688,140
7911267690,140
7911267692,140
7911267694,140
7911267695,140
7911267696,140
9659831673,140
9659831674,140
9659831675,140
25265023,140
1569312412,141
25067933,141
25067871,141
1569343523,142
5141216745,142
25067883,142
5141216790,142
25067936,143
5141216746,143
5141216782,143
25067935,143
25071090,144
25071131,144
25161345,145
1771426172,145
7836164765,145
5087519104,146
25161347,146
5090420965,146
5247857728,147
9691101411,147
9691101412,147
25161357,147
2387194158,147
5141877019,147
9042041320,148
9042041321,148
9856119636,148
9042026424,148
25161371,148
28800667,148
6032044867,149
6032044868,149
25161380,149
25161381,149
25161383,149
25248125,150
1211381855,150
7911267686,151
4077579334,151
473258249,151
2142502090,151
1727515754,151
7911267693,151
473258639,151
25265075,151
25265078,151
763372886,151
25470784,152
4379801334,152
25470783,152
25471736,153
25503860,153
7271474849,154
321255907,154
25472324,154
4675821925,155
4675821932,155
762080111,155
4675821944,155
25472379,155
25472545,156
4665353645,156
1617596591,156
8373728533,156
25472566,156
25473048,156
1617596607,156
1882379274,157
1882379248,157
1882379285,157
4425001783,157
25472760,157
25472763,157
3247578846,157
4823246341,158
4425001781,158
4425001782,158
25472767,158
7447716112,159
25472789,159
9161061774,159
25472800,160
4571194090,160
4571194091,160
1954751920,160
2036125650,160
2940401398,160
6014339453,160
1684835105,161
1684835107,161
3739048019,161
3739048020,161
3739048021,161
25472885,161
25472890,162
1617647934,162
4675822095,162
1311962080,163
9042129985,163
9042129986,163
1401893666,163
1311961868,163
1215563885,163
25473199,163
25473200,163
25473204,163
25473205,163
1215563897,163
6871422362,163
6871422364,163
1759454078,163
25473203,164
5067002855,164
1759454118,165
1759454122,165
25473206,165
25473207,165
1759454104,165
1366095190,165
1759454106,165
5041784634,165
6871422365,165
9683585635,166
4085387943,166
4085387945,166
7246486955,166
4136124524,166
4136124526,166
4078858000,166
4078858001,166
585127354,166
585148380,166
6265654109,166
25473279,166
869968536,167
25473281,167
903630659,167
697037343,168
5905807278,168
8579276917,168
9694104278,168
25474005,168
25474015,168
9694091974,169
9694091975,169
9694091976,169
9694091977,169
9694091978,169
6149398571,169
9694091981,169
25475053,169
9694091983,169
9694091982,169
1312471255,169
1312471228,169
25475072,170
1547657104,170
7236131861,170
7236131862,170
7236131864,170
7236131865,170
9690769059,170
8064065323,170
277337783,170
6332695637,170
6332695638,170
9135848919,170
9135848920,170
9135848921,170
9135848922,170
9135848923,170
9135848924,170
9135848925,170
6332695639,170
585180151,170
1233350889,171
9856119626,171
9856119627,171
283061836,171
3231501611,171
1233350862,171
4166967089,171
675734610,171
675734613,171
25475419,171
675734622,171
25475561,172
9690878337,172
25497222,173
1312471188,173
1312471196,173
1312471202,173
4920098342,173
4920098343,173
6266867112,173
6266867113,173
6266867114,173
6266867111,173
4920098344,173
1312471216,173
1312471223,173
9690974264,173
9690974263,173
9690974266,173
9690974265,173
9690974272,173
9690974274,173
9690974275,173
9690974276,173
9690974277,173
9690974278,173
25475661,173
1312471252,173
9699944538,173
1312471265,173
9699953505,173
4715264000,174
6014302222,174
6014302223,174
6014302226,174
6014302227,174
6014302228,174
1312932894,174
8064065316,174
4136137529,174
9690915259,174
9690915263,174
9690915264,174
9690915265,174
9690915267,174
9690915268,174
9690915271,174
9690915273,174
9690915274,174
9690915275,174
25475663,174
25475664,174
4167762778,174
4529881970,174
8429945717,174
6696695781,175
8784000965,175
25475678,175
6696695783,175
25475688,176
25475690,176
4571940315,176
25499095,176
25499104,177
25475691,177
4297212128,178
4297212129,178
25475692,178
9823138208,179
9823138209,179
1326821607,179
1326821594,179
25475694,179
25475695,179
25475696,179
25475697,179
4297211186,179
4297211187,179
25475698,179
435104726,179
435104728,179
355416921,179
1326821466,179
9823138206,179
7075087299,180
6273056647,180
6273056648,180
6239229422,180
6239229423,180
9693963696,180
435104721,180
9693963698,180
25475699,180
1326821620,180
9693963699,180
6272993491,180
6272993492,180
9693963697,180
25475754,181
1816777875,181
1493229962,181
4920098349,182
5931509720,182
5931509721,182
25476124,182
25476127,182
4992781187,183
7636278191,183
7636278194,183
4401149234,183
7636278197,183
7636278199,183
7636278200,183
7636278201,183
4826555771,183
25477148,183
3093894065,184
3093897988,184
25477197,184
2402557839,184
25477258,185
347541973,185
28419328,186
3550836102,186
3528738439,186
3528738440,186
5257738379,186
251757452,186
5257738381,186
2934411661,186
5257738384,186
251757458,186
5257738387,186
2934411667,186
5257738389,186
5257738390,186
4827050921,186
3499556266,186
6280047277,186
6280047278,186
6280047280,186
5160943793,186
5160943794,186
5160943797,186
5160943803,186
9375078973,186
5160943806,186
5160943807,186
9375078975,186
9375078974,186
1039290562,186
4144358216,186
4144358217,186
9808795600,186
9375100241,186
1039290578,186
9375100242,186
9808795602,186
1039290584,186
1039290586,186
251757533,186
1771458655,186
1771458658,186
27351282,186
27351284,186
1939632504,186
25477371,186
249679102,186
806373533,187
25477774,187
819157946,188
25477858,188
4556931603,188
3661703766,188
1938953379,189
1832052008,189
338472562,189
25495543,189
1832227893,189
25495542,189
338472567,189
1832129783,189
25495697,190
9856119622,190
25495808,191
1832227968,191
2453941147,191
343669798,191
1364169899,191
1832228016,191
1953202907,191
25495807,191
1834657467,192
25495820,192
1834657469,192
6354294763,192
4275394254,193
25495822,193
25495823,193
447887921,193
350437528,193
5899738713,193
5736847361,194
5736847362,194
5736847363,194
5736847364,194
25495852,194
470727776,195
749947393,195
25496100,195
749947402,195
25495854,195
25495855,195
350629203,195
269584410,195
317930380,196
4211515637,196
4211515622,196
25496775,196
1816038211,197
25496783,197
25496786,198
25496787,198
1985084135,198
2453947049,199
8787384684,199
8787384685,199
8787384686,199
4211515634,199
25496792,199
4211515644,199
4211515645,199
25496800,200
1816038214,200
323260106,200
5014591889,200
1816038199,200
1816038233,200
1816038239,200
5265830862,201
25496815,201
25496785,201
4429088632,201
8972511965,201
25496819,202
25496820,202
25496821,202
321255925,202
5060391417,202
1832129795,203
6407948171,203
4077495820,203
4077495821,203
6407948172,203
25496847,203
25496848,203
25496849,203
4077495826,203
25496850,203
5504212623,203
4730978978,203
4730978981,203
4730978982,203
1684437690,203
1684437692,203
1655214934,203
25497563,203
25497564,203
25497566,203
1655214955,203
6124650606,203
1832129778,203
4076126707,203
1832129789,203
1938953399,204
25496857,204
4730978984,204
9161061778,204
9161061779,204
9804471701,204
25496854,204
9804471702,204
5948183671,204
25496855,204
9203537438,204
9203537439,204
25497603,205
9856119625,205
1547657140,205
9694104279,205
9694104280,205
1312471226,205
9804653408,206
6369329156,206
25497611,206
25497612,206
1813618227,206
1813618228,206
1813618229,206
1813618230,206
4870281309,206
9804653406,206
9693963689,207
7075087298,207
25497619,207
7075087297,207
2135411308,208
5711517565,208
5457908028,208
25499655,208
4378043682,209
25500246,209
25504145,210
25504146,210
25504148,210
1835355916,211
1793420660,211
25504149,211
1707790044,211
4232015838,211
25504770,212
367105858,212
25504755,212
367105859,213
25504777,213
1268892466,213
1268892467,213
25504756,213
4089226784,214
4085767970,214
9684083971,214
419350723,214
9684083975,214
9684083976,214
9684083977,214
4089236235,214
4089236236,214
419350669,214
25504760,214
6509584408,214
25505585,215
25505679,215
1828402762,216
25505643,216
25505618,216
25505593,216
25505630,216
7572833379,217
7572833380,217
7572833381,217
25505607,217
1828402763,218
1828402764,218
2142508727,218
25505662,218
25505695,218
1852996856,219
25505685,219
1852996734,219
2343269909,220
9201323564,220
25509525,220
8785024515,221
8807410150,221
8807410151,221
1556097320,221
1547013710,221
25532494,221
9856119631,221
1547013554,221
1547013589,221
1547013719,221
1556097048,222
25532542,222
4826448085,223
25632678,223
5711517571,224
2632430340,224
25632774,224
275180300,224
9161061775,224
2331184927,224
2331184929,224
2331184930,224
2331184931,224
2331184932,224
2331184934,224
2331184935,224
2632464427,224
25632683,224
1723388979,224
1954751924,224
1723388985,224
469759942,224
446765895,224
4703542482,224
4703542483,224
9808795606,224
9808795607,224
9808795608,224
6525670234,224
6525670235,224
6525670236,224
6525670237,224
6525670238,224
2135411294,224
2135411296,224
2135411297,224
6525670242,224
6525670241,224
4571940314,224
2632488435,224
3076574323,224
9804774392,224
316763600,225
316763586,225
25632859,225
25632864,226
25632865,226
1215563905,226
1215563890,226
244128953,226
25632863,226
25634199,227
1155584130,227
2632486641,227
2632486645,227
3586606038,227
3586606039,227
2632486646,227
5306194265,227
9703794688,228
9080098305,228
9080098306,228
9080098307,228
9080098308,228
1014803714,228
1014803718,228
3528738438,228
9080098312,228
9080098313,228
9080098309,228
3528738434,228
1014803721,228
3528711693,228
9080098314,228
3876429831,228
3528710290,228
2934411668,228
9030037142,228
1014803736,228
255051289,228
6995618979,228
2935392676,228
3858880678,228
3528711722,228
6280047275,228
27459116,228
27459120,228
27459638,228
5160943798,228
9694087360,228
28418497,228
472493763,228
9703794689,228
9703794690,228
302013776,228
3073173585,228
27459165,228
9080123618,228
9080123619,228
9080123622,228
6969936109,228
6969936112,228
1939632502,228
2914561272,228
9703794686,228
9703794687,228
9703794691,229
9703794692,229
9703794693,229
9703794694,229
9703794695,229
9703794696,229
9703794697,229
9693971464,229
4223357836,229
3987750679,229
27460250,229
5517519002,229
7487734942,229
429346236,229
429346241,229
9693974851,229
9080123623,229
4054356842,229
4054356847,229
27460210,229
27459198,229
9694087361,230
21523716,230
27460198,230
1014649672,230
3247933387,230
27459830,230
6995618971,230
9694087359,230
28418880,231
27459905,231
1312471267,231
429346243,231
4534184516,231
742399752,231
1312471210,231
4629462859,231
429346253,231
1312471217,231
1312471197,231
1312471190,231
9693971449,231
9693971450,231
9693971451,231
9693971452,231
28418877,231
28418879,231
27459969,232
27459970,232
5165786242,232
2934288513,232
8515091589,232
5165786245,232
2934288517,232
27459971,232
2934288518,232
2934288523,232
2934288530,232
1043001378,232
3906588452,232
4430996033,232
1043001410,232
3247933381,232
1043001422,232
1043001423,232
27459945,232
27459951,232
27459959,232
6218501753,232
27459966,232
2969439040,233
1233350848,233
2612458246,233
9080123624,233
9080123627,233
27460439,233
5904585328,233
377490677,233
2872699894,233
3220254039,233
1042862785,234
7911297478,234
302013672,234
302013674,234
302013675,234
7815533548,234
7815533546,234
6345441358,234
7911297487,234
3486459762,234
3486459764,234
3486459765,234
249558966,234
347539416,234
27480956,234
7815143559,235
347541965,235
3486459766,235
7911297463,235
7815143581,235
3735889430,235
347542743,235
27480957,235
27480960,236
27480961,236
9678821156,236
9678821159,236
9678821160,236
9678821161,236
3486459769,236
28193265,237
3170676207,237
3892081378,238
4344245894,238
1014803686,238
7817162929,238
1014803702,238
1014803704,238
3894948093,238
28418138,238
3894948091,238
3892081373,238
2140124996,239
249679365,239
7797338599,239
7797338600,239
1014803691,239
302013681,239
4244498866,239
302013682,239
28418141,239
28418144,240
4344245892,240
4344245893,240
9693910743,240
3984132034,241
3984132035,241
3984132037,241
302013708,241
4422013486,241
28418929,241
4244498867,241
4244498868,241
28728210,242
7191329811,242
2990651905,243
1755708646,243
1755708647,243
1755708648,243
1758552521,243
1758552522,243
2990664881,243
28800660,243
973128725,243
9693929369,243
1755708737,244
1755708738,244
1755708739,244
9693903657,244
28800664,244
1755708730,244
1755708732,244
5565443391,244
2990651920,245
2990651921,245
28800666,245
5041945508,245
5046314073,246
5046314090,246
28800671,246
28800672,247
9856119642,247
8869435290,247
5247852872,248
316763513,248
5046314091,248
5046314092,248
316763500,248
28800689,248
5224630617,248
9693730842,248
5046314077,248
5046005758,248
1547392865,249
5580861156,249
8579233861,249
8579233862,249
707377287,249
30056330,249
6600283121,249
4619022514,249
1547393045,249
1547013754,249
3830043581,249
3741131608,250
149431715,250
347335859,251
8868010205,251
213668839,251
250549699,252
250549700,252
8868010279,252
8868010280,252
8868010281,252
8868010218,252
213668842,252
213668844,252
8868010221,252
8868010202,252
1685272862,252
1719422032,253
213670986,253
1312189047,253
2642878644,254
213672005,254
249559005,255
302013662,255
7900221088,256
249560091,256
9021491075,256
7900221087,256
4116809027,257
4116809028,257
249679343,257
250325410,258
3787645606,258
3787645607,258
3787645608,258
3787645609,258
3787645610,258
5492419692,258
250326914,259
1401416208,259
8868010162,259
250327159,259
8868010171,259
250327037,260
1310663631,260
9693628387,261
9693628388,261
347335878,261
2642612586,261
250327576,261
7151566952,262
250327660,262
338319877,262
1312188704,263
1312189057,263
354886082,263
1312188741,263
250549670,263
1312189098,263
1312188722,263
1312188883,263
1312188660,263
1312188694,263
1312188824,263
1312188955,263
1312188797,263
251892353,264
251892475,264
5925626141,264
5925626142,264
3930921860,265
3708234957,265
4230027057,265
251892564,265
843376599,265
4378043667,266
269547419,266
4378043661,266
4378043662,266
9051462722,267
2112030873,267
4823243100,267
6855696495,267
6855696497,267
6855696498,267
6855696500,267
627985397,267
275179893,267
275179767,267
6855696504,267
6855696502,267
2112030869,267
291951643,267
6855696503,267
283062189,268
690295047,268
316763545,269
5046005745,269
5046005743,269
316763584,270
5046627553,270
1215563891,270
5046627645,270
1145174402,271
4571241384,271
9820538031,271
355416887,271
355416890,271
355416892,271
3257317059,271
9820537936,271
9820537937,271
9820537940,271
9820537941,271
9820537942,271
9820537943,271
9820537944,271
9820537946,271
1165343843,271
4729480806,271
4729480807,271
4729480808,271
4571244658,271
4571244659,271
4571244663,271
9693971465,272
4230595026,272
377494060,272
27331469,272
435104736,273
435104732,273
435104735,273
1723340842,274
435104742,274
7918978033,275
438170475,275
1547013711,276
471488499,276
4847781268,276
1493722803,276
1550763764,276
473219610,277
8814668141,277
5104314222,277
25161386,278
473258827,278
3644748773,278
473264457,279
1268903266,279
4715264001,280
4715264002,280
4715264004,280
722208263,280
585129712,280
4715263992,280
1312471258,280
4136137530,280
1561411396,281
585201189,281
8579276918,281
4462680068,282
7840712839,282
4462680078,282
1360122901,282
595709975,282
5573994014,282
5573994016,282
5573994017,282
5573994019,282
5603454628,282
5603454627,282
1360122919,282
1360122925,282
1938953395,282
1360122937,282
6329690691,282
8975645638,282
8975645640,282
8975645641,282
4512763348,282
1360122841,282
5460658138,282
1360122860,282
5839156209,282
1360122866,282
1360122871,282
3068267824,283
670103313,283
690295042,284
9690878341,284
5122737222,284
9690878343,284
6327615074,285
6327615075,285
748885412,285
6327615076,285
1707790055,285
4658088585,285
1707790057,285
4650375309,285
1707790063,285
4650375504,285
1707790064,285
1707790067,285
4650375508,285
4658088539,285
1955520890,285
3972566715,285
819132568,286
748941508,286
1684781470,286
748941552,287
748941546,287
4195111363,287
4195111355,288
748941556,288
4661317153,289
4661317155,289
4675822093,289
1617647919,289
761831000,289
761830938,289
1617647901,289
761831039,289
2496836226,290
2496836231,290
1255490314,290
1150003513,290
806373565,290
811035012,291
5905897286,291
6446218921,291
6446218922,291
1556097034,291
1556097387,291
1556097139,291
1556097111,291
1556097271,291
1556097147,291
1556097215,291
875789647,292
25473201,292
1311961947,292
1311962012,292
1311962111,292
1723315608,293
7636278193,293
7636278195,293
7636278196,293
7636278198,293
4807521484,293
1309067471,293
3741131600,293
5927671121,293
7636244312,293
7636244313,293
7636244314,293
9042037852,293
914822496,293
2624005734,293
914822508,293
9030155763,293
5927671156,293
9030155766,293
9030155767,293
4826555772,293
1755708768,294
1758552678,294
1758552682,294
2990717003,294
1759454351,294
973128722,294
1755708765,294
1755708766,294
1125619075,295
2632488445,295
469759943,295
7223326412,296
4835108997,296
1144619335,296
8784212017,297
1150003155,297
9808795611,297
4826555767,297
4826555768,298
1150003195,298
25632870,298
1150003224,299
1150003170,299
1150003472,300
25473202,300
9042129984,300
9042129983,300
4682627264,301
1150003571,301
256766533,301
6978563381,301
1238249904,302
7900221108,302
1736734053,302
2140125056,302
1312188679,303
3093897991,303
1280491924,303
1280491926,303
2402557597,303
2402557599,303
2387232555,303
2387232556,303
2387232557,303
2387232559,303
2387232561,303
2387232563,303
3741117630,303
4749090120,303
1722268367,303
9856119633,303
1722268381,303
1722268384,303
1722268388,303
5492419693,303
5565455857,303
5565455858,303
8236052983,303
8236052987,303
8236052988,303
8236052990,303
8236052991,303
1311961846,304
1311962079,304
1547013760,305
1547013601,305
8785024514,305
1547013704,305
1312453936,305
1547013653,305
1312453879,305
1547013593,305
9694096799,305
25496910,306
1312471189,306
9690974262,306
1312471231,307
1312471191,307
1319881922,308
4730978979,308
1319881924,308
4730978983,308
25496851,308
256766531,309
3739049348,309
1326821480,309
2387242385,309
4826555770,309
1353133536,310
4643336966,310
4643336968,310
4643336979,310
1353133533,310
1547013574,311
6149398572,311
1547013588,311
1547013592,311
1547013724,311
1547013621,312
1547013694,312
1547013567,312
4402629177,313
4402594986,313
1547013655,313
8807410149,314
1547013672,314
1547013705,314
9856119630,314
1547013688,314
1547013699,315
1550763732,315
1547393025,316
1547392771,316
1547392848,316
1547392818,316
1547392914,316
1547392951,316
1547392728,316
1547392764,316
1547392894,316
1547392927,316
6218468163,317
1550763749,317
9704122321,317
4847781269,317
1550763708,317
1556097153,318
1556097030,318
1556097448,318
1556097227,318
5905896973,318
1556097166,318
1556097177,318
1556097178,318
1556097051,318
1556097185,319
1556097368,319
24952196,319
1951372935,319
4085404136,319
1556097321,319
1556097098,319
1556097163,319
4777897927,319
4777897928,319
1556097137,319
4018000435,319
1951372915,319
1556097080,319
1556097118,319
1951372927,319
6918421504,320
6918421512,320
6918421513,320
1556097136,320
6918421503,320
1556097337,321
1556097148,321
1556097217,322
1951372930,322
1556097092,322
1556097222,322
4085404135,322
1561071656,322
1556097353,322
1561071655,322
1561071632,322
1556097431,322
1556097306,322
1556097245,323
5189042550,323
1951372909,323
5976760443,324
1556324659,324
1590088452,325
1561071644,325
9805219990,326
1596648671,326
1599652497,327
5504771250,327
1599652492,327
1617532089,328
1617532091,328
3265436260,329
4697288390,329
2341656968,329
4697287178,329
1828408303,329
8620082704,329
6327557047,329
4696568114,329
5146127859,329
4696544885,329
367102039,329
6327557048,329
1617596505,329
4696545402,329
4166662878,329
6868293535,329
1617647898,330
1617647900,330
8373728532,330
1617647903,330
1617647928,331
1617647931,331
1617647924,331
1617647944,332
8373728530,332
25475332,332
1678452786,333
3474115151,333
7610670751,333
7610670876,334
1678452788,334
1678452789,334
7610670892,334
7610670826,335
7610670830,335
7610670771,335
1678452790,335
7610670780,335
7610670781,335
7607077361,336
7610670906,336
1678452793,336
1678452791,336
1684835042,337
1684835138,337
1684835110,337
8868809321,337
1684835019,337
6014333809,337
1684835121,337
1684835093,337
1684835030,337
1684835062,337
1684835097,337
1707790024,338
4658088777,338
3197333544,339
7191329809,339
1711679380,339
250549835,340
1718566997,340
1718567007,340
9804685199,341
9804685200,341
9804685201,341
9804685202,341
1723388986,341
7620895974,342
25161384,342
1727515734,342
110274,343
6369329155,343
6369329159,343
4076095242,343
25497613,343
6369329170,343
4076095253,343
1813618231,343
1813618232,343
1813618234,343
3320947996,343
4076095262,343
1816038224,344
1816038237,344
4158000323,345
1816959492,345
1828402755,346
1828402756,346
1832248440,347
2576893628,347
1938819280,348
9684083979,348
1678452780,348
1939632512,349
108418,349
4826555773,349
1939632510,349
1953096696,350
2632476618,350
7796554012,350
2632476590,350
1990694635,351
1990694647,351
3130435826,352
1990694638,352
2480657188,353
2135411293,353
6431923714,354
6431923715,354
5471345385,354
9693974377,354
308837357,354
2146369238,354
9161061783,354
9846850972,354
9846850973,354
9846850974,354
2146369240,355
5468301601,355
10607626,355
6332545601,356
9030284967,356
3093894066,356
2254629351,356
2665239972,357
6509684093,357
2665239973,358
2665239975,358
2665239976,358
2665239977,358
2665239978,358
9684083981,358
3691462888,359
9804685203,359
9804685204,359
2755124949,359
9804685206,359
9804685205,359
2872704413,360
3706494694,360
2914561217,361
5924603457,361
5924603458,361
5924603460,361
5924603459,361
5924611312,361
5924603444,361
5924603445,361
5924603446,361
5924603447,361
5924603449,361
8500636794,361
5924603452,361
5924603453,361
5924603454,361
5924603455,361
2935324281,362
288193455,362
4992781181,363
2990721391,363
3197339674,364
3197339676,364
3247825561,365
3247825562,365
3741131606,365
4938216620,366
3267461735,366
3272782432,367
1547013738,367
3272782429,367
3272782446,367
3644748769,368
3519288132,368
4430996024,369
4155841820,369
3632581622,369
9693628389,370
3741117629,370
9693628390,370
3892081362,371
3892081363,371
5788363874,372
4208239651,372
4208239642,372
9201323561,372
4462680076,372
9201323322,372
5374181585,372
6606148797,372
3972566714,372
6606148798,372
5899711453,372
5899711454,372
4072083342,373
4072083343,373
4166662881,374
8620105277,374
4169836445,374
8675201264,375
7911282822,375
1556097326,375
4169714270,375
8026335686,376
4174200046,376
5609643672,377
4197055203,377
5609643675,377
4316306163,378
4316306164,378
1137777341,378
4370333637,379
4370333638,379
4370333643,379
4370333627,379
4370333629,379
4401149224,380
4401149225,380
4401149228,380
5927671120,380
5927671155,380
4879371168,381
4879371165,381
4421008566,381
4665352264,382
4665352262,382
4675822097,383
4675822100,383
4697525032,384
26374229,384
4697525030,384
8497605091,385
4777885221,385
9135848928,386
4777885222,386
1707790074,387
4822267107,387
4827019220,388
835390894,388
4866475736,389
4866475731,389
4866475733,389
4942595236,390
9781435149,390
5177352922,391
5177352923,391
5177352932,391
5177352933,391
9733914457,392
5253290694,392
25496750,393
5265840063,393
5609643673,394
5609643674,394
1366095187,395
6369329172,395
9024139129,396
6369361794,396
6369361795,396
6369361789,396
6645346885,397
6711365597,397
6967585840,398
7824747297,398
302013777,399
6969936105,399
6969936106,399
7572833353,400
7572833350,400
7911282827,401
4169714271,401
7620895976,402
7926686249,402
7926686252,402
1587330970,403
8783914189,403
8604055550,403
8869040027,404
8869040028,404
9691082176,405
4872502280,405
