node_id,cluster_id
6866516260,0
2453947051,0
4211515660,0
8787384683,0
1832666032,0
1637578546,0
8787692633,0
8787692634,0
104315,0
1236791552,1
4076126468,1
9805219989,1
25509527,1
25509533,1
1236791459,1
9856119617,1
7946372933,1
7946372934,1
7946372935,1
7946372936,1
7946372937,1
7946372938,1
7946372939,1
7946372940,1
7946372941,1
7946372942,1
9197589455,1
9197589454,1
9197589457,1
5516594509,1
1596648673,1
4076126448,1
3817308659,1
3817308660,1
104318,1
6369329153,2
373364225,2
25504769,2
373364228,2
6369329161,2
6369329162,2
6369329163,2
3518967818,2
6369329164,2
6369329166,2
6369329167,2
6369329169,2
1311962130,2
7926506525,2
7926506526,2
7926506527,2
7926506529,2
7926506530,2
7926506531,2
7926506532,2
319984684,2
2398924845,2
24951856,2
5475684917,2
1311962169,2
9310662202,2
1678452795,2
1678452796,2
1311962182,2
2387213899,2
441958990,2
441958992,2
1215563870,2
4870281310,2
18468962,2
1215563878,2
1215563895,2
107641,2
107646,2
107647,2
373364868,2
373364870,2
373364874,2
3965024397,2
373364878,2
3965024398,2
3965024399,2
973158035,2
107687,2
4922952362,2
1707790029,2
1054045407,2
1311961826,2
1707790052,2
1707790062,2
8868824843,2
1054045453,2
1163954964,2
5006978853,2
8868824870,2
8868824871,2
5006978855,2
5006978856,2
5006978857,2
5973627687,2
3816097104,2
8336028507,2
8336028508,2
8336028509,2
8336028510,2
25500517,2
1835356021,2
1771426165,2
4860803960,2
1649365881,2
4860803961,2
1268892541,2
9024139134,2
9024139135,2
104320,2
9024139136,2
9024139138,2
9024139137,2
2466445190,2
1311961991,2
9024139143,2
9024139144,2
9024139145,2
9024139147,2
9024139148,2
9024139146,2
1311962013,2
20965794,2
20965796,2
20965797,2
20965803,2
1163955130,2
7223709662,2
7223709664,2
1311962082,2
7223709668,2
7223709669,2
3644748774,2
1311962089,2
7223728617,2
2466442731,2
9856119641,3
104321,3
268997562,3
104322,4
1718233922,4
8869435268,4
1718233957,4
1718328198,4
1718233994,4
5046005790,4
7553887409,4
2140227862,4
1771426166,4
25161368,4
7553887415,4
7836155866,4
7836164763,4
7836164764,4
1771426173,4
1684511838,4
8438226815,4
104323,5
8429795032,5
295977520,5
4167762776,5
8429795033,5
8429795034,5
8429795035,5
107584,6
3847023130,6
251892950,6
107585,7
27460259,7
1312471271,7
4864083785,7
1493722804,7
1312471222,7
6218501751,7
1312471193,7
1312188768,8
107586,8
8043350341,8
8318757606,8
8318757605,8
4835109000,8
255678213,8
1312188619,8
9808795601,8
4726152850,8
8043350325,8
4726152854,8
4726152857,8
1678245252,9
4835109001,9
1312454038,9
1312454068,9
1782717878,9
4430996023,9
30056255,9
3247932481,9
4688513218,9
107587,9
9694087364,9
9694087365,9
8976060358,9
3247932486,9
9694087363,9
3816097108,9
4688513237,9
30056277,9
3816097109,9
3816097110,9
9781190366,9
9781190367,9
9781190368,9
3381130086,9
3381130087,9
109415,9
3381130089,9
3381130090,9
3381130091,9
3381130092,9
25248120,9
2203268985,9
25248122,9
25248123,9
25248124,9
3381130493,9
1365887500,10
2218344498,10
2218344501,10
2218344503,10
2218344505,10
2218344508,10
2218344509,10
2218344510,10
2218344511,10
107588,10
2218344516,10
2218344518,10
2218344522,10
2218340965,10
2218364541,10
2218364543,10
1497452171,10
2961557,10
9710332576,10
9710332577,10
3715515059,10
4866807989,10
5218862786,10
4866705606,10
7223326407,10
7223326408,10
7223326409,10
7223326410,10
7223326411,10
9021504716,10
7223326413,10
7223326414,10
1939558646,10
1939558647,10
1939558648,10
7223365368,10
1939558650,10
7223365371,10
1939558651,10
1939558649,10
7223365370,10
7223365372,10
1939558655,10
1939558657,10
24659709,10
1939558659,10
1939558660,10
1939558661,10
1939558663,10
1939558664,10
1939558666,10
1939558667,10
1939558671,10
1939558672,10
1939558673,10
1939558674,10
2538458898,10
1939558677,10
1939558678,10
1939558681,10
2195965722,10
1939558684,10
1046391070,10
1939558687,10
3139705121,10
2793904931,10
1939558697,10
1939558700,10
1939558701,10
9021535020,10
1939558704,10
8579522887,10
5925584203,10
5925584204,10
3816097106,10
3816097107,10
24950101,10
24950104,10
357999964,10
4866976610,10
4866976611,10
4866976613,10
4866976614,10
109416,10
4866976617,10
25248112,10
25248115,10
8869435258,10
25248127,10
25248128,10
9030155653,10
8807431560,10
1312264600,10
2387224474,10
2387224475,10
2218362306,10
2218362310,10
2218362314,10
2218362316,10
2218362321,10
1312188886,10
2218362332,10
1733389278,10
2218362336,10
2218362849,10
1731216865,10
212916714,10
5473274866,10
4866784251,10
5269678593,11
5977954180,11
9673091207,11
9673091208,11
9673091213,11
9673091214,11
3850146457,11
3987750684,11
3987750685,11
3987750686,11
3987750687,11
3987750688,11
3987750692,11
9673189925,11
9673189926,11
6110164649,11
6110164650,11
7900888377,11
107602,11
6110191188,11
7644741351,11
7900888437,11
5816743941,12
5816743942,12
5816743945,12
5816743947,12
5816743949,12
5816743950,12
8429945617,12
8429945618,12
4136137525,12
2203888698,12
25475770,12
5816744255,12
1689605567,12
5816744257,12
8429934918,12
107606,12
585199079,12
28418921,12
9693971447,12
1505332730,12
2364384488,13
8030470473,13
585124778,13
1951242858,13
1951242860,13
2364378222,13
2364371185,13
2364379602,13
2364379603,13
2364379604,13
2364379605,13
107613,13
107614,13
1864047135,13
25475328,14
1990912129,14
9700060292,14
4872502279,14
9690878344,14
9632417162,14
9632417163,14
9683581480,14
3385332654,14
9683686963,14
3733791671,14
1155552319,14
1137777343,14
8030470464,14
8030470469,14
7638732490,14
7638732491,14
25475417,14
4832472797,14
9135845214,14
680069471,14
107615,14
8579240311,14
9135845216,14
9135848931,14
9135845213,14
1951242856,14
1951242857,14
1990912106,14
1951242859,14
2364384492,14
2364384490,14
680069483,14
2364387947,14
9135848938,14
9135848937,14
2364371186,14
1990912115,14
8579240307,14
8579240309,14
8579240310,14
8579240308,14
8579240312,14
8579240313,14
8579240314,14
1312454055,15
8807410152,15
5925584201,15
107626,15
8807410154,15
25532475,15
25532464,15
4072083345,15
8390582613,15
259252667,15
1312454045,15
4077593104,16
5473273373,16
5473273376,16
7745051680,16
7926686250,16
385311796,16
6985395258,16
5473273425,16
1678227031,16
5238587992,16
5473273433,16
5238587994,16
5473273435,16
329983075,16
107627,16
107628,16
5049840242,16
5049840243,16
5049840245,16
5049840248,16
2961549,16
1569216662,16
25161377,16
25161378,16
25161379,16
4867087535,16
3153656028,16
3153656030,16
1951616231,16
1951616232,16
1951616234,16
1951616236,16
1951616261,16
2378843909,16
1951616263,16
1951616268,16
1951616270,16
1951616276,16
1951616278,16
6463234329,16
1951616283,16
1951616284,16
1951616287,16
1951616291,16
1951616292,16
1951616295,16
1951616297,16
4077599543,16
4077599545,16
9027328314,16
9027328313,16
1951616319,16
5141354328,16
5141354329,16
5141354330,16
5141354331,16
5141354332,16
1312453981,16
5141354333,16
24950113,16
24950114,16
385311590,16
5227220846,16
8807431535,16
8807431541,16
1782714747,16
8807431548,16
8807431550,16
6369361790,16
6369361792,16
1678226827,16
4072083344,16
5065949596,16
5065949598,16
1678226846,16
4748394420,16
25532377,16
25532384,16
1678226917,16
8807410158,16
8785024497,16
1312454029,17
1312454031,17
3887941013,17
2059790748,17
25532576,17
6458938017,17
1312454058,17
1312454061,17
25544110,17
5340811829,17
5340811830,17
25265077,17
25265079,17
4085783099,17
1418752708,17
5340811717,17
1312454090,17
4166634955,17
7911243856,17
1418752721,17
7911243857,17
4166634962,17
763372884,17
7911243861,17
7911243858,17
7911243863,17
9413430622,17
1312453999,17
107632,17
8753664977,18
107634,18
7223298253,18
25161361,18
5141625696,19
4729628192,19
9856119650,19
6369361796,19
6369361797,19
5141625702,19
5141625703,19
25067400,19
7223298252,19
7223298254,19
3644785104,19
107637,19
5141625621,19
5141625623,19
5141625625,19
6369361788,19
5141625630,19
6369361791,19
9856119648,20
107638,20
25505673,21
25504779,21
25161365,21
8807441176,21
3656358065,21
4866653236,21
1311961910,21
7926554423,21
4866651959,21
7926554424,21
4866651962,21
4866651963,21
4866651966,21
7926554430,21
4866651968,21
4866651969,21
7926554431,21
5046447437,21
1938819288,21
1938819301,21
25066470,21
1938819306,21
1938819313,21
2012969971,21
4866623226,21
107643,21
5207476609,22
5207476610,22
5207476611,22
5207476613,22
5055364614,22
5207476615,22
4627445257,22
5207476617,22
5207476619,22
4627445261,22
9684083982,22
9684083983,22
9684083984,22
107667,22
9684083987,22
9684083988,22
9684083992,22
9684083993,22
9684083995,22
5207477021,22
7066617760,22
473265708,22
4627491642,22
4627491643,22
5207476606,22
1828402769,22
1828402771,22
3813810132,22
3813810133,22
1828402774,22
3696548438,22
4627445213,22
4627445215,22
4627445216,22
4627445217,22
1938819299,22
1938819302,22
1938819304,22
1938819316,22
9754527740,22
9754527741,22
9754527742,22
5207476607,22
9754527744,23
9754527745,23
5055364608,23
5055364611,23
5055364612,23
5055364610,23
3265436678,23
3265436680,23
3265436686,23
3265436688,23
8620105233,23
8620105234,23
1678452753,23
8620105236,23
3265436692,23
3265436695,23
8620105240,23
8620105242,23
8620105243,23
8620105244,23
268124704,23
9754453026,23
9754453027,23
9754453028,23
9754453029,23
9754453030,23
9754453031,23
9754453032,23
9754453033,23
8620105259,23
8620105265,23
8620105268,23
8620105269,23
8620105270,23
5177397821,23
5177397822,23
5177397823,23
5177397825,23
5177397827,23
5177397828,23
5177397829,23
5177397830,23
5177397832,23
5177397835,23
4150883407,23
107668,23
1239549084,23
2360684188,23
367100073,23
1617532073,23
5177397419,23
5177397420,23
419632303,23
419632306,23
419632307,23
1214922421,23
3972566710,23
4077627063,23
1617532088,23
368044217,23
1214922426,23
1617532090,23
490946748,23
1214922429,23
1617532087,23
1707790023,23
367077584,23
2775635677,23
4034060007,23
4650375402,23
4034060012,23
4034060015,23
4034060017,23
4034060018,23
2265065203,23
2360681713,23
2265065207,23
419632906,23
2140432704,23
9781311297,23
108864,23
4859246418,23
237911,23
6951230826,23
1955520879,23
1813794712,23
268124583,23
8620272571,23
473266627,23
2775653836,23
5177410511,23
455705562,23
864817628,23
2360685543,23
9754527743,23
747893184,24
1236791297,24
7610670913,24
107684,24
7610670919,24
25503880,24
1726730281,24
7617755274,24
7617755275,24
7610670921,24
4378043789,24
957122446,24
25503885,24
1236791506,24
4378043283,24
10572178,24
4072476959,24
8785484288,25
1938819344,25
4072476960,25
4630855202,25
4630855203,25
4630855204,25
107685,25
4630855205,25
4729448871,25
107686,25
107688,25
1236791344,25
1726730303,25
25471681,25
8373690833,25
8373690834,25
8373690835,25
8373690836,25
8373690837,25
8373690838,25
8373690839,25
8373690840,25
8373690841,25
1726730329,25
8373690842,25
7613626073,25
7613626070,25
25503841,25
7617785701,25
25503848,25
7617785710,25
8373752817,25
7617785714,25
1726730354,25
4530339698,25
4530339700,25
4530339702,25
4530339699,25
4530339701,25
6293128709,26
21583366,26
4017328647,26
7223695324,26
9756243981,26
9756243982,26
9756243983,26
9756243984,26
9756243985,26
9756243986,26
3518995475,26
4689775124,26
4689775126,26
8785484312,26
1810130457,26
8785484313,26
8785484315,26
8785484316,26
8785484314,26
2293833760,26
2293833763,26
6863550501,26
1419565097,26
25496622,26
6863550510,26
1148276284,26
5006063170,26
5006063171,26
5006063172,26
5006063173,26
5006063175,26
5006063176,26
5006063177,26
5006063178,26
5006063179,26
5006063180,26
6840965712,26
5006063186,26
21563479,26
21563481,26
9756278362,26
9756278363,26
26374236,26
9756278364,26
9024076384,26
9024076385,26
21563489,26
25475182,26
5736692334,26
21563508,26
32921720,26
7223712382,26
2294047369,26
5880188045,26
5880188046,26
761831060,26
4156336279,26
8785567902,26
8263157412,26
8263157413,26
8263157414,26
8263157415,26
8263157416,26
7271474856,26
107690,26
7271474855,26
107692,26
8785503917,26
8785503918,26
8785503919,26
8785503920,26
107693,26
4691514032,26
4530270906,26
4530270908,26
3972566716,26
4530270913,26
1782712524,26
3519005409,26
4822267109,26
1020211942,26
4691460851,26
1236791555,26
25475331,26
1707790085,26
8263166217,26
8263166218,26
8263166219,26
1617596686,26
1707790096,26
1782730512,26
1617596704,26
3519013665,26
1617596711,26
1617596714,26
7223668011,26
7223668012,26
7183962432,26
9781311296,26
9856119621,26
1617647945,26
3497472337,26
7223704403,26
237908,26
4764884821,26
8373651315,26
8373651316,26
5006065037,26
5006065038,26
21563791,26
5006065040,26
5006065041,26
5006065039,26
2586616722,26
4719617974,26
33141178,26
8373690817,26
8373690818,26
8373690819,26
8373690820,26
8373690824,26
8373690825,26
8373690826,26
8373690827,26
8373690828,26
8373690829,26
8373690830,26
8373690831,26
5880186827,26
5880186828,26
8373690832,26
1148276186,26
269589467,26
8373690844,26
8373690843,26
8373690845,26
8373690846,26
3497461727,26
7223695327,26
7223695323,26
7223695326,26
8785568228,26
8373623781,26
321255919,26
5119652864,27
5119652865,27
9781435146,27
2458273291,27
1953202962,27
2453941139,27
6279388821,27
6279388822,27
6279388823,27
6279388824,27
26678169,27
26678168,27
26678171,27
26678166,27
26678167,27
2458257570,27
8975700259,27
2458257573,27
8975700261,27
5265953450,27
5265953451,27
5265953452,27
1364161197,27
2458257578,27
5265953455,27
2458301100,27
5265953457,27
5265953454,27
5265953459,27
2458260532,27
25495858,27
2458256449,27
8645592521,27
1364172237,27
1832129873,27
1832129878,27
1953202903,27
25495640,27
21578459,27
25495646,27
6724775011,27
6724775012,27
108389,27
6724775013,27
6724775014,27
6724775015,27
6724775017,27
6724775018,27
6724775016,27
1832248428,27
108390,27
1364168178,27
1364168180,27
2458303223,27
5119652857,27
2458307450,27
5119652862,27
5119652863,27
25495698,28
108391,28
4297054053,29
1601832328,29
6828863691,29
6828863692,29
6828863693,29
6828863694,29
6828863695,29
6828863696,29
6828863697,29
6828863698,29
9576827481,29
9804578356,29
25475674,29
108406,29
6525671279,29
1363483801,29
9576827482,29
2632464416,30
6525670240,30
390073160,30
1125619161,30
2632476621,30
25632684,30
5973397966,30
10606709,30
108409,30
2632476639,30
2632464413,30
2632431807,30
108420,31
9030284989,31
9030284990,31
4193151464,32
108835,32
4305986091,33
5905893978,33
7620902731,33
108837,33
264824452,34
9684083978,34
3267461759,34
3876713343,34
1678452760,34
20955164,34
1678452770,34
4085767971,34
4085767974,34
4085767978,34
4938216619,34
4085767980,34
4085767983,34
367091632,34
4085767989,34
4085767992,34
2265048377,34
4085767993,34
3267461693,34
3267461696,34
2265050050,34
108867,34
1828402758,34
1828402759,34
262078536,34
3267461710,34
2620105428,34
3267461721,34
9729684314,34
3267461728,34
3267461729,34
3267461737,34
3267461742,34
3267461747,34
3267461752,34
3267461756,34
1536948605,34
3267461758,34
9684083967,34
4211515621,35
108903,35
245200970,35
1830276654,35
4211515569,35
663363473,35
4211515891,35
8256049397,35
8256049399,35
25497347,36
9820523913,36
9820523914,36
9820523915,36
9820523916,36
9161061776,36
9693963678,36
9693963679,36
9693963680,36
9693963681,36
9693963682,36
9693963683,36
9820538017,36
9820538018,36
1326821542,36
9820538019,36
9820538016,36
710657963,36
9820538028,36
4571238064,36
7947041713,36
4571238067,36
4571238068,36
1938953403,36
1938953406,36
1326821568,36
9820537921,36
9820537922,36
1938953413,36
1938953414,36
1938953417,36
9820537934,36
1326821457,36
1601797458,36
25470166,36
1938953430,36
1938953431,36
1326821593,36
1938953433,36
109403,36
1326821465,36
9820523869,36
9820523870,36
9820523871,36
9820523872,36
1938953432,36
1938953437,36
25497340,36
21990633,36
21990634,36
108393,36
21990637,36
21990638,36
1326821487,36
422573549,36
1326821489,36
1326821624,36
25497596,36
25497599,36
25509513,37
470727954,37
1938819346,37
1938819348,37
1938819350,37
1938819351,37
25509526,37
5207487900,37
25481504,37
6988528038,37
6988528039,37
9694031532,37
9201323575,37
894485202,37
109408,37
109410,37
1236791535,37
9197589363,37
9197589238,37
1536948618,38
109411,38
1536948487,38
1536948474,39
1852996875,39
109412,39
1536948578,39
9694072864,40
109414,40
30078473,40
5334625292,40
7797731341,40
7797731342,40
7797731343,40
7797731340,40
5334625293,40
1566269623,40
4077599544,40
2793874522,40
9030029183,40
109728,41
5931509715,41
1536948608,42
6509584413,42
109734,42
2504822135,42
7824803494,43
7824803495,43
109737,43
9072449309,43
24952269,43
7824803501,43
4166634957,43
5104314264,43
1536948541,43
1951372959,43
5840176866,44
5201625566,44
1722621630,44
4220613456,44
109746,44
9681020156,44
9681020157,44
2941549918,44
109766,45
1042862726,45
302013673,45
302013676,45
7911297486,45
302013678,45
1042862492,45
9856119640,46
373402354,46
109780,46
9856119634,46
9514602150,47
9514602151,47
9514602152,47
9514602153,47
109785,47
4077495951,48
1832129813,48
4077495957,48
1810130458,48
4077495964,48
338474269,48
1832129823,48
4077495971,48
4077495854,48
4077495855,48
4077495858,48
4077495862,48
4077495867,48
9781311295,48
4077495872,48
4530195657,48
4077495883,48
109815,48
109816,48
109818,49
8975700266,49
3644748770,49
4823246342,50
2036125649,50
6864015603,50
1141415219,50
2036125657,50
110143,50
1233327202,51
21990626,51
1787108646,51
1787108647,51
1787108648,51
1787108649,51
1787108650,51
7636180236,51
7636180237,51
9710304460,51
7636180241,51
7636180242,51
1782716888,51
110238,51
4530012702,52
6261920914,52
282708,52
4316306166,52
4530012699,52
1536039932,52
6866779806,52
4530012703,52
2632464415,53
25438732,53
282719,53
4835108995,54
2961540,54
1951616325,54
24661273,54
8807431546,54
2195965723,54
24950109,54
8807431551,54
3215687074,55
5227220835,55
2961891,55
1312454086,55
9856119628,55
1678452792,56
10572172,56
25503845,57
9693982149,57
25503851,57
7617785713,57
10572179,57
5207487897,57
367106464,58
388455682,58
4240028580,58
4643337035,58
10572180,58
25471732,58
1236791478,58
25471733,58
25471734,58
4630855193,58
25503862,58
4650375357,58
1938953377,59
9856119619,59
1985084100,59
350437608,59
10572779,59
1816038230,59
25495770,59
10572785,60
8972511963,60
25496748,60
8972441127,60
8785568224,61
10572786,61
7847748059,61
1985084095,61
1326821504,62
2466449296,62
20460691,62
6369329158,62
2466449286,62
2466449288,62
8989843465,62
2466449287,62
1326821513,62
2466449289,62
2466449290,62
20460686,62
1326821515,62
2466449293,62
20460681,62
2466449295,62
2466449294,62
20460692,62
20460690,62
20460694,62
10607127,62
10607128,62
2466449297,62
3722411669,62
4807796633,62
20460695,62
20460696,62
20460697,62
9693865890,62
1326821539,62
1326821541,62
25632677,62
5041784501,62
1813618358,62
1326821557,62
372978232,62
5041784633,62
1326821559,62
1596655163,62
1326821566,62
256766529,62
1326821569,62
8868824899,62
372978120,62
1326821577,62
1326821579,62
2466456399,62
2466456400,62
2466456401,62
2466456402,62
1939632526,62
2466456404,62
1366095189,62
2466456403,62
2466456405,62
2466456406,62
2466456407,62
1081508186,62
2466456409,62
5353604060,62
2466456408,62
1326821471,62
1326821524,62
1326821613,62
1326821525,62
1081508209,62
1326821490,62
632447859,62
2466449291,62
372050299,62
1326821502,62
9808795609,63
2632430342,63
2480657190,63
1954751914,63
1954751916,63
1954751918,63
4530057817,63
25497968,63
5060405461,63
10607129,63
9808795610,63
2466456411,63
2466456412,63
2466456413,63
2466456414,63
9808795605,64
10607133,64
2632431806,64
5470932256,65
10607629,65
7947057586,65
5468301555,65
2146369237,65
5470932252,65
5470932253,65
5470932255,65
8784159562,66
6467134930,66
6467134931,66
8784181688,66
10676799,66
2902624645,67
18393873,67
6985373980,67
6985373982,67
6985373983,67
6985373984,67
1312264610,67
1721713699,67
1312188714,67
1312264618,67
21307200,67
9030121410,67
1782718791,67
1782718792,67
9856119635,67
6985379285,67
6985379286,67
9042027865,67
2406484452,67
1350430181,67
2406484454,67
2406484455,67
9030155749,67
2406484453,67
9030155753,67
2406484460,67
9042053624,67
10677374,67
1312264577,68
1311961985,68
794039687,68
9042133642,68
5043864464,68
28800661,68
28800662,68
1782724124,68
316763548,68
1782724125,68
250550174,68
1401908258,68
1311962043,68
1312264648,68
1312264524,68
1684511955,68
7836155864,68
7836155865,68
7836155867,68
7836155868,68
7836155870,68
1718328435,68
10677375,68
10677376,69
7657257518,69
2297373047,69
10677377,70
2387220933,70
7082240198,70
3517719434,70
1401416203,70
8318797234,70
8318797235,70
8318797237,70
212927414,70
25248118,70
25069046,70
2642857212,70
8975529088,71
4462680067,71
9203541381,71
1832248457,71
1832248458,71
9781435147,71
5374174224,71
14672924,71
1832129958,71
5374174120,71
7203717550,71
5374183741,71
5374183742,71
25151180,71
5573931377,71
5573931385,71
8975529082,71
8975529083,71
8975529084,71
8975529085,71
8975529086,71
529722111,71
268997560,72
18382242,72
7553887392,72
470729237,73
8785441943,73
8785441944,73
18395811,73
4729448869,73
5976853817,73
2215139515,73
3474115148,73
3816097103,73
2140420434,73
1938819289,73
1938819290,73
1938819292,73
1938819293,73
1938819294,73
1938819296,73
1725360097,73
1655418222,73
4401156476,73
250550400,74
1939632514,74
4992781189,74
1939632519,74
973101839,74
9042120207,74
2387242386,74
8869472274,74
3870640530,74
3870640547,74
3870640548,74
2387240745,74
2387240747,74
1326821561,74
18398282,74
1312335310,74
1326821460,74
1326821592,74
5238500312,74
5238500313,74
914822492,74
9042037853,74
2387245025,74
873684193,74
2387245026,74
2387245027,74
2387245029,74
9030155757,74
9030155758,74
8869472239,74
9030155759,74
9030155760,74
9030155762,74
1326821619,74
8869472247,74
4826555769,74
4992781180,74
5609638014,74
1938819328,75
2387207425,75
1938819330,75
1938819331,75
2387207426,75
8336028513,75
8336028514,75
25161351,75
1938819336,75
1938819335,75
1311962122,75
25161352,75
2387194123,75
8336028515,75
2387194126,75
2387194127,75
8336028516,75
2387194128,75
2387194131,75
2387194133,75
25161366,75
2387207421,75
2387212189,75
1311962016,75
1401926435,75
2387194148,75
2387194149,75
2387194150,75
1782728999,75
9021498664,75
1360122924,75
2387194156,75
2387194157,75
6739026230,75
1678155318,75
1938819325,75
1782725824,75
2387209415,75
9021504714,75
9021504715,75
7836155869,75
9781190365,75
18468958,75
8336028511,75
8336028512,75
18468961,75
6369390690,75
6369390691,75
6369390692,75
6369390693,75
6369390694,75
6369390695,75
6369390696,75
6369390697,75
6369390698,75
6369390699,75
6369390700,75
6369390701,75
6369390702,75
1938819317,75
6369401334,75
1938819319,75
1938819320,75
2387207417,75
2387207418,75
9024139132,75
9024139133,75
1938819326,75
2387207423,75
18469130,76
9856119638,76
2642878568,77
2642878569,77
18469132,77
9856119637,77
4835108998,78
4835108999,78
1571298192,78
1312188692,78
9710348827,78
9710348828,78
20458273,78
20458275,78
2003007012,78
20458277,78
250325411,78
3334162601,78
2490721964,78
1312188845,78
4618510643,78
1312188731,78
1312188988,78
250327100,78
8868194757,78
9710304459,78
8868001103,78
8868001104,78
9856119632,78
250549587,78
7926563545,78
8868194778,78
21990624,78
21990625,78
2934268020,78
2990780037,79
2990780039,79
20460680,79
2990806410,79
2990806411,79
2990806413,79
2990806415,79
2990806416,79
968499092,79
968499093,79
4246525220,79
4246525223,79
316763559,79
316763561,79
316763563,79
1758554286,79
8975833904,79
8975833905,79
6978563378,79
6978563379,79
6978563380,79
1758554291,79
6978563382,79
6978563383,79
6978563384,79
8975833913,79
8975833912,79
8975833915,79
4682627259,79
8975833914,79
1758554294,79
1758554289,79
6978577985,79
4682627266,79
4682627265,79
256766532,79
1150003147,79
1150003532,79
9041828942,79
1759454163,79
1759454429,79
3763407460,79
5041784423,79
5067002867,79
6978531575,79
6978555518,79
20460687,80
25497872,80
20460688,80
6506796188,80
20965804,80
4860825518,80
9693963701,80
9693963702,80
9693963703,80
9693963704,80
9693963705,80
9693963706,80
9693963707,80
1326821564,80
9693963708,80
255860415,80
1813618497,80
435104715,80
435104717,80
5238528591,80
1326821585,80
1326821596,80
5353604061,80
25497824,80
25497828,80
4369519204,80
25497829,80
4369519219,80
25497845,80
20625793,81
6301948477,81
5976760445,81
5976760446,81
5976760447,81
9694032608,82
9694032609,82
585200775,82
20625800,82
585200818,82
9694032606,82
9694032607,82
5189042552,83
20626282,83
8675201272,83
5189042551,83
7824803490,84
7824747299,84
7824803492,84
7824747301,84
1536948646,84
7824803493,84
4085778920,84
7824747306,84
5146186589,84
7824803500,84
1536948431,84
1536948529,84
20626301,84
5146186590,84
9856119647,84
3796814729,85
20626310,85
20626311,85
1536948612,86
25505670,86
20626312,86
20626315,86
1536948631,86
1536948517,86
7572522534,86
7572522540,86
1536948652,86
7572522547,86
1536948536,86
1572551227,86
2504847039,86
7572522566,86
4866475730,86
4866475737,86
7572522585,86
1852996954,86
25264998,86
7572522492,86
7572522513,87
20626316,87
7572522511,87
1360122886,88
1236791433,88
20955158,88
9805219991,88
9805219992,88
9805219993,88
9805219994,88
1360122917,88
4076095791,88
1609966653,88
9856119620,88
9197322310,88
9197326420,88
3519872213,88
4076095834,88
1360122845,88
1360122856,88
21685484,88
1360122861,88
1360122873,88
2398924896,89
6369329154,89
20965798,89
20965799,89
6369329160,89
20965800,89
4428887946,89
2398924843,89
25500427,89
6369329165,89
1782729295,89
1782729296,89
6369329171,89
1326821587,89
2398924853,89
2398924855,89
104319,89
2398924898,90
9781311298,90
20965801,90
7946378607,90
7946378608,90
9310682079,90
2398924893,90
2398924863,90
4369519227,91
20965805,91
20965806,91
21307201,92
1312264546,92
1755265415,92
21990631,92
873809385,92
5042033643,92
9042025325,92
21307202,93
1755265444,93
5041945479,93
250550024,93
5041945481,93
250550023,93
2990721389,93
8869464398,93
1755265428,93
1755265432,93
1343823418,93
28800670,93
4661317536,94
3328228993,94
3328228994,94
3328228996,94
3328228998,94
25524297,94
5177397418,94
21392267,94
3328229004,94
1617596593,94
4663309171,94
4661317524,94
4663312695,94
4663312696,94
4663312697,94
4663312698,94
21392273,95
3972566713,95
4859246420,95
21392276,96
9856119623,96
6828927809,97
6828931875,97
1148249927,97
6828921209,97
1832227886,97
25495824,97
21392278,97
1707790105,97
6828921210,97
6828921211,97
5603454625,98
5603454626,98
6606135979,98
21392279,98
21523714,99
21523715,99
3145798533,99
4726152840,99
4726152844,99
4726152847,99
4726152848,99
3215685153,99
1312471208,99
5342236733,99
9694087358,99
9694087362,99
4864083784,99
6465896909,99
4195103055,99
6218501713,99
6218501715,99
6218501717,99
471488469,99
6470264535,99
6470264536,99
4688513241,99
1678283238,99
1678283242,99
6218501740,99
1678283244,99
1678283247,99
6218501746,99
7797330549,99
6218501757,99
5335233120,100
2934288514,100
250324965,100
21523718,100
5165786239,100
21523719,100
8042022825,100
5573991659,100
5573991660,100
4138224462,100
5335233113,100
1014649631,100
5009060057,100
5335233114,100
2934288509,100
5335233119,100
1617596646,101
21563503,101
1617596627,101
1617596659,101
1617596669,101
9659603285,102
21578454,102
9748953621,103
21578461,103
4331121754,104
21685481,104
21685483,104
1837610895,104
1360122929,104
25500530,104
1360122933,104
1163955034,104
4331121755,104
269547420,104
4370333648,105
21685485,105
4462683090,106
21686572,106
21686574,107
4462680070,107
3515286914,108
3515286915,108
3515286916,108
5565466183,108
1493676622,108
1493676623,108
28728208,108
25477106,108
21990614,108
1771453860,109
1711679434,109
9375170320,109
9375170321,109
9375170322,109
9375170323,109
9375170324,109
9375170325,109
9375170326,109
28728187,109
21990620,109
4556931602,110
4556931604,110
21990622,110
21990627,111
475396924,111
8672066581,111
7636180239,111
8923643490,112
21990628,112
9030155750,112
9030155754,112
1719422038,112
9856119639,112
8923643489,113
21990629,113
5875062472,113
9808795604,113
9042053623,113
5565443389,113
9693628386,114
250327618,114
5565443397,114
21990630,114
250327591,114
1326821544,114
9030155755,114
9030155756,114
8868010287,114
9808795603,114
5565443390,114
21990632,115
9030155751,115
1718566880,115
5141625698,116
25161360,116
1569241808,116
24659764,116
7906964247,116
7906964248,116
7906964249,116
7906964250,116
7906964251,116
24659907,117
24659947,117
24949780,117
1311961990,117
9693920801,118
9693920794,118
9693920795,118
9693920797,118
24660863,118
1312453954,119
1556260235,119
24661966,119
25544111,119
1312453966,119
1556260241,119
1312454066,119
25544112,119
1312454100,119
24662037,119
1312453915,119
24950048,120
5095547180,120
5095547184,120
24950005,120
24950013,120
2389802904,121
24950050,121
2389802901,121
2279592862,121
24950064,122
5218844445,122
5218844446,122
5227220848,123
24950065,123
5227220845,123
8869435257,124
8869435266,124
7567588716,124
24950093,124
8807429664,125
2387226304,125
2387226307,125
2387226309,125
2387226311,125
2387226313,125
9691082671,125
24950097,125
9024139130,125
1951616327,126
8807431559,126
5095547321,126
24950102,126
24950105,126
25248113,127
25248114,127
24950107,127
9030155654,127
9693920802,128
9693920803,128
24950110,128
24950111,128
24950112,129
25248126,129
9856119649,130
5141216754,130
24950115,130
25161363,130
1721678995,131
316763501,131
24950117,131
24951853,132
4922952373,132
9693760971,133
24951854,133
5046314041,133
5046314042,133
5046314043,133
25632860,133
24952195,134
2528522503,134
2528522507,134
2528522518,134
1556324759,134
2528522528,134
6985465124,134
6985465125,134
6985465129,134
6985465130,134
2528522542,134
6985465145,134
1556324793,134
9694091972,134
9694091973,134
1556324683,134
1556324684,134
25278669,134
25278670,134
3385387604,134
3385387605,134
3385387606,134
3385387607,134
4117882851,134
4117882852,134
4117882856,134
4117882857,134
4117882860,134
24952267,135
6166157035,135
25066338,136
25066412,136
8807429665,137
5090420610,137
3517985666,137
5090420964,137
25161348,137
5090420614,137
5090420940,137
25066419,137
9024139131,137
8807429660,137
5090420958,137
5090420959,137
25066450,138
1717650794,138
25066451,138
25066453,138
5047029678,139
25066461,139
25066462,139
25066684,140
1536948581,140
1852997088,141
25066784,141
25066694,141
25066696,141
25161353,141
4866591373,141
4866591374,141
4866591375,141
4866591376,141
3816097105,141
3233714196,141
3233714198,141
9856119645,141
3233714192,142
3233714193,142
3233714194,142
3233714195,142
3233714197,142
25067068,142
25067264,143
25067265,143
2566132609,143
1569382119,143
1569382170,143
1569382174,143
2504822145,144
25067266,144
25067267,144
1852996996,144
2504822137,144
2504822139,144
6509584414,144
25067304,145
2566132610,145
2566132611,145
9753609738,146
9753609739,146
9753609740,146
9753609741,146
9753609742,146
9753609743,146
9753609744,146
9753609745,146
9680972178,146
9680972177,146
9680972185,146
25161373,146
7824747295,146
7824747298,146
7824747300,146
7824747302,146
7824747303,146
7824747304,146
7824747305,146
25067307,146
7824747308,146
7824747307,146
6967585841,146
6967585842,146
1827389620,146
1782727992,146
700774224,146
25067324,147
5141876996,147
5141877239,147
25067395,148
25067396,148
25067397,148
5146186470,148
950703625,148
950703626,148
5146186463,148
5146186489,148
25067326,148
1726783391,148
9856119646,149
25067427,149
25067398,149
1951616322,150
5104314275,150
25067461,150
25067463,150
25067469,150
25067470,150
5104314255,150
5104314256,150
5104314384,150
25067473,150
25067476,150
1186508405,150
5104314353,151
25067727,151
1569343756,151
25067479,151
25067636,152
1569343909,152
25067558,152
25067728,153
5104314096,153
5104314098,153
5104314325,153
25067670,153
1569343576,153
1569312412,154
25067933,154
25067871,154
1569343523,155
5141216745,155
25067883,155
5141216790,155
1569216650,156
25067914,156
25067920,156
7911231380,156
1722621718,156
7911231384,156
1569216123,156
25161375,156
5141228834,156
1569216316,156
4085783105,156
1569216326,156
6446292570,156
1951616226,156
5141216740,156
5141216741,156
7911267687,156
7911267688,156
7911267690,156
7911267692,156
7911267694,156
7911267695,156
7911267696,156
9659831673,156
9659831674,156
9659831675,156
25265023,156
25067936,157
5141216746,157
5141216782,157
25067935,157
25071090,158
25071131,158
25161345,159
1771426172,159
7836164765,159
5087519104,160
25161347,160
5090420965,160
5247857728,161
9691101411,161
9691101412,161
25161357,161
2387194158,161
5141877019,161
1569343577,162
25161362,162
9856119651,162
9042026424,163
25161371,163
9856119636,163
6032044867,164
6032044868,164
25161380,164
25161381,164
25161383,164
8318797236,165
25248117,165
7636163631,165
25248125,166
1211381855,166
4077579334,167
7911267686,167
473258249,167
1727515754,167
7911267693,167
473258639,167
25265075,167
25265078,167
763372886,167
1938819329,168
25504129,168
1938819340,168
4383369519,168
4383369553,168
25470781,168
25470784,169
4379801334,169
25470783,169
25471736,170
25503860,170
7271474849,171
321255907,171
25472324,171
4675821925,172
4675821932,172
762080111,172
4675821944,172
25472379,172
25472545,173
4665353645,173
1617596591,173
8373728533,173
25472566,173
25473048,173
1617596607,173
1882379274,174
1882379248,174
1882379285,174
4425001783,174
25472760,174
25472763,174
3247578846,174
4823246341,175
4425001781,175
4425001782,175
25472767,175
7447716112,176
25472789,176
9161061774,176
25472800,177
4571194090,177
4571194091,177
1954751920,177
2036125650,177
2940401398,177
6014339453,177
1684835105,178
1684835107,178
3739048019,178
3739048020,178
3739048021,178
25472885,178
25472890,179
1617647934,179
4675822095,179
1311962080,180
9042129985,180
9042129986,180
1401893666,180
1311961868,180
1215563885,180
25473199,180
25473200,180
25473204,180
25473205,180
1215563897,180
6871422362,180
6871422364,180
1759454078,180
25473203,181
5067002855,181
1759454118,182
1759454122,182
25473206,182
25473207,182
1759454104,182
1366095190,182
1759454106,182
5041784634,182
6871422365,182
9683585635,183
4085387943,183
4085387945,183
7246486955,183
4136124524,183
4136124526,183
4078858000,183
4078858001,183
585127354,183
585148380,183
6265654109,183
25473279,183
869968536,184
25473281,184
697037343,185
5905807278,185
8579276917,185
9694104278,185
25474005,185
25474015,185
9694091974,186
9694091975,186
9694091976,186
9694091977,186
9694091978,186
6149398571,186
9694091981,186
25475053,186
9694091983,186
9694091982,186
1312471255,186
1312471228,186
25475072,187
1547657104,187
7236131861,187
7236131862,187
7236131864,187
7236131865,187
9690769059,187
277337783,187
6332695637,187
6332695638,187
9135848919,187
9135848920,187
9135848921,187
9135848922,187
9135848923,187
9135848924,187
9135848925,187
6332695639,187
585180151,187
1233350889,188
9856119626,188
9856119627,188
283061836,188
3231501611,188
1233350862,188
4166967089,188
675734610,188
675734613,188
25475419,188
675734622,188
25475561,189
9690878337,189
1312471265,190
9699953505,190
1312471202,190
9690974276,190
9690974277,190
9690974275,190
4920098343,190
6266867112,190
6266867113,190
6266867114,190
6266867111,190
4920098342,190
25475661,190
9690974278,190
1312471252,190
1312471223,190
9699944538,190
1312471196,190
4715264000,191
6014302222,191
6014302223,191
6014302226,191
6014302227,191
6014302228,191
1312932894,191
8064065316,191
4136137529,191
9690915259,191
9690915263,191
9690915264,191
9690915265,191
9690915267,191
9690915268,191
9690915271,191
9690915273,191
9690915274,191
9690915275,191
25475663,191
25475664,191
4167762778,191
4529881970,191
8429945717,191
6696695781,192
8784000965,192
25475678,192
6696695783,192
25475688,193
25475690,193
25499095,193
25499104,194
25475691,194
4297212128,195
4297212129,195
25475692,195
4298970368,196
4298970380,196
4298970384,196
4297243295,196
4297212194,196
4297243298,196
4158004390,196
4297212204,196
4297212084,196
25475767,196
355416911,196
4297242961,196
4297212114,196
4297243218,196
4297212119,196
355416920,196
748797145,196
25475693,196
1913216493,196
4298970364,196
9823138208,197
9823138209,197
1326821607,197
1326821594,197
25475694,197
25475695,197
25475696,197
25475697,197
4297211186,197
4297211187,197
25475698,197
435104726,197
435104728,197
355416921,197
1326821466,197
9823138206,197
6273056647,198
6273056648,198
6239229422,198
6239229423,198
435104721,198
25475699,198
1326821620,198
9693963699,198
6272993491,198
6272993492,198
25475754,199
1816777875,199
1493229962,199
4920098349,200
5931509720,200
5931509721,200
25476124,200
25476127,200
5006764037,201
5006764038,201
5006764039,201
5006764040,201
1312188689,201
1312188945,201
1312189073,201
1312188696,201
25477149,201
25477150,201
25477151,201
25477152,201
25477153,201
26067234,201
1312189091,201
1954751908,201
26067236,201
26067238,201
26067235,201
25477154,201
3320743081,201
26067239,201
25477156,201
1312188843,201
26067237,201
1312188858,201
9693935550,201
1312188735,201
9693935551,201
109760,201
1312188994,201
1312188614,201
1312188622,201
1312189013,201
1312188760,201
3892081372,201
1312319838,201
3741078112,201
7644884069,201
1312188774,201
3093894065,202
3093897988,202
25477197,202
2402557839,202
249558409,203
1042862477,203
6304787860,203
6304787861,203
3735886877,203
3858880674,203
3858880675,203
3858880676,203
3858880677,203
7815143465,203
3673602988,203
3673602993,203
25477300,203
25477301,203
5929540796,203
5925628361,203
57786953,203
9808795598,203
9808795599,203
1042862673,203
9766629717,203
25477335,203
25477339,203
9027367517,203
9027367518,203
9027340515,203
9027340516,203
2935373159,203
1042862696,203
2935373161,203
25477228,203
2935324280,203
9203578106,203
9203578107,203
25477258,204
347541973,204
28419328,205
3550836102,205
3528738439,205
3528738440,205
5257738379,205
251757452,205
5257738381,205
2934411661,205
5257738384,205
251757458,205
5257738387,205
2934411667,205
5257738389,205
5257738390,205
6280047277,205
6280047278,205
6280047280,205
5160943793,205
5160943794,205
5160943797,205
5160943803,205
9375078973,205
5160943806,205
5160943807,205
9375078975,205
9375078974,205
1039290562,205
4144358216,205
4144358217,205
9808795600,205
9375100241,205
1039290578,205
9375100242,205
9808795602,205
1039290584,205
1039290586,205
251757533,205
1771458655,205
1771458658,205
27351282,205
27351284,205
1939632504,205
25477371,205
249679102,205
806373533,206
25477774,206
819157946,207
25477858,207
4556931603,207
3661703766,207
1938953379,208
1832052008,208
338472562,208
25495543,208
1832227893,208
25495542,208
338472567,208
1832129783,208
25495617,209
25495618,209
25495769,209
25495695,209
25495697,210
9856119622,210
25495808,211
1832227968,211
2453941147,211
343669798,211
1364169899,211
1832228016,211
1953202907,211
25495807,211
1834657467,212
25495820,212
1834657469,212
6354294763,212
4275394254,213
25495822,213
447887921,213
350437528,213
5899738713,213
5736847361,214
5736847362,214
5736847363,214
5736847364,214
25495852,214
470727776,215
749947393,215
25496100,215
749947402,215
25495854,215
25495855,215
350629203,215
269584410,215
317930380,216
4211515637,216
4211515622,216
25496775,216
1816038211,217
25496783,217
25496786,218
25496787,218
1985084135,218
2453947049,219
8787384684,219
8787384685,219
8787384686,219
4211515634,219
25496792,219
4211515644,219
4211515645,219
25496800,220
1816038233,220
323260106,220
1816038214,220
25496821,221
5060391417,221
25496820,221
321255925,221
1832129795,222
4077495820,222
4077495821,222
6407948172,222
25496847,222
25496848,222
25496849,222
25496850,222
5504212623,222
4730978978,222
4730978981,222
4730978982,222
1684437690,222
1684437692,222
1655214934,222
25497563,222
25497564,222
1655214955,222
6124650606,222
1832129778,222
4076126707,222
1832129789,222
25496857,223
4730978984,223
9161061779,223
9804471701,223
25496854,223
5948183671,223
9804471702,223
1938953399,223
25496855,223
9203537438,223
9203537439,223
9690974272,224
9690974274,224
25497222,224
4920098344,224
1312471216,224
9690974263,224
9690974264,224
9690974265,224
9690974266,224
25497603,225
9856119625,225
1547657140,225
9694104279,225
9694104280,225
1312471226,225
9804653408,226
6369329156,226
25497611,226
25497612,226
1813618227,226
1813618228,226
1813618229,226
1813618230,226
4870281309,226
9804653406,226
9693963689,227
7075087298,227
25497619,227
7075087297,227
2135411308,228
5711517565,228
5457908028,228
25499655,228
4378043682,229
25500246,229
367104392,230
5114681227,230
9024139149,230
5114681230,230
25504143,230
25504144,230
9024139150,230
7607080091,230
3497483291,230
1726730162,230
1726730165,230
1678452797,230
1678452799,230
1678452802,230
1726730307,230
2387213896,230
8785457867,230
2387213902,230
2387213904,230
8336028504,230
8336028505,230
4328443355,230
25577057,230
2140421219,230
2140421220,230
2140421222,230
2140421223,230
2140421224,230
1793420652,230
25500535,230
7607077372,230
25504145,231
25504146,231
25504148,231
1835355916,232
1793420660,232
25504149,232
1707790044,232
4232015838,232
25504770,233
367105858,233
25504755,233
367105859,234
1268892466,234
1268892467,234
25504756,234
4089226784,235
4085767970,235
9684083971,235
419350723,235
9684083975,235
9684083976,235
9684083977,235
4089236235,235
4089236236,235
419350669,235
25504760,235
6509584408,235
4962956931,236
9611081868,236
25505677,236
9691102358,236
25505561,236
9691102362,236
1828402760,236
1828402765,236
1938819282,236
1938819283,236
1938819284,236
1938819285,236
1938819286,236
25505622,236
25505624,236
25505629,236
3704225375,236
3704225376,236
3704225379,236
3704225380,236
107644,236
25505585,237
25505679,237
25505593,238
25505630,238
7572833379,239
7572833380,239
25505607,239
25505618,240
25505643,240
1828402762,240
419347200,241
419347201,241
419347202,241
419347203,241
1268900644,241
1268892338,241
1268900660,241
2919962038,241
354935735,241
2919962039,241
2919962041,241
2919962042,241
2919962043,241
2919962040,241
2919962044,241
473262779,241
2919962045,241
2919962046,241
3267461709,241
3816097102,241
5976850023,241
5976850024,241
25505648,241
3267461749,241
7610670710,241
419347194,241
419347195,241
419347196,241
419347197,241
419347198,241
419347199,241
1828402763,242
1828402764,242
2142508727,242
25505662,242
25505695,242
1852996856,243
25505685,243
1852996734,243
2343269909,244
9201323564,244
25509525,244
8785024515,245
8807410150,245
8807410151,245
1556097320,245
1547013710,245
25532494,245
9856119631,245
1547013554,245
1547013589,245
1547013719,245
1556097048,246
25532542,246
4826448085,247
25632678,247
5711517571,248
2632430340,248
25632774,248
275180300,248
9161061775,248
2331184927,248
2331184929,248
2331184930,248
2331184931,248
2331184932,248
2331184934,248
2331184935,248
2632464427,248
25632683,248
1723388979,248
1954751924,248
1723388985,248
469759942,248
446765895,248
4703542482,248
4703542483,248
9808795606,248
9808795607,248
9808795608,248
6525670234,248
6525670235,248
6525670236,248
6525670237,248
6525670238,248
2135411294,248
2135411296,248
2135411297,248
6525670242,248
6525670241,248
4571940314,248
2632488435,248
3076574323,248
9804774392,248
6369329152,249
1215563875,249
9781311299,249
25632858,249
316763590,249
1215563879,249
1081508200,249
7553887498,249
316763595,249
9310662201,249
7553887509,249
1215563894,249
25632855,249
25632856,249
25632857,249
9855343702,249
1771426174,249
1215563903,249
316763600,250
316763586,250
25632859,250
9856119643,251
3519879307,251
25632862,251
25632864,252
25632865,252
1215563905,252
1215563890,252
244128953,252
25632863,252
25634199,253
2632486641,253
2632486645,253
3586606038,253
3586606039,253
2632486646,253
5306194265,253
367114771,254
27458331,254
1312453919,254
2967343648,254
1312454048,254
2967343649,254
5931501991,254
27458353,254
1547013692,254
1312453950,254
1547013698,254
5342236740,254
9710359368,254
5335245256,254
3708234964,254
471488472,254
1312454114,254
471488484,254
1550763620,254
1547013743,254
367121266,254
1312454015,254
9703794688,255
9080098305,255
9080098306,255
9080098307,255
9080098308,255
1014803714,255
1014803718,255
3528738438,255
9080098312,255
9080098313,255
9080098309,255
3528738434,255
1014803721,255
3528711693,255
9080098314,255
3876429831,255
3528710290,255
2934411668,255
9030037142,255
1014803736,255
255051289,255
6995618979,255
2935392676,255
3858880678,255
3528711722,255
6280047275,255
27459116,255
27459120,255
27459638,255
5160943798,255
9694087360,255
28418497,255
472493763,255
9703794689,255
9703794690,255
302013776,255
3073173585,255
27459165,255
9080123618,255
9080123619,255
9080123622,255
6969936109,255
6969936112,255
1939632502,255
2914561272,255
9703794686,255
9703794687,255
9693974851,256
9703794692,256
9703794693,256
9703794691,256
9080123623,256
4054356842,256
27460210,256
5517519002,256
429346236,256
27459198,256
9694087361,257
21523716,257
27460198,257
1014649672,257
3247933387,257
27459830,257
6995618971,257
9694087359,257
28418880,258
27459905,258
1312471267,258
429346243,258
4534184516,258
742399752,258
1312471210,258
4629462859,258
429346253,258
1312471217,258
1312471197,258
1312471190,258
9693971449,258
9693971450,258
9693971451,258
9693971452,258
28418877,258
28418879,258
27459969,259
27459970,259
5165786242,259
2934288513,259
8515091589,259
5165786245,259
2934288517,259
27459971,259
2934288518,259
2934288523,259
2934288530,259
1043001378,259
3906588452,259
4430996033,259
1043001410,259
3247933381,259
1043001422,259
1043001423,259
27459945,259
27459951,259
27459959,259
6218501753,259
27459966,259
27460250,260
7487734942,260
4054356847,260
2969439040,261
1233350848,261
2612458246,261
9080123624,261
9080123627,261
27460439,261
5904585328,261
377490677,261
2872699894,261
3220254039,261
1042862785,262
7911297478,262
302013672,262
302013674,262
302013675,262
7815533548,262
7815533546,262
6345441358,262
7911297487,262
3486459762,262
3486459764,262
3486459765,262
249558966,262
347539416,262
27480956,262
7815143559,263
347541965,263
3486459766,263
7911297463,263
7815143581,263
3735889430,263
347542743,263
27480957,263
27480960,264
27480961,264
9678821156,264
9678821159,264
9678821160,264
9678821161,264
3486459769,264
28193265,265
3170676207,265
3892081378,266
4344245894,266
1014803686,266
7817162929,266
1014803702,266
1014803704,266
3894948093,266
28418138,266
3894948091,266
3892081373,266
2140124996,267
249679365,267
7797338599,267
7797338600,267
1014803691,267
302013681,267
4244498866,267
302013682,267
28418141,267
28418144,268
4344245892,268
4344245893,268
9693910743,268
3984132034,269
3984132035,269
3984132037,269
302013708,269
4422013486,269
28418929,269
4244498867,269
4244498868,269
28728210,270
7191329811,270
2990651905,271
1755708646,271
1755708647,271
1755708648,271
1758552521,271
1758552522,271
2990664881,271
28800660,271
973128725,271
9693929369,271
1755708737,272
1755708738,272
1755708739,272
9693903657,272
28800664,272
1755708730,272
1755708732,272
5565443391,272
2990651920,273
2990651921,273
28800666,273
5041945508,273
5046314073,274
5046314090,274
28800671,274
28800672,275
9856119642,275
8869435290,275
5247852872,276
316763513,276
5046314091,276
5046314092,276
316763500,276
28800689,276
5224630617,276
9693730842,276
5046314077,276
5046005758,276
3847023131,277
30056310,277
1547392865,278
5580861156,278
8579233861,278
8579233862,278
707377287,278
30056330,278
6600283121,278
4619022514,278
1547393045,278
1547013754,278
3830043581,278
1238259337,279
4530011788,279
6261920913,279
4530012690,279
6261920915,279
4530012691,279
4530012692,279
4530012694,279
4530012695,279
4530012696,279
4530012700,279
4530012701,279
3499567135,279
4530012704,279
1771453217,279
1771453218,279
7805198627,279
4729385030,279
4729385031,279
9808795596,279
59526352,279
1731225566,279
1150003423,279
249470452,279
3741131608,280
149431715,280
347335859,281
8868010205,281
213668839,281
250549699,282
250549700,282
8868010279,282
8868010280,282
8868010281,282
8868010218,282
213668842,282
213668844,282
8868010221,282
8868010202,282
1685272862,282
1719422032,283
213670986,283
2642878644,284
213672005,284
7900221088,285
249560091,285
9021491075,285
7900221087,285
4116809027,286
4116809028,286
249679343,286
250325410,287
3787645606,287
3787645607,287
3787645608,287
3787645609,287
3787645610,287
5492419692,287
250326914,288
1401416208,288
8868010162,288
250327159,288
8868010171,288
250327037,289
1310663631,289
9693628387,290
9693628388,290
347335878,290
2642612586,290
250327576,290
7151566952,291
250327660,291
338319877,291
1312188704,292
1312189057,292
354886082,292
1312188741,292
250549670,292
1312189098,292
1312188722,292
1312188883,292
1312188660,292
1312188694,292
1312188824,292
1312188955,292
1312188797,292
251892353,293
251892475,293
5925626141,293
5925626142,293
3930921860,294
3708234957,294
4230027057,294
251892564,294
843376599,294
4378043667,295
269547419,295
4378043661,295
4378043662,295
9051462722,296
2112030873,296
4823243100,296
6855696495,296
6855696497,296
6855696498,296
6855696500,296
627985397,296
275179893,296
275179767,296
6855696504,296
6855696502,296
2112030869,296
291951643,296
6855696503,296
283062189,297
690295047,297
316763545,298
5046005745,298
5046005743,298
316763584,299
5046627553,299
1215563891,299
5046627645,299
6108171363,300
8975700260,300
343669791,300
1145174402,301
4571241384,301
9820538031,301
355416887,301
355416890,301
355416892,301
3257317059,301
9820537936,301
9820537937,301
9820537940,301
9820537941,301
9820537942,301
9820537943,301
9820537944,301
9820537946,301
1165343843,301
4729480806,301
4729480807,301
4729480808,301
4571244658,301
4571244659,301
4571244663,301
2612458244,302
9690975243,302
9690975244,302
9690975245,302
1312932879,302
3987750677,302
4210859292,302
6110164641,302
6110164647,302
6110164659,302
6110164660,302
4534184507,302
1233350847,302
1312932832,302
7644741345,302
7644741346,302
9703827555,302
377490664,302
9080123628,302
1312932849,302
9693971465,303
4230595026,303
377494060,303
27331469,303
473264641,304
390341443,304
4627445258,304
4627445259,304
4627445260,304
4627445240,304
4627445241,304
429346241,305
9703794694,305
9703794695,305
9703794696,305
9703794697,305
9693971464,305
4223357836,305
3987750679,305
9693971448,306
429346251,306
435104736,307
435104732,307
435104735,307
1723340842,308
435104742,308
7918978033,309
438170475,309
1547013711,310
471488499,310
4847781268,310
1493722803,310
1550763764,310
473219610,311
8814668141,311
5104314222,311
25161386,312
473258827,312
3644748773,312
473264457,313
1268903266,313
585129712,314
1312471258,314
1561411396,315
585201189,315
8579276918,315
4462680068,316
7840712839,316
4462680078,316
1360122901,316
595709975,316
5573994014,316
5573994016,316
5573994017,316
5573994019,316
5603454628,316
5603454627,316
1360122919,316
1360122925,316
1938953395,316
1360122937,316
6329690691,316
8975645638,316
8975645640,316
8975645641,316
4512763348,316
1360122841,316
5460658138,316
1360122860,316
5839156209,316
1360122866,316
1360122871,316
8869472240,317
632438506,317
20460684,317
4992781175,317
3068267824,318
670103313,318
690295042,319
9690878341,319
5122737222,319
9690878343,319
4715264001,320
4715264002,320
4715264004,320
722208263,320
4715263992,320
4136137530,320
6327615074,321
6327615075,321
748885412,321
6327615076,321
4658088585,321
4650375504,321
1707790067,321
4658088539,321
1955520890,321
3972566715,321
819132568,322
748941508,322
1684781470,322
748941552,323
748941546,323
4195111363,323
4195111355,324
748941556,324
4661317153,325
4661317155,325
1617647919,325
761831000,325
761830938,325
1617647901,325
761831039,325
2496836226,326
2496836231,326
1255490314,326
1150003513,326
806373565,326
811035012,327
5905897286,327
6446218921,327
6446218922,327
1556097034,327
1556097387,327
1556097139,327
1556097111,327
1556097271,327
1556097147,327
1556097215,327
875789647,328
25473201,328
1311961947,328
1311962012,328
1311962111,328
914822496,329
914822508,329
5927671121,329
5927671156,329
9030155767,329
1755708768,330
1758552678,330
1758552682,330
2990717003,330
1759454351,330
973128722,330
1755708765,330
1755708766,330
1125619075,331
2632488445,331
7223326412,332
4835108997,332
1144619335,332
1150003155,333
9808795611,333
4826555768,334
1150003195,334
25632870,334
1150003224,335
1150003170,335
1150003270,336
1684835245,336
1309067472,336
1493658224,336
1685281076,336
1150003472,337
25473202,337
9042129984,337
9042129983,337
1150003480,338
1150003547,338
5565487612,338
4682627264,339
1150003571,339
256766533,339
6978563381,339
8429225386,340
8429706219,340
6110191186,340
8429774517,340
4167762777,340
4167762779,340
3855607516,340
1237883773,340
1238249904,341
7900221108,341
1736734053,341
2140125056,341
1312188679,342
1280491924,342
1280491926,342
2402557599,342
2387232555,342
2387232556,342
2387232557,342
2387232559,342
2387232561,342
2387232563,342
3741117630,342
1722268367,342
9856119633,342
1722268381,342
1722268384,342
1722268388,342
5492419693,342
5565455857,342
5565455858,342
8236052983,342
8236052987,342
8236052988,342
8236052990,342
8236052991,342
2624005734,343
4807521484,343
1309067471,343
3741131600,343
7636278193,343
4826555772,343
9030155763,343
7636244312,343
7636278195,343
7636278196,343
7636278198,343
1723315608,343
7636244313,343
7636244314,343
9042037852,343
9781190369,344
1312188821,344
3499500263,344
1547013760,345
1547013601,345
8785024514,345
1312453936,345
1312453879,345
3272782433,346
1312454087,346
25532332,346
1312453996,346
3272712566,346
25496910,347
1312471189,347
9690974262,347
1312471231,348
1312471191,348
1319881922,349
4730978979,349
1319881924,349
4730978983,349
25496851,349
256766531,350
3739049348,350
1326821480,350
2387242385,350
4826555770,350
1353133536,351
4643336966,351
4643336968,351
4643336979,351
1353133533,351
1547013592,352
1547013588,352
1547013724,352
1547013574,352
1547013621,353
1547013694,353
1547013567,353
4402629177,354
4402594986,354
1547013655,354
8807410149,355
1547013672,355
1547013705,355
9856119630,355
1547013688,355
1547013699,356
1550763732,356
1547013704,357
1547013653,357
9694096799,357
1547393025,358
1547392771,358
1547392848,358
1547392818,358
1547392914,358
1547392951,358
1547392728,358
1547392764,358
1547392894,358
1547392927,358
6218468163,359
1550763749,359
9704122321,359
4847781269,359
1550763708,359
1556097153,360
1556097448,360
1556097227,360
5905896973,360
1556097166,360
1556097177,360
1556097178,360
1556097051,360
1556097185,361
1556097368,361
24952196,361
1951372935,361
4085404136,361
1556097321,361
1556097098,361
1556097163,361
4777897927,361
4777897928,361
1556097137,361
4018000435,361
1951372915,361
1556097080,361
1556097118,361
1951372927,361
1556097136,362
6918421512,362
6918421504,362
6918421503,362
1556097337,363
1556097148,363
1556097217,364
1951372930,364
1556097092,364
4085404135,364
1561071656,364
1556097353,364
1561071655,364
1561071632,364
1556097431,364
1556097306,364
1556097245,365
5189042550,365
1951372909,365
5976760443,366
1556324659,366
1571298195,367
20458276,367
1571298141,367
1590088452,368
1561071644,368
9805219990,369
1596648671,369
1599652497,370
5504771250,370
1599652492,370
4697288390,371
5146127859,371
367102039,371
1617596505,371
4696545402,371
1617596616,372
1617596615,372
1617647898,373
1617647900,373
8373728532,373
1617647903,373
1617647928,374
1617647931,374
1617647924,374
1617647944,375
8373728530,375
25475332,375
1678452786,376
3474115151,376
7610670751,376
7610670876,377
1678452788,377
1678452789,377
7610670892,377
7610670826,378
7610670830,378
7610670771,378
1678452790,378
7610670780,378
7610670781,378
7610670906,379
1678452791,379
1678452793,380
7607077361,380
1684835042,381
1684835138,381
1684835110,381
8868809321,381
1684835019,381
6014333809,381
1684835121,381
1684835093,381
1684835030,381
1684835062,381
1684835097,381
1707790024,382
4658088777,382
1707790055,383
1707790057,383
4650375309,383
1707790063,383
1707790064,383
4650375508,383
3197333544,384
7191329809,384
1711679380,384
250549835,385
1718566997,385
1718567007,385
9804685199,386
9804685200,386
9804685201,386
9804685202,386
1723388986,386
7620895974,387
25161384,387
1727515734,387
110274,388
6369329155,388
6369329159,388
4076095242,388
25497613,388
6369329170,388
4076095253,388
1813618231,388
1813618232,388
1813618234,388
3320947996,388
4076095262,388
5014591889,389
1816038239,389
1816038199,389
1816038224,390
1816038237,390
4158000323,391
1816959492,391
1832248440,392
2576893628,392
3704225378,393
4085778923,393
1938819279,393
9684101713,393
4085778934,393
4143767990,393
1938819280,394
9684083979,394
1678452780,394
1939632512,395
4826555773,395
1939632510,395
1953096696,396
2632476618,396
7796554012,396
2632476590,396
1990694635,397
1990694647,397
3130435826,398
1990694638,398
2480657188,399
2135411293,399
6431923714,400
6431923715,400
5471345385,400
9693974377,400
308837357,400
2146369238,400
9161061783,400
9846850972,400
9846850973,400
9846850974,400
2146369240,401
5468301601,401
10607626,401
6332545601,402
9030284967,402
3093894066,402
2254629351,402
3265436260,403
2341656968,403
4697287178,403
1828408303,403
8620082704,403
4696568114,403
4696544885,403
6327557047,403
6327557048,403
4166662878,403
6868293535,403
4749090120,404
2402557597,404
3093897991,404
2665239972,405
6509684093,405
2665239976,406
2665239973,406
2665239975,406
2665239977,407
2665239978,407
9684083981,407
9804685203,408
9804685204,408
2755124949,408
9804685206,408
9804685205,408
2872704413,409
3706494694,409
2914561217,410
5924603457,410
5924603458,410
5924603460,410
5924603459,410
5924611312,410
5924603444,410
5924603445,410
5924603446,410
5924603447,410
5924603449,410
8500636794,410
5924603452,410
5924603453,410
5924603454,410
5924603455,410
2935324281,411
288193455,411
4992781181,412
2990721391,412
3197339674,413
3197339676,413
3247825561,414
3247825562,414
3741131606,414
3272782432,415
1547013738,415
3272782429,415
3272782446,415
3644748769,416
3519288132,416
4430996024,417
4155841820,417
3632581622,417
9693628389,418
3741117629,418
9693628390,418
3892081362,419
3892081363,419
5788363874,420
4208239651,420
4208239642,420
9201323561,420
4462680076,420
5374181585,420
3972566714,420
5899711453,420
5899711454,420
25067803,421
4085783103,421
4166662881,422
8620105277,422
4169836445,422
8675201264,423
7911282822,423
1556097326,423
4169714270,423
8026335686,424
4174200046,424
5609643672,425
4197055203,425
5609643675,425
4316306163,426
4316306164,426
1137777341,426
5342251136,427
4329502449,427
5177397824,428
8755805313,428
4367041960,428
4367041962,428
9691076056,428
4370333637,429
4370333638,429
4370333643,429
4370333627,429
4370333629,429
4401149224,430
5927671120,430
4401149225,431
5927671155,431
4401149228,431
7636278191,432
7636278194,432
4401149234,432
7636278197,432
7636278201,432
4826555771,432
4879371168,433
4879371165,433
4421008566,433
4429088632,434
25496785,434
8972511965,434
5265830862,434
4665352264,435
4665352262,435
4675822097,436
4675822100,436
4697525032,437
26374229,437
4697525030,437
8497605091,438
4777885221,438
9135848928,439
4777885222,439
1707790074,440
4822267107,440
4827019220,441
835390894,441
4859246419,442
2140506294,442
4866475736,443
4866475731,443
4866475733,443
4942595236,444
9781435149,444
5177352922,445
5177352923,445
5177352932,445
5177352933,445
5198585557,446
5198585559,446
9733914457,447
5253290694,447
25496750,448
5265840063,448
5609643673,449
5609643674,449
1366095187,450
6369329172,450
9024139129,451
6369361794,451
6369361795,451
6369361789,451
4077495826,452
6407948171,452
9201323322,453
6606148797,453
6606148798,453
6645346885,454
6711365597,454
6967585840,455
7824747297,455
302013777,456
6969936105,456
6969936106,456
6978555522,457
4682627263,457
9693963696,458
9693963697,458
9693963698,458
7075087299,458
7572833353,459
7572833350,459
7636278200,460
25477148,460
7636278199,460
7911282827,461
4169714271,461
7620895976,462
7926686249,462
7926686252,462
1587330970,463
8783914189,463
8604055550,463
8784212017,464
4826555767,464
8869040027,465
8869040028,465
9042041320,466
9042041321,466
28800667,466
9691082176,467
4872502280,467
