node_id,cluster_id
6866516260,0
2453947051,0
4211515660,0
8787384683,0
1832666032,0
1637578546,0
8787692633,0
8787692634,0
104315,0
1236791552,1
4076126468,1
1816959492,1
9781435148,1
9805219989,1
25509527,1
25509533,1
1236791459,1
9856119617,1
4158000323,1
7946372933,1
7946372934,1
7946372935,1
7946372936,1
7946372937,1
7946372938,1
7946372939,1
7946372940,1
7946372941,1
7946372942,1
9197589455,1
9197589454,1
9197589457,1
5516594509,1
3644748768,1
1596648673,1
4076126448,1
3817308659,1
3817308660,1
104318,1
6369329152,2
6369329153,2
373364225,2
25504769,2
373364228,2
1236791297,2
6369329161,2
6369329162,2
6369329163,2
6369329164,2
3518967818,2
6369329166,2
6369329167,2
1311962122,2
6369329169,2
1311962130,2
25577057,2
3497483291,2
7926506525,2
7926506526,2
7926506527,2
7926506529,2
7926506530,2
7926506531,2
7926506532,2
1726730281,2
319984684,2
2398924845,2
1360122924,2
24951856,2
1678452788,2
5475684917,2
1678155318,2
367104392,2
1678452791,2
9310662201,2
9310662202,2
1311962169,2
1678452795,2
1678452796,2
1678452797,2
1678452799,2
1678452793,2
1678452802,2
1726730307,2
1311962182,2
2387213896,2
2387213899,2
1678452789,2
441958990,2
2387213902,2
441958992,2
2387213904,2
9855343702,2
25632855,2
25632856,2
25632857,2
25632858,2
25632862,2
4870281310,2
1215563870,2
18468958,2
18468962,2
1215563875,2
6369390691,2
6369390692,2
1215563878,2
1215563879,2
18468966,2
2140421222,2
6369390698,2
6369390696,2
6369390700,2
6369390701,2
6369390693,2
6369390694,2
6369390695,2
6369390697,2
6369390699,2
1215563891,2
6369390702,2
1215563894,2
1215563895,2
107641,2
107646,2
107647,2
1215563903,2
5342251136,2
18468961,2
373364868,2
373364870,2
25161351,2
25161352,2
25503880,2
373364874,2
3519879307,2
7617755275,2
3965024397,2
373364878,2
3965024398,2
3965024399,2
25503885,2
7617755274,2
973158035,2
25161366,2
7607080091,2
107684,2
107687,2
4922952362,2
1782725824,2
2387209415,2
9021504714,2
8785457867,2
9021504715,2
1707790029,2
1236791506,2
9781190365,2
1054045407,2
5046627553,2
1311961826,2
1707790052,2
1707790062,2
4329502449,2
1938819317,2
4379801334,2
1938819319,2
1938819320,2
2387207417,2
2387207418,2
2387207420,2
1938819325,2
1938819326,2
2387207421,2
1938819328,2
2387207425,2
1938819330,2
1938819331,2
2387207423,2
2387207426,2
1938819335,2
1938819336,2
7553887498,2
8868824843,2
2387194123,2
1054045453,2
2387194126,2
2387194127,2
2387194128,2
2387194131,2
1163954964,2
7553887509,2
2387194133,2
7610670876,2
4072476959,2
1401926435,2
2387194148,2
5006978853,2
8868824870,2
8868824871,2
5006978855,2
5006978856,2
5006978857,2
5973627687,2
1782728999,2
9021498664,2
2387194156,2
2387194157,2
7610670892,2
6739026230,2
7610670906,2
5046627645,2
25470783,2
25470784,2
7610670913,2
9781311299,2
2387194149,2
7610670919,2
2387194150,2
7610670921,2
3816097104,2
8336028504,2
8336028505,2
9856119643,2
8336028508,2
8336028509,2
8336028510,2
8336028507,2
8336028511,2
8336028512,2
8336028513,2
8336028515,2
8336028516,2
25500517,2
8336028514,2
1081508200,2
1793420652,2
6369390690,2
1835356021,2
1771426165,2
25500535,2
4860803960,2
4860803961,2
1649365881,2
9024139132,2
1268892541,2
1771426174,2
9024139134,2
104320,2
9024139135,2
9024139138,2
9024139136,2
9024139137,2
9024139133,2
2466445190,2
1311961991,2
9024139143,2
9024139144,2
9024139145,2
9024139147,2
9024139148,2
9024139146,2
9024139149,2
9024139150,2
25504143,2
5114681227,2
5114681230,2
25504144,2
957122446,2
4378043789,2
4378043283,2
10572178,2
1311962013,2
2387212189,2
1311962016,2
20965794,2
20965796,2
20965797,2
20965803,2
1726730162,2
1726730165,2
1163955130,2
316763584,2
747893184,2
316763590,2
316763595,2
25470928,2
2140421219,2
2140421220,2
4328443355,2
7836155869,2
7223709662,2
7223709664,2
1311962082,2
7223709668,2
7223709669,2
3644748774,2
2140421223,2
1311962089,2
7223728617,2
2466442731,2
2140421224,2
7607077361,2
6369401334,2
7607077372,2
104321,3
24951853,3
4922952373,3
5046314040,3
9856119641,3
268997562,3
25161345,4
104322,4
8869435268,4
1718328198,4
1718233994,4
2140227862,4
25161368,4
7836164763,4
7836164764,4
7836164765,4
5046005790,4
7553887409,4
7553887415,4
1718233922,4
7836155866,4
1684511838,4
1718233957,4
1771426166,4
1771426172,4
1771426173,4
8438226815,4
4167762779,5
104323,5
8429225386,5
8429706219,5
8429795032,5
295977520,5
6110191186,5
4167762777,5
8429774517,5
4167762776,5
8429795033,5
8429795034,5
8429795035,5
3855607516,5
1237883773,5
107584,6
30056310,6
251892950,6
3847023130,6
3847023131,6
21523714,7
21523715,7
1678245252,7
3145798533,7
4726152840,7
4835109001,7
4726152844,7
4726152847,7
4726152848,7
1312454038,7
1312471193,7
3381130086,7
3381130493,7
3215685153,7
27460259,7
1312471208,7
1493722804,7
1312454068,7
1312471222,7
4430996023,7
1782717878,7
5342236733,7
9694087358,7
30056255,7
107585,7
9694087362,7
9694087363,7
9694087364,7
9694087365,7
3247932486,7
107587,7
4864083784,7
4864083785,7
8976060358,7
4688513218,7
6465896909,7
4195103055,7
6218501713,7
6218501715,7
3816097108,7
6218501717,7
3816097110,7
6470264535,7
6470264536,7
4688513241,7
471488469,7
3816097109,7
4688513237,7
30056277,7
9781190366,7
109415,7
9781190367,7
9781190368,7
1678283238,7
1312471271,7
3381130087,7
3381130089,7
1678283242,7
3381130090,7
6218501740,7
1678283244,7
3381130092,7
1678283247,7
3381130091,7
3247932481,7
6218501746,7
7797330549,7
6218501751,7
25248120,7
2203268985,7
25248122,7
25248123,7
25248124,7
6218501757,7
1312188768,8
107586,8
8043350341,8
8318757606,8
8318757605,8
4835109000,8
255678213,8
1312188619,8
9808795601,8
4726152850,8
8043350325,8
4726152854,8
4726152857,8
1365887500,9
7657257518,9
2218344498,9
2218344501,9
2218344503,9
2218344505,9
2218344508,9
2218344509,9
2218344510,9
2218344511,9
107588,9
2218344516,9
2218344518,9
2218344522,9
2218340965,9
2218348156,9
2218364541,9
2218364543,9
10677376,9
1497452171,9
2961557,9
9710332576,9
9710332577,9
3715515059,9
4866807989,9
5218862786,9
4866705606,9
7223326407,9
7223326408,9
7223326409,9
7223326410,9
7223326411,9
9021504716,9
7223326413,9
7223326414,9
9781190369,9
3499500263,9
1939558646,9
1939558647,9
1939558648,9
7223365368,9
1939558650,9
7223365371,9
1939558651,9
1939558649,9
7223365370,9
7223365372,9
1939558655,9
1939558657,9
24659709,9
1939558659,9
1939558660,9
1939558661,9
1939558663,9
1939558664,9
1939558666,9
1939558667,9
1939558671,9
1939558672,9
1939558673,9
1939558674,9
2538458898,9
1939558677,9
1939558678,9
1939558681,9
2195965722,9
1939558684,9
1046391070,9
1939558687,9
3139705121,9
2793904931,9
1939558697,9
1939558700,9
1939558701,9
9021535020,9
1939558704,9
8579522887,9
1951616327,9
5925584203,9
5925584204,9
3816097106,9
3816097107,9
24950101,9
24950102,9
24950104,9
24950105,9
357999964,9
4866976610,9
4866976611,9
4866976613,9
4866976614,9
109416,9
4866976617,9
25248112,9
25248115,9
25248119,9
2297373047,9
8869435258,9
25248127,9
25248128,9
9030155653,9
8807431559,9
8807431560,9
1312188821,9
1312264600,9
2387224474,9
2387224475,9
5095547321,9
2218362306,9
2218362310,9
2218362314,9
2218362316,9
2218362321,9
1312188886,9
2218362332,9
1733389278,9
2218362336,9
2218362849,9
1731216865,9
212916714,9
5473274866,9
4866784251,9
5269678593,10
5977954180,10
2612458244,10
9673091207,10
9673091208,10
9690975243,10
9690975244,10
9690975245,10
9673091214,10
9673091213,10
1312932879,10
3987750677,10
3850146457,10
3987750684,10
3987750685,10
3987750686,10
3987750687,10
3987750688,10
6110164641,10
4210859292,10
3987750692,10
9673189925,10
9673189926,10
6110164647,10
6110164649,10
6110164650,10
6110164659,10
6110164660,10
7900888377,10
4534184507,10
1233350847,10
107602,10
6110191188,10
1312932832,10
7644741345,10
7644741346,10
9703827555,10
7644741351,10
377490664,10
9080123628,10
1312932849,10
7900888437,10
4715264000,11
4715264001,11
4715264002,11
4715264004,11
5816743941,11
5816743942,11
722208263,11
5816743945,11
5816743947,11
5816743949,11
5816743950,11
6014302223,11
6014302222,11
8429945617,11
8429945618,11
6014302226,11
6014302227,11
6014302228,11
4715263992,11
1312932894,11
109728,11
4164428578,11
8064065316,11
25476134,11
4136137525,11
4136137529,11
2203888698,11
25475770,11
9690915259,11
4136137530,11
1689605567,11
5816744255,11
5816744257,11
9690915265,11
9690915264,11
9690915263,11
9690915267,11
8429934918,11
9690915271,11
9690915268,11
9690915273,11
9690915274,11
429346251,11
9690915275,11
25475663,11
25475664,11
5931509715,11
107606,11
4167762778,11
1312471258,11
28418909,11
585199079,11
28418921,11
585129712,11
9816821617,11
4529881970,11
8429945717,11
9693971447,11
9693971448,11
1505332730,11
2364384488,12
8030470473,12
585124778,12
1951242858,12
1951242860,12
2364378222,12
2364371185,12
2364379602,12
2364379603,12
2364379604,12
2364379605,12
107613,12
107614,12
1864047135,12
25475328,13
1990912129,13
9700060292,13
4872502279,13
9690878344,13
9632417162,13
9632417163,13
9683581480,13
3385332654,13
9683686963,13
3733791671,13
1155552319,13
1137777343,13
8030470464,13
8030470469,13
7638732490,13
7638732491,13
25475417,13
4832472797,13
9135845214,13
680069471,13
107615,13
8579240311,13
9135845216,13
9135848931,13
9135845213,13
1951242856,13
1951242857,13
1990912106,13
1951242859,13
2364384492,13
2364384490,13
680069483,13
2364387947,13
9135848938,13
9135848937,13
2364371186,13
1990912115,13
8579240307,13
8579240309,13
8579240310,13
8579240308,13
8579240312,13
8579240313,13
8579240314,13
5141216782,14
4077593104,14
5141216790,14
5473273373,14
5473273376,14
7745051680,14
1569343523,14
7926686250,14
25532464,14
385311796,14
6985395258,14
25532475,14
5473273425,14
1678227031,14
5238587992,14
5473273433,14
5238587994,14
5473273435,14
1569343577,14
3272782433,14
329983075,14
107626,14
107627,14
107628,14
5049840242,14
5049840243,14
5049840245,14
5049840248,14
2961549,14
25161362,14
25161363,14
1569216662,14
25161377,14
25161378,14
25161379,14
4867087535,14
3153656028,14
3153656030,14
1951616231,14
1951616232,14
1951616234,14
1951616236,14
1951616261,14
2378843909,14
1951616263,14
1951616268,14
1951616270,14
1951616276,14
1951616278,14
6463234329,14
1951616283,14
1951616284,14
1951616287,14
1951616291,14
1951616292,14
1951616295,14
1951616297,14
4077599543,14
4077599545,14
9027328314,14
9027328313,14
1951616319,14
5925584201,14
8390582613,14
5141354328,14
5141354329,14
5141354330,14
5141354331,14
5141354332,14
1312453981,14
5141354333,14
24950113,14
24950114,14
24950115,14
9856119649,14
9856119651,14
385311590,14
25067883,14
1312453996,14
5227220846,14
8807431535,14
8807431541,14
3272712566,14
1782714747,14
8807431548,14
6369361790,14
8807431550,14
6369361792,14
1678226827,14
4072083344,14
4072083345,14
5065949596,14
1312454045,14
5065949598,14
1678226846,14
2279592861,14
25067936,14
25067935,14
1312454055,14
25532332,14
4748394420,14
259252667,14
1312454087,14
25532377,14
25532384,14
1678226917,14
8807410152,14
5141216745,14
8807410154,14
5141216746,14
8807410158,14
8785024497,14
5141216754,14
473258249,15
1312454029,15
1312454031,15
473258639,15
3887941013,15
2059790748,15
25532576,15
6458938017,15
1312454058,15
1312454061,15
25544110,15
25265075,15
5340811829,15
5340811830,15
25265077,15
25265079,15
25265078,15
4085783099,15
1418752708,15
5340811717,15
4077579334,15
1312454090,15
4166634955,15
2142502090,15
7911243856,15
1418752721,15
7911243857,15
4166634962,15
763372884,15
7911243861,15
7911243858,15
7911243863,15
763372886,15
9413430622,15
7911267686,15
1727515754,15
7911267693,15
1312453999,15
107632,15
24950050,16
7223298253,16
8753664977,16
107634,16
25161361,16
2389802901,16
2389802904,16
2279592862,16
5141625696,17
4729628192,17
9856119650,17
6369361796,17
6369361797,17
5141625702,17
5141625703,17
25067400,17
7223298252,17
7223298254,17
3644785104,17
107637,17
5141625621,17
5141625623,17
5141625625,17
6369361788,17
5141625630,17
6369361791,17
9856119648,18
5198585557,18
107638,18
5198585559,18
4962956931,19
25505673,19
25504779,19
9611081868,19
25505677,19
25161365,19
9691102358,19
8807441176,19
25505561,19
9691102362,19
3656358065,19
4866653236,19
1311961910,19
7926554423,19
4866651959,19
7926554424,19
4866651962,19
4866651963,19
4866651966,19
7926554430,19
4866651968,19
4866651969,19
7926554431,19
1828402760,19
5046447437,19
1828402765,19
1938819282,19
1938819283,19
1938819284,19
1938819285,19
1938819286,19
25505622,19
1938819288,19
25505624,19
25505629,19
3704225375,19
3704225376,19
3704225379,19
3704225380,19
1938819301,19
25066470,19
1938819306,19
1938819313,19
2012969971,19
1955520887,19
4866623226,19
107643,19
107644,19
9754527744,20
473264641,20
9754527745,20
5055364611,20
5055364612,20
5055364608,20
5055364614,20
5055364610,20
3265436680,20
4627445257,20
4627445258,20
4627445259,20
4627445260,20
4627445261,20
3265436686,20
3265436678,20
3265436688,20
8620105233,20
8620105234,20
1678452753,20
8620105236,20
3265436692,20
3265436695,20
8620105240,20
8620105242,20
8620105243,20
8620105244,20
268124704,20
9754453026,20
9754453027,20
9754453028,20
9754453029,20
9754453030,20
9754453031,20
9754453032,20
9754453033,20
8620105259,20
473265708,20
8620105265,20
8620105268,20
8620105269,20
8620105270,20
1617532087,20
5177397821,20
5177397822,20
5177397823,20
5177397824,20
5177397825,20
5177397827,20
5177397828,20
5177397829,20
5177397830,20
5177397832,20
5177397835,20
1828402767,20
4150883407,20
1828402769,20
1828402771,20
3696548438,20
1828402774,20
4658088539,20
6327615074,20
6327615075,20
6327615076,20
8755805313,20
4658088585,20
4650375309,20
107667,20
107668,20
1239549084,20
2360684188,20
367100073,20
1617532073,20
5177397419,20
5177397420,20
419632303,20
419632306,20
419632307,20
1214922421,20
3972566710,20
4077627063,20
2140506294,20
368044217,20
1214922426,20
3972566715,20
490946748,20
1214922429,20
1214922428,20
1617532090,20
1617532088,20
1707790023,20
367077584,20
472346838,20
2775635677,20
1938819299,20
1938819302,20
4034060007,20
1938819304,20
1707790057,20
4650375402,20
1707790055,20
4034060012,20
4034060015,20
1707790064,20
4034060017,20
4034060018,20
2265065203,20
1938819316,20
2360681713,20
1707790067,20
2265065207,20
1707790063,20
1938819329,20
419632906,20
1938819340,20
9684083982,20
9684083983,20
9684083984,20
9684083987,20
9684083988,20
9684083992,20
9684083993,20
9684083995,20
5207477021,20
4383369519,20
4627491642,20
4627491643,20
25470781,20
2140432704,20
9781311297,20
108864,20
390341443,20
4650375504,20
4383369553,20
4859246418,20
4859246419,20
4650375508,20
237911,20
6951230826,20
1955520879,20
1955520890,20
5207476606,20
5207476607,20
5207476609,20
25504129,20
5207476611,20
5207476610,20
5207476613,20
5207476615,20
5207476617,20
5207476619,20
1813794712,20
7066617760,20
748885412,20
268124583,20
4367041960,20
4367041962,20
8620272571,20
473266627,20
2775653836,20
5177410511,20
3813810132,20
3813810133,20
9691076056,20
455705562,20
864817628,20
4627445213,20
4627445215,20
4627445216,20
4627445217,20
2360685543,20
4627445240,20
4627445241,20
9754527740,20
9754527741,20
9754527742,20
9754527743,20
8785484288,21
1938819344,21
4072476960,21
4630855202,21
4630855203,21
4630855204,21
107685,21
4630855205,21
4729448871,21
107686,21
107688,21
1236791344,21
1726730303,21
25471681,21
8373690833,21
8373690834,21
8373690835,21
8373690836,21
8373690837,21
8373690838,21
8373690839,21
8373690840,21
8373690841,21
1726730329,21
8373690842,21
7613626073,21
7613626070,21
25503841,21
7617785701,21
25503848,21
7617785710,21
8373752817,21
7617785714,21
1726730354,21
4530339698,21
4530339700,21
4530339702,21
4530339699,21
4530339701,21
6293128709,22
21583366,22
4017328647,22
7223695324,22
9756243981,22
9756243982,22
9756243983,22
9756243984,22
9756243985,22
9756243986,22
3518995475,22
4689775124,22
4689775126,22
8785484312,22
1810130457,22
8785484313,22
8785484315,22
8785484316,22
8785484314,22
2293833760,22
2293833763,22
6863550501,22
1419565097,22
25496622,22
6863550510,22
1148276284,22
5006063170,22
5006063171,22
5006063172,22
5006063173,22
5006063175,22
5006063176,22
5006063177,22
5006063178,22
5006063179,22
5006063180,22
6840965712,22
5006063186,22
21563479,22
21563481,22
9756278362,22
9756278363,22
26374236,22
9756278364,22
9024076384,22
9024076385,22
21563489,22
25475182,22
5736692334,22
21563508,22
32921720,22
7223712382,22
2294047369,22
5880188045,22
5880188046,22
761831060,22
4156336279,22
8785567902,22
8263157412,22
8263157413,22
8263157414,22
8263157415,22
8263157416,22
7271474856,22
107690,22
7271474855,22
107692,22
8785503917,22
8785503918,22
8785503919,22
8785503920,22
107693,22
4691514032,22
4530270906,22
4530270908,22
3972566716,22
4530270913,22
1782712524,22
3519005409,22
4822267107,22
4822267109,22
1020211942,22
4691460851,22
1707790074,22
1236791555,22
25475331,22
1707790085,22
25475332,22
8263166217,22
8263166218,22
8263166219,22
1617596686,22
1707790096,22
1782730512,22
8373728530,22
1617596704,22
3519013665,22
1617596711,22
1617596714,22
7223668011,22
7223668012,22
7183962432,22
9781311296,22
9856119621,22
1617647944,22
1617647945,22
3497472337,22
7223704403,22
237908,22
4764884821,22
8373651315,22
8373651316,22
5006065037,22
5006065038,22
21563791,22
21392272,22
5006065041,22
5006065040,22
5006065039,22
2586616722,22
4719617974,22
33141178,22
8373690817,22
8373690818,22
8373690819,22
8373690820,22
8373690824,22
8373690825,22
8373690826,22
8373690827,22
8373690828,22
8373690829,22
8373690830,22
8373690831,22
5880186827,22
5880186828,22
8373690832,22
1148276186,22
269589467,22
8373690844,22
8373690843,22
8373690845,22
8373690846,22
3497461727,22
7223695327,22
7223695323,22
7223695326,22
8785568228,22
8373623781,22
321255919,22
5119652864,23
5119652865,23
25495808,23
1832227968,23
9781435146,23
2458273291,23
1953202962,23
2453941139,23
6279388821,23
6279388822,23
6279388823,23
6279388824,23
26678169,23
26678168,23
2453941147,23
26678171,23
26678166,23
26678167,23
343669791,23
2458257570,23
8975700259,23
8975700260,23
2458257573,23
8975700261,23
343669798,23
5265953450,23
5265953451,23
5265953452,23
1364161197,23
2458257578,23
5265953455,23
2458301100,23
5265953457,23
5265953454,23
5265953459,23
2458260532,23
1832228016,23
25495858,23
2458256449,23
25495807,23
8645592521,23
1364172237,23
1832129873,23
6108171363,23
1832129878,23
1953202903,23
25495640,23
1953202907,23
21578459,23
25495646,23
6724775011,23
6724775012,23
108389,23
6724775013,23
6724775014,23
8787384680,23
6724775017,23
6724775018,23
6724775015,23
6724775016,23
1832248428,23
108390,23
1364168178,23
1364168180,23
2458303223,23
5119652857,23
2458307450,23
1364169899,23
5119652862,23
5119652863,23
25495698,24
108391,24
1736685635,25
4297054053,25
1601832328,25
6828863691,25
6828863692,25
6828863693,25
6828863694,25
6828863695,25
6828863696,25
6828863697,25
6828863698,25
9576827481,25
9804578356,25
25475674,25
108406,25
6525671279,25
1363483801,25
9576827482,25
2632464416,26
6525670240,26
390073160,26
1125619161,26
2632476621,26
25632684,26
5973397966,26
10606709,26
6525670239,26
108409,26
2632476639,26
2632464413,26
2632431807,26
108420,27
9030284989,27
9030284990,27
4193151464,28
108835,28
4305986091,29
5905893978,29
7620902731,29
108837,29
264824452,30
9684083978,30
9684083979,30
3267461759,30
3876713343,30
1678452760,30
20955164,30
1678452770,30
4085767971,30
4085767974,30
4085767978,30
4938216619,30
4085767980,30
1678452780,30
4085767983,30
367091632,30
4085767989,30
4085767992,30
2265048377,30
4085767993,30
3267461693,30
3267461696,30
2265050050,30
108867,30
1828402758,30
1828402759,30
262078536,30
3267461710,30
1938819280,30
2620105428,30
3267461721,30
9729684314,30
3267461728,30
3267461729,30
3267461737,30
3267461742,30
3267461747,30
3267461752,30
3267461756,30
1536948605,30
3267461758,30
9684083967,30
4211515621,31
108903,31
245200970,31
1830276654,31
9189397456,31
4211515569,31
663363473,31
4211515891,31
8256049397,31
8256049399,31
9820537921,32
9820537922,32
9820537934,32
1326821457,32
4297243218,32
1326821465,32
25475692,32
25475693,32
1326821487,32
1326821489,32
4297243295,32
9820538016,32
9820538017,32
4297243298,32
9820538018,32
9820538019,32
1326821542,32
4158004390,32
9820538028,32
4571238064,32
4571238067,32
4571238068,32
4297212084,32
25475767,32
1938953403,32
1938953406,32
1326821568,32
1938953413,32
1938953414,32
1938953417,32
4297212114,32
25470166,32
4297212119,32
1938953430,32
1938953431,32
1326821593,32
1938953433,32
748797145,32
1938953432,32
1938953437,32
4297212128,32
4297212129,32
21990633,32
21990634,32
21990637,32
21990638,32
1326821624,32
4298970364,32
25497340,32
4298970368,32
25497347,32
4298970380,32
4298970384,32
4297212194,32
4297212204,32
355416911,32
4297242961,32
1601797458,32
355416914,32
355416920,32
109403,32
9820523869,32
9820523870,32
9820523871,32
9820523872,32
108393,32
9820523913,32
9820523914,32
9820523915,32
9820523916,32
9161061776,32
9693963678,32
9693963679,32
9693963680,32
9693963681,32
9693963682,32
9693963683,32
710657963,32
7947041713,32
422573549,32
1913216493,32
25497596,32
25497599,32
25509513,33
470727954,33
1938819346,33
1938819348,33
1938819350,33
1938819351,33
25509526,33
5207487900,33
25481504,33
25481506,33
6988528038,33
6988528039,33
9694031532,33
9201323575,33
1236791504,33
894485202,33
109408,33
109410,33
1236791535,33
9197589363,33
9197589238,33
1536948608,34
1536948612,34
25505670,34
1536948487,34
20626312,34
1536948618,34
20626315,34
1852996875,34
1536948631,34
6509584413,34
1536948517,34
7572522534,34
109734,34
7572522540,34
1536948652,34
7572522547,34
1536948536,34
1572551227,34
2504847039,34
7572522566,34
4866475730,34
4866475737,34
7572522585,34
1852996954,34
1536948578,34
109411,34
109412,34
25264998,34
2504822135,34
1536948474,34
7572522492,34
9694072864,35
109414,35
30078473,35
5334625292,35
7797731341,35
7797731342,35
7797731343,35
7797731340,35
5334625293,35
1566269623,35
4077599544,35
2793874522,35
2961885,35
9030029183,35
7824803494,36
7824803495,36
109737,36
9072449309,36
24952269,36
7824803501,36
4166634957,36
5104314264,36
1536948541,36
1951372959,36
9753609738,37
9753609739,37
9753609740,37
9753609741,37
9753609742,37
9753609743,37
9753609744,37
9680972177,37
9680972178,37
9753609745,37
9680972185,37
25161373,37
7824747295,37
7824747297,37
7824747298,37
7824747300,37
7824747302,37
7824747303,37
7824747304,37
7824747305,37
7824747307,37
25067307,37
7824747308,37
6967585840,37
6967585841,37
109746,37
6967585842,37
1827389620,37
1782727992,37
1722621630,37
4220613456,37
700774224,37
5201625566,37
2941549918,37
5840176866,37
9681020156,37
9681020157,37
5006764037,38
5006764038,38
5006764039,38
5006764040,38
1312189073,38
1312188945,38
1312188689,38
1312188696,38
25477149,38
25477150,38
25477151,38
25477152,38
25477153,38
25477154,38
26067235,38
25477156,38
26067237,38
1312189091,38
26067239,38
26067236,38
3320743081,38
1954751908,38
1312188843,38
26067238,38
26067234,38
1312188730,38
1312188858,38
9693935550,38
1312188735,38
109760,38
9693935551,38
1312188994,38
1312188614,38
1312188622,38
1312189013,38
1312188760,38
3892081372,38
1312319838,38
3741078112,38
7644884069,38
1312188774,38
1042862726,39
249558409,39
1042862477,39
6304787860,39
6304787861,39
1042862492,39
3735886877,39
3858880674,39
3858880675,39
3858880676,39
3858880677,39
7815143465,39
3673602988,39
3673602993,39
25477300,39
25477301,39
5929540796,39
109766,39
5925628361,39
57786953,39
7911297486,39
9808795598,39
7815143503,39
1042862673,39
9808795599,39
9766629717,39
25477335,39
25477339,39
9027367517,39
9027367518,39
9027340515,39
9027340516,39
2935373159,39
1042862696,39
302013673,39
2935373161,39
302013676,39
25477228,39
302013678,39
2935324280,39
9203578106,39
9203578107,39
9856119640,40
373402354,40
109780,40
9856119634,40
9514602150,41
9514602151,41
9514602152,41
9514602153,41
109785,41
6166157035,42
109788,42
24952267,42
4077495951,43
1832129813,43
4077495957,43
1810130458,43
4077495964,43
338474269,43
1832129823,43
4077495971,43
1832129831,43
4077495854,43
4077495855,43
4077495858,43
4077495862,43
4077495867,43
9781311295,43
4077495872,43
4530195657,43
4077495883,43
109815,43
109816,43
1360122879,43
109818,44
8975700266,44
3644748770,44
1723340842,45
110140,45
435104742,45
4823246342,46
1150003270,46
1684835245,46
1493658224,46
2036125649,46
1309067472,46
6864015603,46
1141415219,46
1685281076,46
2036125657,46
110143,46
250326914,47
4835108998,47
4835108999,47
7636180236,47
7636180237,47
20458276,47
1571298192,47
7636180241,47
7636180242,47
1571298195,47
1312188692,47
1401416208,47
9710348827,47
9710348828,47
110238,47
20458273,47
250325411,47
2003007012,47
20458275,47
1787108646,47
1787108647,47
1787108648,47
1787108649,47
1787108650,47
3334162601,47
20458277,47
2490721964,47
1312188845,47
8868010162,47
4618510643,47
1312188731,47
250327100,47
1312188988,47
8868010171,47
8868194757,47
9710304459,47
9710304460,47
8868001103,47
9856119632,47
8868001104,47
250549587,47
1782716888,47
7926563545,47
8868194778,47
1571298141,47
21990624,47
21990625,47
1233327202,47
21990626,47
2934268020,47
250327159,47
469776896,48
6369329155,48
6369329158,48
6369329159,48
8989843465,48
25497613,48
6369329170,48
10607127,48
10607128,48
1813618231,48
372978232,48
1813618232,48
1813618234,48
1596655163,48
256766529,48
5238528591,48
1326821471,48
4369519204,48
1326821490,48
4369519219,48
4369519227,48
1326821502,48
1326821504,48
1326821513,48
20460681,48
1326821515,48
20460686,48
20460687,48
20460688,48
20460690,48
20460691,48
1326821524,48
3722411669,48
20460694,48
1326821525,48
20460696,48
20460697,48
20460695,48
20460692,48
6506796188,48
1326821539,48
1326821541,48
1326821557,48
5041784501,48
1326821559,48
1813618358,48
1326821564,48
1326821566,48
255860415,48
1326821569,48
110274,48
1326821577,48
1326821579,48
1326821585,48
1326821596,48
25497824,48
25497828,48
25497829,48
1326821613,48
25497845,48
4076095242,48
25497872,48
4076095253,48
3320947996,48
4076095262,48
5041784633,48
1813618497,48
8868824899,48
2466456399,48
2466456400,48
2466456401,48
2466456402,48
2466456403,48
2466456404,48
2466456405,48
2466456406,48
2466456407,48
2466456408,48
2466456409,48
1081508186,48
1366095189,48
1081508209,48
632447859,48
372050299,48
2466449286,48
2466449287,48
2466449288,48
2466449289,48
2466449290,48
2466449291,48
2466449293,48
1939632526,48
2466449295,48
2466449296,48
2466449297,48
2466449294,48
4807796633,48
9693865890,48
25632677,48
20965804,48
20965805,48
20965806,48
4860825518,48
9693963701,48
9693963702,48
9693963703,48
9693963704,48
9693963705,48
9693963706,48
9693963707,48
9693963708,48
372978120,48
435104715,48
435104717,48
5353604060,48
5353604061,48
1238259337,49
4530011788,49
6261920913,49
6261920914,49
4530012691,49
4530012690,49
4530012692,49
4530012694,49
4530012695,49
4530012696,49
6261920915,49
1150003480,49
4530012699,49
4530012700,49
4530012701,49
4530012702,49
6866779806,49
4530012703,49
4530012704,49
1771453218,49
7805198627,49
1771453217,49
3499567135,49
5565487612,49
3197339673,49
3197339674,49
4729385030,49
4729385031,49
9808795596,49
3197339676,49
59526352,49
282708,49
1150003547,49
1731225566,49
1150003423,49
249470452,49
4316306166,49
1536039932,49
25438595,50
2632464415,50
25438732,50
282719,50
4835108995,51
2961540,51
1951616325,51
24661273,51
8807431546,51
2195965723,51
24950109,51
8807431551,51
367114771,52
27458331,52
1312453919,52
1312454048,52
2967343648,52
3215687074,52
2967343649,52
5931501991,52
27458353,52
1547013692,52
1312453950,52
1547013698,52
5342236740,52
1312454086,52
5335245256,52
9710359368,52
9856119628,52
3708234964,52
471488472,52
3585762393,52
1312454114,52
5227220835,52
2961891,52
471488484,52
1550763620,52
1547013743,52
367121266,52
1312454015,52
1678452792,53
10572172,53
367106464,54
388455682,54
4240028580,54
25503845,54
9693982149,54
25503851,54
4643337035,54
4630855193,54
7617785713,54
10572179,54
10572180,54
25471732,54
1236791478,54
25471733,54
25471734,54
5207487897,54
25503862,54
4650375357,54
25495617,55
25495618,55
9856119619,55
1985084100,55
1938953377,55
350437608,55
10572779,55
25495695,55
1816038230,55
25495769,55
25495770,55
8972441127,56
25496748,56
21583342,56
10572785,56
8972511963,56
8785568224,57
10572786,57
7847748059,57
1985084095,57
5711517571,58
2632430340,58
1125619075,58
2632430342,58
25632774,58
275180300,58
9161061775,58
25499104,58
10607129,58
10607133,58
2331184927,58
2331184929,58
2331184930,58
2331184931,58
2331184932,58
2480657190,58
2331184934,58
2331184935,58
1954751914,58
25632683,58
1954751916,58
2632464427,58
1954751918,58
25499095,58
1723388979,58
1954751924,58
1723388985,58
2632431806,58
6525670234,58
446765895,58
469759942,58
469759943,58
4703542482,58
4703542483,58
5060405461,58
9808795606,58
9808795607,58
9808795608,58
9808795609,58
4530057817,58
9808795610,58
2466456411,58
2466456412,58
2466456413,58
2466456414,58
2135411296,58
6525670241,58
6525670237,58
6525670242,58
6525670238,58
6525670236,58
2135411294,58
2135411297,58
6525670235,58
9808795605,58
25475688,58
25499115,58
25475690,58
25475691,58
25497968,58
4571940314,58
3076574323,58
2632488435,58
4571940315,58
9804774392,58
2632488445,58
5470932256,59
10607629,59
7947057586,59
5468301555,59
2146369237,59
5470932252,59
5470932253,59
5470932255,59
9782353731,60
8784159562,60
6467134930,60
6467134931,60
8784181688,60
10676799,60
2902624645,61
18393873,61
6985373980,61
6985373982,61
6985373983,61
6985373984,61
1312264610,61
1721713699,61
1312188714,61
1312264618,61
21307200,61
9030121410,61
1782718791,61
1782718792,61
9856119635,61
6985379285,61
6985379286,61
9042027865,61
9042027866,61
2406484452,61
1350430181,61
2406484454,61
2406484455,61
9030155749,61
2406484453,61
9030155753,61
2406484460,61
9042053624,61
10677374,61
1312264577,62
1311961985,62
794039687,62
9042133642,62
5043864464,62
28800661,62
28800662,62
25161371,62
1782724124,62
28800667,62
316763548,62
1782724125,62
250550174,62
1401908258,62
1311962151,62
9042026424,62
1311962043,62
1312264648,62
1312264524,62
1684511955,62
9856119636,62
7836155864,62
7836155865,62
7836155867,62
7836155868,62
7836155870,62
9042041320,62
9042041321,62
1718328435,62
10677375,62
10677377,63
2387220933,63
7082240198,63
3517719434,63
1401416203,63
7636163631,63
8318797234,63
8318797235,63
8318797236,63
25248117,63
212927414,63
8318797237,63
25248118,63
25069046,63
2642857212,63
8975529088,64
4462680067,64
4462680068,64
9203541381,64
7840712839,64
1832248457,64
1832248458,64
9781435147,64
4462680078,64
5374174224,64
1360122901,64
595709975,64
14672924,64
5573994014,64
5573994016,64
5573994017,64
5603454627,64
5603454628,64
5573994019,64
1832129958,64
1360122919,64
5374174120,64
1360122925,64
7203717550,64
1938953395,64
1360122937,64
5374183741,64
5374183742,64
6329690691,64
8975645638,64
8975645640,64
8975645641,64
25151180,64
4512763348,64
1360122841,64
5460658138,64
1360122860,64
5573931377,64
5839156209,64
1360122866,64
1360122871,64
5573931385,64
8975529082,64
8975529083,64
8975529084,64
8975529085,64
8975529086,64
529722111,64
7553887392,65
18382242,65
8869435266,65
7567588716,65
24950093,65
268997560,65
8869435257,65
18395288,66
25161370,66
419347200,67
419347201,67
419347202,67
419347203,67
470729237,67
8785441943,67
8785441944,67
18395811,67
1268900644,67
4729448869,67
1268892338,67
1268900660,67
2919962038,67
2919962039,67
2919962040,67
5976853817,67
354935735,67
2215139515,67
2919962042,67
2919962041,67
2919962043,67
2919962044,67
473262779,67
2919962045,67
2919962046,67
3474115148,67
3267461709,67
3816097102,67
3816097103,67
2140420434,67
1938819289,67
1938819290,67
1938819292,67
1938819293,67
1938819294,67
1938819296,67
1725360097,67
5976850023,67
5976850024,67
1655418222,67
25505648,67
3267461749,67
7610670710,67
4401156476,67
419347194,67
419347195,67
419347196,67
419347197,67
419347198,67
419347199,67
250550400,68
1939632514,68
4992781187,68
3739049348,68
4992781189,68
1939632519,68
20460684,68
973101839,68
9042120207,68
2387242385,68
2387242386,68
8869472274,68
3870640530,68
25477148,68
3870640547,68
3870640548,68
2387240745,68
2387240747,68
4992781175,68
7636278191,68
4401149234,68
7636278194,68
7636278197,68
7636278199,68
7636278200,68
1326821561,68
7636278201,68
256766531,68
18398282,68
1312335310,68
1326821460,68
1326821592,68
5238500312,68
5238500313,68
914822492,68
9042037853,68
2387245025,68
873684193,68
2387245026,68
2387245027,68
2387245029,68
1326821480,68
632438506,68
9030155757,68
9030155758,68
8869472239,68
9030155759,68
9030155760,68
8869472240,68
1326821619,68
9030155762,68
2990732269,68
8869472247,68
4826555769,68
4826555770,68
4826555771,68
4992781180,68
5609638014,68
18469130,69
9856119638,69
2642878568,70
2642878569,70
18469132,70
9856119637,70
6978555522,71
1758554289,71
2990780037,71
2990780039,71
20460680,71
2990806410,71
2990806411,71
2990806413,71
2990806415,71
2990806416,71
968499092,71
968499093,71
4246525220,71
4246525223,71
316763559,71
316763561,71
316763563,71
1758554286,71
8975833904,71
8975833905,71
6978563378,71
6978563379,71
6978563380,71
6978563381,71
6978563382,71
6978563383,71
6978563384,71
8975833913,71
8975833912,71
8975833915,71
4682627259,71
8975833914,71
1758554294,71
4682627263,71
4682627264,71
6978577985,71
4682627266,71
4682627265,71
256766532,71
256766533,71
1758554291,71
1150003147,71
1150003532,71
9041828942,71
1759454163,71
1759454429,71
3763407460,71
5041784423,71
1150003571,71
5067002867,71
6978531575,71
6978555518,71
6301948480,72
20625793,72
6301948477,72
5976760445,72
5976760446,72
5976760447,72
9694032608,73
9694032609,73
585200775,73
20625800,73
585200818,73
710521820,73
9694032606,73
9694032607,73
5189042552,74
20626282,74
8675201272,74
5189042551,74
7824803490,75
7824747299,75
7824803492,75
7824747301,75
1536948646,75
7824803493,75
4085778920,75
7824747306,75
5146186589,75
7824803500,75
1536948431,75
1536948529,75
20626301,75
5146186590,75
9856119647,75
3796814729,76
20626310,76
20626311,76
7572522513,77
20626316,77
7572522511,77
1360122886,78
1236791433,78
20955158,78
9805219991,78
9805219992,78
9805219993,78
9805219994,78
9805219990,78
1360122917,78
4076095791,78
4370333627,78
1609966653,78
4370333629,78
9856119620,78
4370333637,78
9197322310,78
4370333638,78
4370333643,78
4370333648,78
9197326420,78
3519872213,78
4076095834,78
1360122845,78
1596648671,78
1360122856,78
21685484,78
1360122861,78
21685485,78
1360122873,78
2398924896,79
6369329154,79
20965798,79
20965799,79
6369329160,79
20965800,79
4428887946,79
2398924843,79
25500427,79
2241962700,79
6369329165,79
1782729295,79
1782729296,79
6369329171,79
1326821587,79
2398924853,79
2398924855,79
104319,79
2398924898,80
9781311298,80
20965801,80
7946378607,80
7946378608,80
9310682079,80
2398924893,80
2398924863,80
1755265415,81
250550023,81
250550024,81
5041945479,81
5041945481,81
1755265428,81
1755265432,81
28800670,81
1755265444,81
1343823418,81
21307201,81
21307202,81
8869464398,81
1312264546,81
21990631,81
873809385,81
5042033643,81
9042025325,81
2990721389,81
4661317536,82
3328228993,82
3328228994,82
3328228996,82
3328228998,82
25524297,82
5177397418,82
21392267,82
3328229004,82
1617596593,82
4663309171,82
4661317524,82
4663312695,82
4663312696,82
4663312697,82
4663312698,82
21392273,83
3972566713,83
1707790076,83
4859246420,83
21392276,84
9856119623,84
6828927809,85
6828931875,85
1148249927,85
6828921209,85
1832227886,85
350377999,85
25495824,85
21392278,85
1707790105,85
6828921210,85
6828921211,85
5603454625,86
5603454626,86
6606135979,86
21392279,86
5335233120,87
2934288514,87
250324965,87
21523718,87
5165786239,87
21523719,87
8042022825,87
5573991659,87
5573991660,87
4138224462,87
5335233113,87
1014649631,87
5009060057,87
5335233114,87
2934288509,87
5335233119,87
1617596646,88
1617596615,88
1617596616,88
1617596621,88
21563503,88
1617596627,88
1617596659,88
1617596669,88
25498458,89
9659603285,89
21578454,89
9748953621,90
21578461,90
4331121754,91
21685481,91
21685483,91
1837610895,91
1360122929,91
25500530,91
1360122933,91
1163955034,91
4331121755,91
269547420,91
4462683090,92
21686572,92
9203541612,93
21686574,93
4462680070,93
3515286914,94
3515286915,94
3515286916,94
5565466183,94
1493676622,94
1493676623,94
28728208,94
25477106,94
21990614,94
1771453860,95
3197333544,95
1711679434,95
9375170320,95
9375170321,95
9375170322,95
9375170323,95
9375170324,95
9375170325,95
9375170326,95
1711679380,95
7191329809,95
7191329811,95
28728210,95
28728187,95
21990620,95
4556931602,96
4556931604,96
21990622,96
21990627,97
475396924,97
8672066581,97
7636180239,97
8923643490,98
21990628,98
9030155750,98
9030155754,98
1719422038,98
9856119639,98
8923643489,99
9693628386,99
250327618,99
21990629,99
5565443397,99
5875062471,99
5875062472,99
21990630,99
1326821544,99
9030155755,99
9030155756,99
250327591,99
8868010287,99
9808795603,99
9808795604,99
9042053623,99
5565443389,99
5565443390,99
21990632,100
9030155751,100
1718566880,100
5141625698,101
1569241807,101
25161360,101
1569241808,101
24659764,101
7906964247,101
7906964248,101
7906964249,101
7906964250,101
7906964251,101
24659907,102
24659947,102
24949780,102
1311961990,102
9693920801,103
9693920794,103
9693920795,103
9693920797,103
24660863,103
1312453954,104
1556260235,104
24661966,104
25544111,104
1312453966,104
1556260241,104
1312454066,104
25544112,104
1312454100,104
24662037,104
1312453915,104
24950048,105
5095547180,105
5095547184,105
24950005,105
24950013,105
5227220845,106
24950064,106
24950065,106
5227220848,106
24660697,106
5218844445,106
5218844446,106
3517985666,107
5090420610,107
25161348,107
5090420614,107
8807429660,107
8807429664,107
8807429665,107
9691082671,107
25066419,107
2387226304,107
2387226307,107
2387226309,107
2387226311,107
2387226313,107
5090420940,107
24950097,107
5090420958,107
5090420959,107
5090420964,107
9024139130,107
9024139131,107
25248113,108
25248114,108
24950107,108
9030155654,108
9693920802,109
9693920803,109
24950110,109
24950111,109
24950112,110
25248126,110
1721678995,111
316763501,111
24950117,111
9693760971,112
24951854,112
5046314041,112
5046314042,112
5046314043,112
25632860,112
6918421504,113
1951372930,113
24952195,113
24952196,113
2528522503,113
1951372935,113
6918421512,113
6918421513,113
2528522507,113
1556097163,113
1561071632,113
2528522518,113
1556324759,113
1556097431,113
1556097092,113
1556097306,113
2528522528,113
1556097185,113
6985465124,113
6985465125,113
1561071655,113
1561071656,113
6985465129,113
6985465130,113
1556097321,113
2528522542,113
4018000435,113
1590114998,113
1556097080,113
6985465145,113
1556324793,113
1556097217,113
9694091972,113
9694091973,113
1556097222,113
4777897927,113
4777897928,113
1556097353,113
1556097098,113
1556324683,113
1556324684,113
25278669,113
25278670,113
3385387604,113
3385387605,113
3385387606,113
3385387607,113
696477399,113
1556097368,113
6918421503,113
1556097118,113
4117882851,113
4117882852,113
4085404135,113
4117882856,113
4117882857,113
4085404136,113
4117882860,113
1556097136,113
1556097137,113
1951372915,113
1951372927,113
5087519104,114
25066338,114
25161347,114
5090420965,114
25066412,114
25066450,115
1717650794,115
25066451,115
25066453,115
5047029678,116
25066461,116
25066462,116
3704225378,117
1536948581,117
4085778923,117
1536948622,117
1938819279,117
9684101713,117
4085778934,117
4143767990,117
25066684,117
1852997088,118
25066784,118
25066694,118
25066696,118
25161353,118
4866591373,118
4866591374,118
4866591375,118
4866591376,118
3816097105,118
3233714196,118
3233714198,118
9856119645,118
3233714192,119
3233714193,119
3233714194,119
3233714195,119
3233714197,119
25067068,119
25067264,120
25067265,120
2566132609,120
1569382119,120
1569382170,120
1569382174,120
2504822145,121
25067266,121
25067267,121
1852996996,121
2504822137,121
2504822139,121
6509584414,121
25066687,121
25067304,122
2566132610,122
2566132611,122
25067324,123
5141876996,123
5141877239,123
25067395,124
25067396,124
25067397,124
5146186470,124
950703625,124
950703626,124
5146186463,124
5146186489,124
25067326,124
1726783391,124
9856119646,125
25067427,125
25067398,125
1951616322,126
5104314275,126
25067461,126
25067463,126
25067469,126
25067470,126
5104314255,126
5104314256,126
5104314384,126
25067473,126
25067476,126
1186508405,126
5104314353,127
25067727,127
1569343756,127
25067479,127
1569343909,128
25067558,128
25067728,128
5104314096,128
5104314098,128
25067636,128
5104314325,128
25067670,128
1569343576,128
25067914,129
1569216650,129
25067920,129
7911231380,129
1722621718,129
7911231384,129
25067803,129
1569216123,129
25161375,129
5141228834,129
1569216316,129
4085783103,129
4085783105,129
1569216326,129
6446292570,129
1951616226,129
5141216740,129
5141216741,129
7911267687,129
7911267688,129
7911267690,129
7911267692,129
7911267694,129
7911267695,129
7911267696,129
9659831673,129
9659831674,129
9659831675,129
25265023,129
1569312412,130
25067933,130
25067871,130
25071090,131
25071131,131
5247857728,132
9691101411,132
9691101412,132
25161357,132
2387194158,132
5141877019,132
6032044867,133
6032044868,133
25161380,133
25161381,133
25161383,133
25248125,134
1211381855,134
25471736,135
25503860,135
7271474849,136
321255907,136
25472324,136
25472545,137
4675821944,137
4675821925,137
4675821932,137
4665353645,137
762080111,137
1617596591,137
8373728533,137
25472566,137
25473048,137
25472379,137
1617596607,137
1882379274,138
1882379248,138
1882379285,138
4425001783,138
25472760,138
25472763,138
3247578846,138
4823246341,139
4425001781,139
4425001782,139
25472767,139
7447716112,140
25472789,140
9161061774,140
25472800,141
4571194090,141
4571194091,141
1954751920,141
2036125650,141
2940401398,141
6014339453,141
1684835105,142
1684835107,142
1684781486,142
3739048019,142
3739048020,142
3739048021,142
25472885,142
4948630427,142
25472890,143
8373728531,143
1617647934,143
4675822095,143
1311962080,144
9042129985,144
9042129986,144
1401893666,144
1311961868,144
1215563885,144
25473199,144
25473200,144
25473204,144
25473205,144
1215563897,144
6871422362,144
6871422364,144
1759454078,144
25473203,145
5067002855,145
6369329156,146
25497611,146
25497612,146
6369329172,146
1759454104,146
1759454106,146
6871422365,146
1759454118,146
1759454122,146
1813618227,146
1813618228,146
1813618229,146
25473206,146
25473207,146
1813618230,146
5041784634,146
1366095187,146
1366095190,146
4870281309,146
9804653406,146
9804653408,146
25473281,147
9683585635,147
903630659,147
4085387943,147
4085387945,147
7246486955,147
4136124524,147
4136124526,147
4078858000,147
4078858001,147
869968536,147
585127354,147
585148380,147
6265654109,147
25473279,147
697037343,148
5905807278,148
8579276917,148
9694104278,148
25474005,148
25474015,148
25497603,149
9694091974,149
9694091975,149
9694091976,149
9694091977,149
9694091978,149
6149398571,149
9856119625,149
9694091981,149
25475053,149
9694091983,149
9694091982,149
9694104279,149
1547657140,149
1312471255,149
9694104280,149
1312471226,149
1312471228,149
25475072,150
1547657104,150
7236131861,150
1312471189,150
7236131862,150
7236131864,150
7236131865,150
9690769059,150
8064065323,150
9690974262,150
277337783,150
25496910,150
6332695637,150
6332695638,150
9135848919,150
9135848920,150
9135848921,150
9135848922,150
9135848923,150
9135848924,150
9135848925,150
6332695639,150
585180151,150
1233350889,151
9856119626,151
9856119627,151
283061836,151
3231501611,151
1233350862,151
4166967089,151
675734610,151
675734613,151
25475419,151
675734622,151
25475561,152
9690878337,152
25497222,153
1312471188,153
1312471196,153
1312471202,153
4920098342,153
4920098343,153
6266867112,153
6266867113,153
6266867114,153
6266867111,153
4920098344,153
1312471216,153
1312471223,153
9690974264,153
9690974263,153
9690974266,153
9690974265,153
9690974272,153
9690974274,153
9690974275,153
9690974276,153
9690974277,153
9690974278,153
25475661,153
1312471252,153
9699944538,153
1312471265,153
9699953505,153
6696695781,154
8784000965,154
25475678,154
6696695783,154
9823138208,155
9823138209,155
1326821607,155
1326821594,155
25475694,155
25475695,155
25475696,155
25475697,155
4297211186,155
4297211187,155
25475698,155
435104726,155
435104728,155
355416921,155
1326821466,155
9823138206,155
7075087297,156
7075087298,156
7075087299,156
6273056647,156
6273056648,156
9693963689,156
6239229422,156
6239229423,156
9693963696,156
435104721,156
9693963698,156
25475699,156
1326821620,156
9693963699,156
6272993491,156
6272993492,156
9693963697,156
25497619,156
25475754,157
1816777875,157
1493229962,157
4920098349,158
5931509720,158
5931509721,158
25476124,158
25476127,158
3093897988,159
3093897989,159
3093897991,159
1312188679,159
2402557839,159
1280491924,159
1280491926,159
2402557597,159
2402557599,159
2387232555,159
2387232556,159
2387232557,159
2387232559,159
3093894065,159
2387232561,159
2387232563,159
3741117630,159
4749090120,159
25477197,159
1722268367,159
9856119633,159
1722268381,159
1722268384,159
1722268388,159
5492419693,159
5565455857,159
5565455858,159
8236052983,159
8236052987,159
8236052988,159
8236052990,159
8236052991,159
25477258,160
347541973,160
9703794688,161
9703794689,161
9080098306,161
9080098307,161
9080098308,161
9080098305,161
9703794690,161
3876429831,161
9080098312,161
9080098313,161
9080098314,161
9080098309,161
3528711693,161
255051289,161
3528711722,161
27459116,161
27459120,161
27459638,161
9375078973,161
9375078974,161
9375078975,161
3073173585,161
27459165,161
1771458655,161
1771458658,161
3528738434,161
3528738438,161
3528738439,161
3528738440,161
5257738379,161
5257738381,161
5257738384,161
3528710290,161
5257738387,161
5257738389,161
5257738390,161
9030037142,161
6995618979,161
3858880678,161
6280047275,161
6280047277,161
6280047278,161
6280047280,161
5160943793,161
5160943794,161
5160943797,161
5160943798,161
5160943803,161
5160943806,161
5160943807,161
9694087360,161
1039290562,161
472493763,161
1039290578,161
1039290584,161
1039290586,161
9080123618,161
9080123619,161
9080123622,161
6969936109,161
6969936112,161
27351282,161
27351284,161
2914561272,161
25477371,161
249679102,161
28419328,161
1014803714,161
1014803718,161
1014803721,161
1014803736,161
4144358216,161
4144358217,161
302013776,161
9375100241,161
9375100242,161
1939632502,161
1939632504,161
3550836102,161
251757452,161
2934411661,161
251757458,161
2934411667,161
2934411668,161
2935392676,161
4827050921,161
3499556266,161
28418497,161
9808795600,161
9808795602,161
251757533,161
9703794686,161
9703794687,161
806373533,162
25477774,162
819157946,163
25477858,163
4556931603,163
3661703766,163
1938953379,164
1832052008,164
338472562,164
25495543,164
1832227893,164
25495542,164
338472567,164
1832129783,164
25495697,165
9856119622,165
1834657467,166
25495820,166
1834657469,166
6354294763,166
4275394254,167
25495822,167
25495823,167
447887921,167
350437528,167
5899738713,167
5736847361,168
5736847362,168
5736847363,168
5736847364,168
25495852,168
470727776,169
749947393,169
25496100,169
749947402,169
25495854,169
25495855,169
350629203,169
269584410,169
317930380,170
4211515637,170
4211515622,170
25496775,170
1816038211,171
25496783,171
5265830862,172
25496815,172
25496785,172
4429088632,172
1958800795,172
8972511965,172
25496786,173
25496787,173
1985084135,173
2453947049,174
8787384684,174
8787384685,174
8787384686,174
4211515634,174
25496792,174
4211515644,174
4211515645,174
25496798,175
25496799,175
25496800,176
1816038214,176
323260106,176
1816038224,176
5014591889,176
1816038199,176
1816038233,176
1816038237,176
1816038239,176
25496819,177
25496820,177
25496821,177
321255925,177
5060391417,177
1832129795,178
6407948171,178
4077495820,178
4077495821,178
6407948172,178
25496847,178
25496848,178
25496849,178
4077495826,178
25496850,178
25496851,178
5504212623,178
4730978978,178
4730978979,178
4730978981,178
4730978982,178
4730978983,178
1684437690,178
1684437692,178
1319881922,178
1319881924,178
1655214934,178
25497563,178
25497564,178
25497566,178
1655214955,178
6124650606,178
1832129778,178
4076126707,178
1832129789,178
1938953399,179
25496857,179
4730978984,179
9161061778,179
9161061779,179
9804471701,179
25496854,179
9804471702,179
5948183671,179
25496855,179
9203537438,179
9203537439,179
2135411308,180
5711517565,180
5457908028,180
25499655,180
4378043682,181
25500246,181
25504145,182
25504146,182
25504148,182
1835355916,183
1793420660,183
25504149,183
1707790044,183
4232015838,183
25504770,184
367105858,184
25504755,184
367105859,185
25504777,185
1268892466,185
1268892467,185
25504756,185
4089226784,186
4085767970,186
9684083971,186
419350723,186
9684083975,186
9684083976,186
9684083977,186
4089236235,186
4089236236,186
419350669,186
25504760,186
6509584408,186
7572833379,187
7572833380,187
7572833381,187
25505607,187
25505679,187
25505585,187
1828402762,188
25505643,188
25505618,188
25505593,188
25505630,188
1828402763,189
1828402764,189
2142508727,189
25505662,189
25505695,189
1852996856,190
25505685,190
1852996734,190
2343269909,191
9201323564,191
25509525,191
1236791408,192
25509534,192
1556097153,193
8785024515,193
1556097030,193
5905896973,193
1556097166,193
1556097177,193
1556097178,193
1556097051,193
1556097320,193
1556097448,193
1547013554,193
1556097227,193
1547013710,193
25532494,193
9856119631,193
1547013589,193
1547013719,193
8807410150,193
8807410151,193
1556097048,194
25532542,194
2480657188,195
4826448085,195
25632678,195
2135411293,195
316763600,196
316763586,196
25632859,196
25632864,197
25632865,197
1215563905,197
1215563890,197
244128953,197
25632863,197
25634199,198
1155584130,198
2632486641,198
2632486645,198
3586606038,198
3586606039,198
2632486646,198
5306194265,198
9703794691,199
9703794692,199
9703794693,199
9703794694,199
9703794695,199
9703794696,199
9703794697,199
9693971464,199
4223357836,199
3987750679,199
27460250,199
5517519002,199
7487734942,199
429346236,199
429346241,199
9693974851,199
9080123623,199
4054356842,199
4054356847,199
27460210,199
27459198,199
9694087361,200
21523716,200
27460198,200
1014649672,200
3247933387,200
27459830,200
6995618971,200
9694087359,200
28418880,201
27459905,201
1312471267,201
429346243,201
4534184516,201
742399752,201
1312471210,201
4629462859,201
429346253,201
1312471217,201
1312471197,201
1312471190,201
9693971449,201
9693971450,201
9693971451,201
9693971452,201
28418877,201
28418879,201
27459969,202
27459970,202
5165786242,202
2934288513,202
8515091589,202
5165786245,202
2934288517,202
27459971,202
2934288518,202
2934288523,202
2934288530,202
1043001378,202
3906588452,202
4430996033,202
1043001410,202
3247933381,202
1043001422,202
1043001423,202
27459945,202
27459951,202
27459959,202
6218501753,202
27459966,202
2969439040,203
1233350848,203
2612458246,203
9080123624,203
9080123627,203
27460439,203
5904585328,203
377490677,203
2872699894,203
3220254039,203
1042862785,204
7911297478,204
302013672,204
302013674,204
302013675,204
7815533548,204
7815533546,204
6345441358,204
7911297487,204
3486459762,204
3486459764,204
3486459765,204
249558966,204
347539416,204
3081980920,204
27480956,204
7815143559,205
347541965,205
3486459766,205
7911297463,205
7815143581,205
3735889430,205
347542743,205
27480957,205
27480960,206
27480961,206
9678821156,206
9678821159,206
9678821160,206
9678821161,206
3486459769,206
28193265,207
3170676207,207
3892081378,208
4344245894,208
1014803686,208
7817162929,208
1014803702,208
1014803704,208
3894948093,208
28418138,208
3894948091,208
3892081373,208
2140124996,209
249679365,209
7797338599,209
7797338600,209
1014803691,209
302013681,209
4244498866,209
302013682,209
28418141,209
28418144,210
4344245892,210
4344245893,210
9693910743,210
4430996024,211
28418859,211
4155841820,211
3632581622,211
3984132034,212
3984132035,212
4116809027,212
3984132037,212
4116809028,212
302013708,212
4422013486,212
249679343,212
28418929,212
4244498867,212
4244498868,212
2990651905,213
1755708646,213
1755708647,213
1755708648,213
1758552521,213
1758552522,213
2990664881,213
28800660,213
973128725,213
9693929369,213
1755708737,214
1755708738,214
1755708739,214
5041945508,214
9693903657,214
2990651920,214
2990651921,214
28800666,214
28800664,214
1755708730,214
1755708732,214
5565443391,214
5046314073,215
5046314090,215
28800671,215
28800672,216
9856119642,216
8869435290,216
5247852872,217
316763513,217
5046314091,217
5046314092,217
316763500,217
28800689,217
5224630617,217
9693730842,217
5046314077,217
5046005758,217
1547013597,218
1547392865,218
5580861156,218
8579233861,218
8579233862,218
707377287,218
30056330,218
6600283121,218
4619022514,218
251892979,218
1547393045,218
1312471191,218
1547013754,218
3830043581,218
1312471231,218
3741131608,219
149431715,219
347335859,220
354886099,220
8868010205,220
213668839,220
250549699,221
250549700,221
8868010279,221
8868010216,221
8868010280,221
8868010218,221
213668842,221
8868010281,221
8868010221,221
213668844,221
8868010202,221
1685272862,221
1719422032,222
213670986,222
1312189047,222
2642878644,223
213672005,223
249559005,224
302013662,224
7900221088,225
249560091,225
9021491075,225
7900221087,225
250325410,226
3787645606,226
3787645607,226
3787645608,226
3787645609,226
3787645610,226
5492419692,226
250327037,227
1310663631,227
9693628387,228
9693628388,228
347335878,228
2642612586,228
250327576,228
7151566952,229
250327660,229
338319877,229
1312188704,230
1312189057,230
354886082,230
1312188741,230
250549670,230
1312189098,230
1312188722,230
1312188883,230
1312188660,230
1312188694,230
1312188824,230
1312188955,230
1312188797,230
251892353,231
251892475,231
5925626141,231
5925626142,231
3930921860,232
3708234957,232
4230027057,232
251892564,232
843376599,232
4378043667,233
269547419,233
4378043661,233
4378043662,233
9051462722,234
2112030873,234
4823243100,234
6855696495,234
6855696497,234
6855696498,234
6855696500,234
627985397,234
275179893,234
275179767,234
6855696504,234
6855696502,234
2112030869,234
291951643,234
6855696503,234
283062189,235
690295047,235
316763545,236
5046005745,236
5046005743,236
1145174402,237
4571241384,237
9820538031,237
355416887,237
355416890,237
355416892,237
3257317059,237
9820537936,237
9820537937,237
9820537940,237
9820537941,237
9820537942,237
9820537943,237
9820537944,237
9820537946,237
1165343843,237
4729480806,237
4729480807,237
4729480808,237
4571244658,237
4571244659,237
4571244663,237
9693971465,238
4230595026,238
377494060,238
27331469,238
435104736,239
435104732,239
435104735,239
7918978033,240
438170475,240
6218468163,241
1550763749,241
1547013711,241
9704122321,241
471488499,241
4847781268,241
1493722803,241
4847781269,241
1550763764,241
1550763708,241
473219610,242
8814668141,242
5104314222,242
25161386,243
473258827,243
3644748773,243
473264457,244
1268903266,244
9135848928,245
585130362,245
4777885222,245
1561411396,246
585201189,246
8579276918,246
3068267824,247
670103313,247
690295042,248
9690878341,248
5122737222,248
9690878343,248
819132568,249
748941508,249
1684781470,249
748941552,250
748941546,250
4195111363,250
4195111355,251
748941556,251
4661317153,252
4661317155,252
4675822093,252
1617647919,252
4675822097,252
4675822100,252
761831000,252
761830938,252
1617647901,252
761831039,252
2496836226,253
2496836231,253
1255490314,253
1150003513,253
806373565,253
811035012,254
5905897286,254
6446218921,254
6446218922,254
1556097034,254
1556097387,254
1556097139,254
1556097111,254
1556097271,254
1556097147,254
1556097215,254
875789647,255
25473201,255
1311961947,255
1311962012,255
1311962111,255
1723315608,256
3247825561,256
3247825562,256
7636278193,256
7636278195,256
7636278196,256
7636278198,256
4807521484,256
1309067471,256
3741131600,256
5927671121,256
3741131606,256
7636244312,256
7636244313,256
7636244314,256
9042037852,256
914822496,256
2624005734,256
914822508,256
9030155763,256
5927671156,256
9030155766,256
9030155767,256
4826555772,256
1755708768,257
1758552678,257
1758552682,257
2990717003,257
1759454351,257
973128722,257
1755708765,257
1755708766,257
7223326412,258
4835108997,258
1144619335,258
1150003170,259
8784212017,259
1150003155,259
4826555767,259
1150003224,259
9808795611,259
4826555768,260
1150003195,260
25632870,260
1150003472,261
25473202,261
9042129984,261
9042129983,261
1238249904,262
7900221108,262
1736734053,262
2140125056,262
1311962065,263
1311961846,263
1311962079,263
1547013760,264
1547013601,264
8785024514,264
1547013704,264
1312453936,264
1547013653,264
1312453879,264
1547013593,264
9694096799,264
1353133536,265
4643336966,265
4643336968,265
4643336979,265
1353133533,265
1547013574,266
6149398572,266
1547013588,266
1547013592,266
1547013724,266
1547013621,267
1547013694,267
1547013567,267
4402629177,268
4402594986,268
1547013655,268
8807410149,269
1547013672,269
1547013705,269
9856119630,269
1547013688,269
1547013699,270
1550763732,270
1547393025,271
1547392771,271
4920098350,271
1547392848,271
1547392818,271
1547392914,271
1547392951,271
1547392728,271
1547392764,271
1547392894,271
1547392927,271
1556097337,272
1556097148,272
1556097245,273
5189042550,273
1951372909,273
5976760443,274
1556324659,274
1590088452,275
1561071644,275
1599652497,276
5504771250,276
1599652492,276
1617532089,277
1617532091,277
3265436260,278
4697288390,278
2341656968,278
4697287178,278
1828408303,278
8620082704,278
6327557047,278
4696568114,278
5146127859,278
4696544885,278
367102039,278
6327557048,278
1617596505,278
4696545402,278
4166662878,278
6868293535,278
1617647898,279
1617647900,279
8373728532,279
1617647903,279
1617647928,280
1617647931,280
1617647924,280
1678452786,281
3474115151,281
7610670751,281
7610670826,282
7610670830,282
7610670771,282
1678452790,282
7610670780,282
7610670781,282
1684835042,283
1684835138,283
1684835110,283
8868809321,283
1684835019,283
6014333809,283
1684835121,283
1684835093,283
1684835030,283
1684835062,283
1684835097,283
1707790024,284
4658088777,284
250549835,285
1718566997,285
1718567007,285
9804685199,286
9804685200,286
9804685201,286
9804685202,286
1723388986,286
7620895974,287
25161384,287
1727515734,287
1755708736,288
4992781181,288
2990721391,288
1828402755,289
1828402756,289
1832248440,290
2576893628,290
1852996517,291
1852996670,291
1939632512,292
108418,292
4826555773,292
1939632510,292
1953096696,293
2632476618,293
7796554012,293
2632476590,293
1990694635,294
1990694647,294
3130435826,295
1990694638,295
6431923714,296
6431923715,296
5471345385,296
9693974377,296
308837357,296
2146369238,296
9161061783,296
9846850972,296
9846850973,296
9846850974,296
2146369240,297
5468301601,297
10607626,297
6332545601,298
9030284967,298
3093894066,298
2254629351,298
2665239972,299
6509684093,299
2665239973,300
2665239975,300
2665239976,300
2665239977,300
2665239978,300
9684083981,300
2935324281,301
2737313094,301
288193455,301
3691462888,302
9804685203,302
9804685204,302
2755124949,302
9804685206,302
9804685205,302
2872704413,303
3706494694,303
2914561217,304
5924603458,304
5924603459,304
5924603460,304
5924603457,304
5924611312,304
5924603444,304
5924603445,304
5924603446,304
5924603447,304
5924603449,304
8500636794,304
5924603452,304
5924603453,304
5924603454,304
5924603455,304
4938216620,305
4166634958,305
3267461735,305
3272782432,306
1547013738,306
3272782429,306
3272782446,306
3644748769,307
3519288132,307
9693628389,308
3741117629,308
9693628390,308
3892081362,309
3892081363,309
5788363874,310
4208239651,310
4208239642,310
9201323561,310
4462680076,310
9201323322,310
5374181585,310
6606148797,310
3972566714,310
6606148798,310
5899711453,310
5899711454,310
4072083342,311
4072083343,311
4166662881,312
8620105277,312
4169836445,312
8675201264,313
7911282822,313
1556097326,313
4169714270,313
8026335686,314
4174200046,314
5609643672,315
4197055203,315
5609643675,315
4316306163,316
4316306164,316
1137777341,316
4401149224,317
4401149225,317
4401149228,317
5927671120,317
5927671155,317
4879371168,318
4879371165,318
4421008566,318
4665352264,319
4665352262,319
4697525032,320
26374229,320
4697525030,320
8497605091,321
4777885221,321
4827019220,322
835390894,322
4866475736,323
4866475731,323
4866475733,323
4942595236,324
9781435149,324
5177352922,325
5177352923,325
5177352932,325
5177352933,325
9733914457,326
5253290694,326
25496750,327
5265840063,327
5609643673,328
5609643674,328
9024139129,329
6369361794,329
6369361795,329
6369361789,329
6645346885,330
6711365597,330
302013777,331
6969936105,331
6969936106,331
7572833353,332
7572833350,332
7911282827,333
4169714271,333
7620895976,334
7926686249,334
7926686252,334
1587330970,335
8783914189,335
8604055550,335
8869040027,336
8869040028,336
9691082176,337
4872502280,337
