node_id,cluster_id
6866516260,0
2453947051,0
4211515660,0
8787384683,0
1832666032,0
1637578546,0
8787692633,0
8787692634,0
104315,0
1236791552,1
4076126468,1
9805219989,1
25509527,1
25509533,1
1236791459,1
9856119617,1
7946372933,1
7946372934,1
7946372935,1
7946372936,1
7946372937,1
7946372938,1
7946372939,1
7946372940,1
7946372941,1
7946372942,1
9197589455,1
9197589454,1
9197589457,1
5516594509,1
1596648673,1
4076126448,1
3817308659,1
3817308660,1
104318,1
6369329152,2
6369329153,2
373364225,2
25504769,2
373364228,2
6369329161,2
6369329162,2
6369329163,2
6369329164,2
3518967818,2
6369329166,2
6369329167,2
6369329169,2
1311962130,2
7926506525,2
7926506526,2
7926506527,2
7926506529,2
7926506530,2
7926506531,2
7926506532,2
319984684,2
2398924845,2
24951856,2
5475684917,2
9310662201,2
9310662202,2
1311962169,2
1678452795,2
1678452796,2
1311962182,2
2387213899,2
441958990,2
441958992,2
9855343702,2
25632855,2
25632856,2
25632857,2
25632858,2
4870281310,2
1215563870,2
18468962,2
1215563875,2
1215563878,2
1215563879,2
1215563894,2
1215563895,2
107641,2
107646,2
107647,2
1215563903,2
373364868,2
373364870,2
373364874,2
3965024397,2
373364878,2
3965024398,2
3965024399,2
973158035,2
107687,2
4922952362,2
1707790029,2
1054045407,2
1311961826,2
1707790052,2
1707790062,2
7553887498,2
8868824843,2
1054045453,2
1163954964,2
7553887509,2
5006978853,2
8868824870,2
8868824871,2
5006978855,2
5006978856,2
5006978857,2
5973627687,2
9781311299,2
3816097104,2
8336028507,2
8336028508,2
8336028509,2
8336028510,2
25500517,2
1081508200,2
1835356021,2
1771426165,2
4860803960,2
4860803961,2
1649365881,2
1268892541,2
1771426174,2
9024139134,2
104320,2
9024139135,2
9024139138,2
9024139136,2
9024139137,2
2466445190,2
1311961991,2
9024139143,2
9024139144,2
9024139145,2
9024139147,2
9024139148,2
9024139146,2
1311962013,2
20965794,2
20965796,2
20965797,2
20965803,2
1163955130,2
316763590,2
316763595,2
7223709662,2
7223709664,2
1311962082,2
7223709668,2
7223709669,2
3644748774,2
1311962089,2
7223728617,2
2466442731,2
9856119641,3
104321,3
268997562,3
104322,4
1718233922,4
8869435268,4
1718233957,4
1718328198,4
1718233994,4
5046005790,4
7553887409,4
2140227862,4
1771426166,4
25161368,4
7553887415,4
7836155866,4
7836164763,4
7836164764,4
1771426173,4
1684511838,4
8438226815,4
4167762779,5
104323,5
8429225386,5
8429706219,5
8429795032,5
295977520,5
6110191186,5
4167762777,5
8429774517,5
4167762776,5
8429795033,5
8429795034,5
8429795035,5
3855607516,5
1237883773,5
107584,6
3847023130,6
251892950,6
107585,7
27460259,7
1312471271,7
4864083785,7
1493722804,7
1312471222,7
6218501751,7
1312471193,7
1312188768,8
107586,8
8043350341,8
8318757606,8
8318757605,8
4835109000,8
255678213,8
1312188619,8
9808795601,8
4726152850,8
8043350325,8
4726152854,8
4726152857,8
1678245252,9
4835109001,9
1312454038,9
1312454068,9
1782717878,9
4430996023,9
30056255,9
3247932481,9
4688513218,9
107587,9
9694087364,9
9694087365,9
8976060358,9
3247932486,9
9694087363,9
3816097108,9
4688513237,9
30056277,9
3816097109,9
3816097110,9
9781190366,9
9781190367,9
9781190368,9
3381130086,9
3381130087,9
109415,9
3381130089,9
3381130090,9
3381130091,9
3381130092,9
25248120,9
2203268985,9
25248122,9
25248123,9
25248124,9
3381130493,9
1365887500,10
2218344498,10
2218344501,10
2218344503,10
2218344505,10
2218344508,10
2218344509,10
2218344510,10
2218344511,10
107588,10
2218344516,10
2218344518,10
2218344522,10
2218340965,10
2218364541,10
2218364543,10
1497452171,10
2961557,10
9710332576,10
9710332577,10
3715515059,10
4866807989,10
5218862786,10
4866705606,10
7223326407,10
7223326408,10
7223326409,10
7223326410,10
7223326411,10
9021504716,10
7223326413,10
7223326414,10
1939558646,10
1939558647,10
1939558648,10
7223365368,10
1939558650,10
7223365371,10
1939558651,10
1939558649,10
7223365370,10
7223365372,10
1939558655,10
1939558657,10
24659709,10
1939558659,10
1939558660,10
1939558661,10
1939558663,10
1939558664,10
1939558666,10
1939558667,10
1939558671,10
1939558672,10
1939558673,10
1939558674,10
2538458898,10
1939558677,10
1939558678,10
1939558681,10
2195965722,10
1939558684,10
1046391070,10
1939558687,10
3139705121,10
2793904931,10
1939558697,10
1939558700,10
1939558701,10
9021535020,10
1939558704,10
8579522887,10
5925584203,10
5925584204,10
3816097106,10
3816097107,10
24950101,10
24950104,10
357999964,10
4866976610,10
4866976611,10
4866976613,10
4866976614,10
109416,10
4866976617,10
25248112,10
25248115,10
25248119,10
8869435258,10
25248127,10
25248128,10
9030155653,10
8807431560,10
1312264600,10
2387224474,10
2387224475,10
2218362306,10
2218362310,10
2218362314,10
2218362316,10
2218362321,10
1312188886,10
2218362332,10
1733389278,10
2218362336,10
2218362849,10
1731216865,10
212916714,10
5473274866,10
4866784251,10
5269678593,11
5977954180,11
2612458244,11
9673091207,11
9673091208,11
9690975243,11
9690975244,11
9690975245,11
9673091214,11
9673091213,11
1312932879,11
3987750677,11
3850146457,11
3987750684,11
3987750685,11
3987750686,11
3987750687,11
3987750688,11
6110164641,11
4210859292,11
3987750692,11
9673189925,11
9673189926,11
6110164647,11
6110164649,11
6110164650,11
6110164659,11
6110164660,11
7900888377,11
4534184507,11
1233350847,11
107602,11
6110191188,11
1312932832,11
7644741345,11
7644741346,11
9703827555,11
7644741351,11
377490664,11
9080123628,11
1312932849,11
7900888437,11
5816743941,12
5816743942,12
5816743945,12
5816743947,12
5816743949,12
5816743950,12
8429945617,12
8429945618,12
4136137525,12
2203888698,12
25475770,12
5816744255,12
1689605567,12
5816744257,12
8429934918,12
107606,12
585199079,12
28418921,12
9693971447,12
1505332730,12
2364384488,13
8030470473,13
585124778,13
1951242858,13
1951242860,13
2364378222,13
2364371185,13
2364379602,13
2364379603,13
2364379604,13
2364379605,13
107613,13
107614,13
1864047135,13
25475328,14
1990912129,14
9700060292,14
4872502279,14
9690878344,14
9632417162,14
9632417163,14
9683581480,14
3385332654,14
9683686963,14
3733791671,14
1155552319,14
1137777343,14
8030470464,14
8030470469,14
7638732490,14
7638732491,14
25475417,14
4832472797,14
9135845214,14
680069471,14
107615,14
8579240311,14
9135845216,14
9135848931,14
9135845213,14
1951242856,14
1951242857,14
1990912106,14
1951242859,14
2364384492,14
2364384490,14
680069483,14
2364387947,14
9135848938,14
9135848937,14
2364371186,14
1990912115,14
8579240307,14
8579240309,14
8579240310,14
8579240308,14
8579240312,14
8579240313,14
8579240314,14
3272782433,15
1312454055,15
1312454087,15
5925584201,15
107626,15
8807410154,15
1312453996,15
8807410152,15
25532475,15
25532332,15
25532464,15
4072083345,15
8390582613,15
3272712566,15
259252667,15
1312454045,15
4077593104,16
5473273373,16
5473273376,16
7745051680,16
7926686250,16
385311796,16
6985395258,16
5473273425,16
1678227031,16
5238587992,16
5473273433,16
5238587994,16
5473273435,16
1569343577,16
329983075,16
107627,16
107628,16
5049840242,16
5049840243,16
5049840245,16
5049840248,16
2961549,16
25161362,16
25161363,16
1569216662,16
25161377,16
25161378,16
25161379,16
4867087535,16
3153656028,16
3153656030,16
1951616231,16
1951616232,16
1951616234,16
1951616236,16
1951616261,16
2378843909,16
1951616263,16
1951616268,16
1951616270,16
1951616276,16
1951616278,16
6463234329,16
1951616283,16
1951616284,16
1951616287,16
1951616291,16
1951616292,16
1951616295,16
1951616297,16
4077599543,16
4077599545,16
9027328314,16
9027328313,16
1951616319,16
5141354328,16
5141354329,16
5141354330,16
5141354331,16
5141354332,16
1312453981,16
5141354333,16
24950113,16
24950114,16
24950115,16
9856119649,16
9856119651,16
385311590,16
5227220846,16
8807431535,16
8807431541,16
1782714747,16
8807431548,16
8807431550,16
6369361790,16
6369361792,16
1678226827,16
4072083344,16
5065949596,16
5065949598,16
1678226846,16
4748394420,16
25532377,16
25532384,16
1678226917,16
8807410158,16
8785024497,16
5141216754,16
1312454029,17
1312454031,17
3887941013,17
2059790748,17
25532576,17
6458938017,17
1312454058,17
1312454061,17
25544110,17
5340811829,17
5340811830,17
25265077,17
25265079,17
4085783099,17
1418752708,17
5340811717,17
1312454090,17
4166634955,17
7911243856,17
1418752721,17
7911243857,17
4166634962,17
763372884,17
7911243861,17
7911243858,17
7911243863,17
9413430622,17
1312453999,17
107632,17
8753664977,18
107634,18
7223298253,18
25161361,18
5141625696,19
4729628192,19
9856119650,19
6369361796,19
6369361797,19
5141625702,19
5141625703,19
25067400,19
7223298252,19
7223298254,19
3644785104,19
107637,19
5141625621,19
5141625623,19
5141625625,19
6369361788,19
5141625630,19
6369361791,19
9856119648,20
5198585557,20
107638,20
5198585559,20
4962956931,21
25505673,21
25504779,21
9611081868,21
25505677,21
25161365,21
9691102358,21
8807441176,21
25505561,21
9691102362,21
3656358065,21
4866653236,21
1311961910,21
7926554423,21
4866651959,21
7926554424,21
4866651962,21
4866651963,21
4866651966,21
7926554430,21
4866651968,21
4866651969,21
7926554431,21
1828402760,21
5046447437,21
1828402765,21
1938819282,21
1938819283,21
1938819284,21
1938819285,21
1938819286,21
25505622,21
1938819288,21
25505624,21
25505629,21
3704225375,21
3704225376,21
3704225379,21
3704225380,21
1938819301,21
25066470,21
1938819306,21
1938819313,21
2012969971,21
4866623226,21
107643,21
107644,21
5207476609,22
5207476610,22
5207476611,22
473264641,22
5207476613,22
5055364614,22
5207476615,22
4627445257,22
5207476617,22
4627445258,22
4627445259,22
4627445261,22
9684083982,22
9684083983,22
9684083984,22
5207476619,22
4627445260,22
107667,22
9684083987,22
9684083988,22
9684083992,22
9684083993,22
9684083995,22
5207477021,22
7066617760,22
473265708,22
4627491642,22
4627491643,22
5207476606,22
390341443,22
1828402769,22
1828402771,22
3813810132,22
3813810133,22
1828402774,22
3696548438,22
472346838,22
4627445213,22
4627445215,22
4627445216,22
4627445217,22
1938819299,22
1938819302,22
1938819304,22
1938819316,22
4627445240,22
4627445241,22
9754527740,22
9754527741,22
9754527742,22
5207476607,22
9754527744,23
9754527745,23
5055364608,23
5055364611,23
5055364612,23
5055364610,23
3265436678,23
3265436680,23
3265436686,23
3265436688,23
8620105233,23
8620105234,23
1678452753,23
8620105236,23
3265436692,23
3265436695,23
8620105240,23
8620105242,23
8620105243,23
8620105244,23
268124704,23
9754453026,23
9754453027,23
9754453028,23
9754453029,23
9754453030,23
9754453031,23
9754453032,23
9754453033,23
8620105259,23
8620105265,23
8620105268,23
8620105269,23
8620105270,23
5177397821,23
5177397822,23
5177397823,23
5177397824,23
5177397825,23
5177397827,23
5177397828,23
5177397829,23
5177397830,23
5177397832,23
5177397835,23
4150883407,23
8755805313,23
107668,23
1239549084,23
2360684188,23
367100073,23
1617532073,23
5177397419,23
5177397420,23
419632303,23
419632306,23
419632307,23
1214922421,23
3972566710,23
4077627063,23
1617532088,23
368044217,23
1214922426,23
1617532090,23
490946748,23
1214922429,23
1617532087,23
1707790023,23
367077584,23
2775635677,23
4034060007,23
4650375402,23
4034060012,23
4034060015,23
4034060017,23
4034060018,23
2265065203,23
2360681713,23
2265065207,23
419632906,23
2140432704,23
9781311297,23
108864,23
4859246418,23
237911,23
6951230826,23
1955520879,23
1813794712,23
268124583,23
4367041960,23
4367041962,23
8620272571,23
473266627,23
2775653836,23
5177410511,23
9691076056,23
455705562,23
864817628,23
2360685543,23
9754527743,23
5342251136,24
1236791297,24
25503880,24
7617755274,24
7617755275,24
4378043789,24
957122446,24
25503885,24
10572178,24
4378043283,24
4072476959,24
107684,24
1726730281,24
747893184,24
7610670913,24
7610670919,24
7610670921,24
1236791506,24
4329502449,24
8785484288,25
1938819344,25
4072476960,25
4630855202,25
4630855203,25
4630855204,25
107685,25
4630855205,25
4729448871,25
107686,25
107688,25
1236791344,25
1726730303,25
25471681,25
8373690833,25
8373690834,25
8373690835,25
8373690836,25
8373690837,25
8373690838,25
8373690839,25
8373690840,25
8373690841,25
1726730329,25
8373690842,25
7613626073,25
7613626070,25
25503841,25
7617785701,25
25503848,25
7617785710,25
8373752817,25
7617785714,25
1726730354,25
4530339698,25
4530339700,25
4530339702,25
4530339699,25
4530339701,25
6293128709,26
21583366,26
4017328647,26
7223695324,26
9756243981,26
9756243982,26
9756243983,26
9756243984,26
9756243985,26
9756243986,26
3518995475,26
4689775124,26
4689775126,26
8785484312,26
1810130457,26
8785484313,26
8785484315,26
8785484316,26
8785484314,26
2293833760,26
2293833763,26
6863550501,26
1419565097,26
25496622,26
6863550510,26
1148276284,26
5006063170,26
5006063171,26
5006063172,26
5006063173,26
5006063175,26
5006063176,26
5006063177,26
5006063178,26
5006063179,26
5006063180,26
6840965712,26
5006063186,26
21563479,26
21563481,26
9756278362,26
9756278363,26
26374236,26
9756278364,26
9024076384,26
9024076385,26
21563489,26
25475182,26
5736692334,26
21563508,26
32921720,26
7223712382,26
2294047369,26
5880188045,26
5880188046,26
761831060,26
4156336279,26
8785567902,26
8263157412,26
8263157413,26
8263157414,26
8263157415,26
8263157416,26
7271474856,26
107690,26
7271474855,26
107692,26
8785503917,26
8785503918,26
8785503919,26
8785503920,26
107693,26
4691514032,26
4530270906,26
4530270908,26
3972566716,26
4530270913,26
1782712524,26
3519005409,26
4822267109,26
1020211942,26
4691460851,26
1236791555,26
25475331,26
1707790085,26
8263166217,26
8263166218,26
8263166219,26
1617596686,26
1707790096,26
1782730512,26
1617596704,26
3519013665,26
1617596711,26
1617596714,26
7223668011,26
7223668012,26
7183962432,26
9781311296,26
9856119621,26
1617647945,26
3497472337,26
7223704403,26
237908,26
4764884821,26
8373651315,26
8373651316,26
5006065037,26
5006065038,26
21563791,26
5006065040,26
5006065041,26
5006065039,26
2586616722,26
4719617974,26
33141178,26
8373690817,26
8373690818,26
8373690819,26
8373690820,26
8373690824,26
8373690825,26
8373690826,26
8373690827,26
8373690828,26
8373690829,26
8373690830,26
8373690831,26
5880186827,26
5880186828,26
8373690832,26
1148276186,26
269589467,26
8373690844,26
8373690843,26
8373690845,26
8373690846,26
3497461727,26
7223695327,26
7223695323,26
7223695326,26
8785568228,26
8373623781,26
321255919,26
5119652864,27
5119652865,27
9781435146,27
2458273291,27
1953202962,27
2453941139,27
6279388821,27
6279388822,27
6279388823,27
6279388824,27
26678169,27
26678168,27
26678171,27
26678166,27
26678167,27
343669791,27
2458257570,27
8975700259,27
8975700260,27
2458257573,27
8975700261,27
5265953450,27
5265953451,27
5265953452,27
1364161197,27
2458257578,27
5265953455,27
2458301100,27
5265953457,27
5265953454,27
5265953459,27
2458260532,27
25495858,27
2458256449,27
8645592521,27
1364172237,27
1832129873,27
6108171363,27
1832129878,27
1953202903,27
25495640,27
21578459,27
25495646,27
6724775011,27
6724775012,27
108389,27
6724775013,27
6724775014,27
6724775015,27
6724775017,27
6724775018,27
6724775016,27
1832248428,27
108390,27
1364168178,27
1364168180,27
2458303223,27
5119652857,27
2458307450,27
5119652862,27
5119652863,27
25495698,28
108391,28
4297054053,29
1601832328,29
6828863691,29
6828863692,29
6828863693,29
6828863694,29
6828863695,29
6828863696,29
6828863697,29
6828863698,29
9576827481,29
9804578356,29
25475674,29
108406,29
6525671279,29
1363483801,29
9576827482,29
2632464416,30
6525670240,30
390073160,30
1125619161,30
2632476621,30
25632684,30
5973397966,30
10606709,30
6525670239,30
108409,30
2632476639,30
2632464413,30
2632431807,30
108420,31
9030284989,31
9030284990,31
4193151464,32
108835,32
4305986091,33
5905893978,33
7620902731,33
108837,33
264824452,34
9684083978,34
3267461759,34
3876713343,34
1678452760,34
20955164,34
1678452770,34
4085767971,34
4085767974,34
4085767978,34
4938216619,34
4085767980,34
4085767983,34
367091632,34
4085767989,34
4085767992,34
2265048377,34
4085767993,34
3267461693,34
3267461696,34
2265050050,34
108867,34
1828402758,34
1828402759,34
262078536,34
3267461710,34
2620105428,34
3267461721,34
9729684314,34
3267461728,34
3267461729,34
3267461737,34
3267461742,34
3267461747,34
3267461752,34
3267461756,34
1536948605,34
3267461758,34
9684083967,34
4211515621,35
108903,35
245200970,35
1830276654,35
4211515569,35
663363473,35
4211515891,35
8256049397,35
8256049399,35
9820537921,36
9820537922,36
9820537934,36
1326821457,36
4297243218,36
1326821465,36
25475693,36
1326821487,36
1326821489,36
4297243295,36
9820538016,36
9820538017,36
4297243298,36
9820538018,36
9820538019,36
1326821542,36
4158004390,36
9820538028,36
4571238064,36
4571238067,36
4571238068,36
4297212084,36
25475767,36
1938953403,36
1938953406,36
1326821568,36
1938953413,36
1938953414,36
1938953417,36
4297212114,36
25470166,36
4297212119,36
1938953430,36
1938953431,36
1326821593,36
1938953433,36
748797145,36
1938953432,36
1938953437,36
21990633,36
21990634,36
21990637,36
21990638,36
1326821624,36
4298970364,36
25497340,36
4298970368,36
25497347,36
4298970380,36
4298970384,36
4297212194,36
4297212204,36
355416911,36
4297242961,36
1601797458,36
355416914,36
355416920,36
109403,36
9820523869,36
9820523870,36
9820523871,36
9820523872,36
108393,36
9820523913,36
9820523914,36
9820523915,36
9820523916,36
9161061776,36
9693963678,36
9693963679,36
9693963680,36
9693963681,36
9693963682,36
9693963683,36
710657963,36
7947041713,36
422573549,36
1913216493,36
25497596,36
25497599,36
25509513,37
470727954,37
1938819346,37
1938819348,37
1938819350,37
1938819351,37
25509526,37
5207487900,37
25481504,37
6988528038,37
6988528039,37
9694031532,37
9201323575,37
1236791504,37
894485202,37
109408,37
109410,37
1236791535,37
9197589363,37
9197589238,37
1536948618,38
109411,38
1536948487,38
1536948474,39
1852996875,39
109412,39
1536948578,39
9694072864,40
109414,40
30078473,40
5334625292,40
7797731341,40
7797731342,40
7797731343,40
7797731340,40
5334625293,40
1566269623,40
4077599544,40
2793874522,40
2961885,40
9030029183,40
109728,41
5931509715,41
25476134,41
1536948608,42
1536948612,42
25505670,42
20626312,42
20626315,42
1536948631,42
6509584413,42
1536948517,42
109734,42
7572522534,42
1536948652,42
7572522540,42
7572522547,42
1536948536,42
1572551227,42
2504847039,42
7572522566,42
4866475730,42
7572522585,42
4866475737,42
1852996954,42
25264998,42
2504822135,42
7572522492,42
7824803494,43
7824803495,43
109737,43
9072449309,43
24952269,43
7824803501,43
4166634957,43
5104314264,43
1536948541,43
1951372959,43
5840176866,44
5201625566,44
1722621630,44
4220613456,44
109746,44
9681020156,44
9681020157,44
2941549918,44
5006764037,45
5006764038,45
5006764039,45
5006764040,45
1312189073,45
1312188945,45
1312188689,45
1312188696,45
25477149,45
25477150,45
25477151,45
25477152,45
25477153,45
25477154,45
26067235,45
25477156,45
26067237,45
1312189091,45
26067239,45
26067236,45
3320743081,45
1954751908,45
1312188843,45
26067238,45
26067234,45
1312188730,45
1312188858,45
9693935550,45
1312188735,45
109760,45
9693935551,45
1312188994,45
1312188614,45
1312188622,45
1312189013,45
1312188760,45
3892081372,45
1312319838,45
3741078112,45
7644884069,45
1312188774,45
1042862726,46
249558409,46
1042862477,46
6304787860,46
6304787861,46
1042862492,46
3735886877,46
3858880674,46
3858880675,46
3858880676,46
3858880677,46
7815143465,46
3673602988,46
3673602993,46
25477300,46
25477301,46
5929540796,46
109766,46
5925628361,46
57786953,46
7911297486,46
9808795598,46
9808795599,46
1042862673,46
9766629717,46
25477335,46
25477339,46
9027367517,46
9027367518,46
9027340515,46
9027340516,46
2935373159,46
1042862696,46
302013673,46
2935373161,46
302013676,46
25477228,46
302013678,46
2935324280,46
9203578106,46
9203578107,46
9856119640,47
373402354,47
109780,47
9856119634,47
9514602150,48
9514602151,48
9514602152,48
9514602153,48
109785,48
4077495951,49
1832129813,49
4077495957,49
1810130458,49
4077495964,49
338474269,49
1832129823,49
4077495971,49
1832129831,49
4077495854,49
4077495855,49
4077495858,49
4077495862,49
4077495867,49
9781311295,49
4077495872,49
4530195657,49
4077495883,49
109815,49
109816,49
109818,50
8975700266,50
3644748770,50
4823246342,51
1150003270,51
1684835245,51
1493658224,51
2036125649,51
1309067472,51
6864015603,51
1141415219,51
1685281076,51
2036125657,51
110143,51
1233327202,52
21990626,52
1787108646,52
1787108647,52
1787108648,52
1787108649,52
1787108650,52
7636180236,52
7636180237,52
9710304460,52
7636180241,52
7636180242,52
1782716888,52
110238,52
4530012702,53
6261920914,53
282708,53
4316306166,53
4530012699,53
1536039932,53
6866779806,53
4530012703,53
2632464415,54
25438732,54
282719,54
4835108995,55
2961540,55
1951616325,55
24661273,55
8807431546,55
2195965723,55
24950109,55
8807431551,55
367114771,56
27458331,56
1312453919,56
1312454048,56
2967343648,56
3215687074,56
2967343649,56
5931501991,56
27458353,56
1547013692,56
1312453950,56
1547013698,56
5342236740,56
1312454086,56
5335245256,56
9710359368,56
9856119628,56
3708234964,56
471488472,56
1312454114,56
5227220835,56
2961891,56
471488484,56
1550763620,56
1547013743,56
367121266,56
1312454015,56
1678452792,57
10572172,57
367106464,58
388455682,58
4240028580,58
25503845,58
9693982149,58
25503851,58
4643337035,58
4630855193,58
7617785713,58
10572179,58
10572180,58
25471732,58
1236791478,58
25471733,58
25471734,58
5207487897,58
25503862,58
4650375357,58
25495617,59
25495618,59
9856119619,59
1985084100,59
1938953377,59
350437608,59
10572779,59
25495695,59
1816038230,59
25495769,59
25495770,59
10572785,60
8972511963,60
25496748,60
8972441127,60
8785568224,61
10572786,61
7847748059,61
1985084095,61
1326821504,62
2466449296,62
20460691,62
6369329158,62
2466449286,62
2466449288,62
8989843465,62
2466449287,62
1326821513,62
2466449289,62
2466449290,62
20460686,62
1326821515,62
2466449293,62
20460681,62
2466449295,62
2466449294,62
20460692,62
20460690,62
20460694,62
10607127,62
10607128,62
2466449297,62
3722411669,62
4807796633,62
20460695,62
20460696,62
20460697,62
9693865890,62
1326821539,62
1326821541,62
25632677,62
5041784501,62
1813618358,62
1326821557,62
372978232,62
5041784633,62
1326821559,62
1596655163,62
1326821566,62
256766529,62
1326821569,62
8868824899,62
372978120,62
1326821577,62
1326821579,62
2466456399,62
2466456400,62
2466456401,62
2466456402,62
1939632526,62
2466456404,62
1366095189,62
2466456403,62
2466456405,62
2466456406,62
2466456407,62
1081508186,62
2466456409,62
5353604060,62
2466456408,62
1326821471,62
1326821524,62
1326821613,62
1326821525,62
1081508209,62
1326821490,62
632447859,62
2466449291,62
372050299,62
1326821502,62
9808795609,63
2632430342,63
2480657190,63
1954751914,63
1954751916,63
1954751918,63
4530057817,63
25497968,63
5060405461,63
10607129,63
9808795610,63
2466456411,63
2466456412,63
2466456413,63
2466456414,63
9808795605,64
10607133,64
2632431806,64
5470932256,65
10607629,65
7947057586,65
5468301555,65
2146369237,65
5470932252,65
5470932253,65
5470932255,65
9782353731,66
8784159562,66
6467134930,66
6467134931,66
8784181688,66
10676799,66
2902624645,67
18393873,67
6985373980,67
6985373982,67
6985373983,67
6985373984,67
1312264610,67
1721713699,67
1312188714,67
1312264618,67
21307200,67
9030121410,67
1782718791,67
1782718792,67
9856119635,67
6985379285,67
6985379286,67
9042027865,67
2406484452,67
1350430181,67
2406484454,67
2406484455,67
9030155749,67
2406484453,67
9030155753,67
2406484460,67
9042053624,67
10677374,67
1312264577,68
1311961985,68
794039687,68
9042133642,68
5043864464,68
28800661,68
28800662,68
1782724124,68
316763548,68
1782724125,68
250550174,68
1401908258,68
1311962043,68
1312264648,68
1312264524,68
1684511955,68
7836155864,68
7836155865,68
7836155867,68
7836155868,68
7836155870,68
1718328435,68
10677375,68
10677376,69
9781190369,69
3499500263,69
7657257518,69
1312188821,69
2297373047,69
2218348156,69
10677377,70
2387220933,70
7082240198,70
3517719434,70
1401416203,70
8318797234,70
8318797235,70
8318797237,70
212927414,70
25248118,70
25069046,70
2642857212,70
8975529088,71
4462680067,71
9203541381,71
1832248457,71
1832248458,71
9781435147,71
5374174224,71
14672924,71
1832129958,71
5374174120,71
7203717550,71
5374183741,71
5374183742,71
25151180,71
5573931377,71
5573931385,71
8975529082,71
8975529083,71
8975529084,71
8975529085,71
8975529086,71
529722111,71
7553887392,72
18382242,72
8869435266,72
7567588716,72
24950093,72
268997560,72
8869435257,72
419347200,73
419347201,73
419347202,73
419347203,73
470729237,73
8785441943,73
8785441944,73
18395811,73
1268900644,73
4729448869,73
1268892338,73
1268900660,73
2919962038,73
2919962039,73
2919962040,73
5976853817,73
354935735,73
2215139515,73
2919962042,73
2919962041,73
2919962043,73
2919962044,73
473262779,73
2919962045,73
2919962046,73
3474115148,73
3267461709,73
3816097102,73
3816097103,73
2140420434,73
1938819289,73
1938819290,73
1938819292,73
1938819293,73
1938819294,73
1938819296,73
1725360097,73
5976850023,73
5976850024,73
1655418222,73
25505648,73
3267461749,73
7610670710,73
4401156476,73
419347194,73
419347195,73
419347196,73
419347197,73
419347198,73
419347199,73
250550400,74
1939632514,74
4992781189,74
1939632519,74
973101839,74
9042120207,74
2387242386,74
8869472274,74
3870640530,74
3870640547,74
3870640548,74
2387240745,74
2387240747,74
1326821561,74
18398282,74
1312335310,74
1326821460,74
1326821592,74
5238500312,74
5238500313,74
914822492,74
9042037853,74
2387245025,74
873684193,74
2387245026,74
2387245027,74
2387245029,74
9030155757,74
9030155758,74
8869472239,74
9030155759,74
9030155760,74
9030155762,74
1326821619,74
8869472247,74
4826555769,74
4992781180,74
5609638014,74
1938819328,75
2387207425,75
1938819330,75
1938819331,75
2387207426,75
8336028513,75
8336028514,75
25161351,75
1938819336,75
1938819335,75
1311962122,75
25161352,75
2387194123,75
8336028515,75
2387194126,75
2387194127,75
8336028516,75
2387194128,75
2387194131,75
2387194133,75
25161366,75
2387207421,75
2387212189,75
1311962016,75
1401926435,75
2387194148,75
2387194149,75
2387194150,75
1782728999,75
9021498664,75
1360122924,75
2387194156,75
2387194157,75
6739026230,75
1678155318,75
1938819325,75
1782725824,75
2387209415,75
9021504714,75
9021504715,75
7836155869,75
9781190365,75
18468958,75
8336028511,75
8336028512,75
18468961,75
6369390690,75
6369390691,75
6369390692,75
6369390693,75
6369390694,75
6369390695,75
6369390696,75
6369390697,75
6369390698,75
6369390699,75
6369390700,75
6369390701,75
6369390702,75
1938819317,75
6369401334,75
1938819319,75
1938819320,75
2387207417,75
2387207418,75
9024139132,75
9024139133,75
1938819326,75
2387207423,75
18469130,76
9856119638,76
2642878568,77
2642878569,77
18469132,77
9856119637,77
4835108998,78
4835108999,78
1571298192,78
1312188692,78
9710348827,78
9710348828,78
20458273,78
20458275,78
2003007012,78
20458277,78
250325411,78
3334162601,78
2490721964,78
1312188845,78
4618510643,78
1312188731,78
1312188988,78
250327100,78
8868194757,78
9710304459,78
8868001103,78
8868001104,78
9856119632,78
250549587,78
7926563545,78
8868194778,78
21990624,78
21990625,78
2934268020,78
2990780037,79
2990780039,79
20460680,79
2990806410,79
2990806411,79
2990806413,79
2990806415,79
2990806416,79
968499092,79
968499093,79
4246525220,79
4246525223,79
316763559,79
316763561,79
316763563,79
1758554286,79
8975833904,79
8975833905,79
6978563378,79
6978563379,79
6978563380,79
1758554291,79
6978563382,79
6978563383,79
6978563384,79
8975833913,79
8975833912,79
8975833915,79
4682627259,79
8975833914,79
1758554294,79
1758554289,79
6978577985,79
4682627266,79
4682627265,79
256766532,79
1150003147,79
1150003532,79
9041828942,79
1759454163,79
1759454429,79
3763407460,79
5041784423,79
5067002867,79
6978531575,79
6978555518,79
20460687,80
25497872,80
20460688,80
6506796188,80
20965804,80
4860825518,80
9693963701,80
9693963702,80
9693963703,80
9693963704,80
9693963705,80
9693963706,80
9693963707,80
1326821564,80
9693963708,80
255860415,80
1813618497,80
435104715,80
435104717,80
5238528591,80
1326821585,80
1326821596,80
5353604061,80
25497824,80
25497828,80
4369519204,80
25497829,80
4369519219,80
25497845,80
20625793,81
6301948477,81
5976760445,81
5976760446,81
5976760447,81
9694032608,82
9694032609,82
585200775,82
20625800,82
585200818,82
710521820,82
9694032606,82
9694032607,82
5189042552,83
20626282,83
8675201272,83
5189042551,83
7824803490,84
7824747299,84
7824803492,84
7824747301,84
1536948646,84
7824803493,84
4085778920,84
7824747306,84
5146186589,84
7824803500,84
1536948431,84
1536948529,84
20626301,84
5146186590,84
9856119647,84
3796814729,85
20626310,85
20626311,85
7572522513,86
20626316,86
7572522511,86
1360122886,87
1236791433,87
20955158,87
9805219991,87
9805219992,87
9805219993,87
9805219994,87
1360122917,87
4076095791,87
1609966653,87
9856119620,87
9197322310,87
9197326420,87
3519872213,87
4076095834,87
1360122845,87
1360122856,87
21685484,87
1360122861,87
1360122873,87
2398924896,88
6369329154,88
20965798,88
20965799,88
6369329160,88
20965800,88
4428887946,88
2398924843,88
25500427,88
6369329165,88
1782729295,88
1782729296,88
6369329171,88
1326821587,88
2398924853,88
2398924855,88
104319,88
2398924898,89
9781311298,89
20965801,89
7946378607,89
7946378608,89
9310682079,89
2398924893,89
2398924863,89
4369519227,90
20965805,90
20965806,90
21307201,91
1312264546,91
1755265415,91
21990631,91
873809385,91
5042033643,91
9042025325,91
21307202,92
1755265444,92
5041945479,92
250550024,92
5041945481,92
250550023,92
2990721389,92
8869464398,92
1755265428,92
1755265432,92
1343823418,92
28800670,92
4661317536,93
3328228993,93
3328228994,93
3328228996,93
3328228998,93
25524297,93
5177397418,93
21392267,93
3328229004,93
1617596593,93
4663309171,93
4661317524,93
4663312695,93
4663312696,93
4663312697,93
4663312698,93
21392273,94
3972566713,94
4859246420,94
21392276,95
9856119623,95
6828927809,96
6828931875,96
1148249927,96
6828921209,96
1832227886,96
25495824,96
21392278,96
1707790105,96
6828921210,96
6828921211,96
5603454625,97
5603454626,97
6606135979,97
21392279,97
21523714,98
21523715,98
3145798533,98
4726152840,98
4726152844,98
4726152847,98
4726152848,98
3215685153,98
1312471208,98
5342236733,98
9694087358,98
9694087362,98
4864083784,98
6465896909,98
4195103055,98
6218501713,98
6218501715,98
6218501717,98
471488469,98
6470264535,98
6470264536,98
4688513241,98
1678283238,98
1678283242,98
6218501740,98
1678283244,98
1678283247,98
6218501746,98
7797330549,98
6218501757,98
5335233120,99
2934288514,99
250324965,99
21523718,99
5165786239,99
21523719,99
8042022825,99
5573991659,99
5573991660,99
4138224462,99
5335233113,99
1014649631,99
5009060057,99
5335233114,99
2934288509,99
5335233119,99
1617596646,100
1617596621,100
21563503,100
1617596627,100
1617596659,100
1617596669,100
9659603285,101
21578454,101
9748953621,102
21578461,102
4331121754,103
21685481,103
21685483,103
1837610895,103
1360122929,103
25500530,103
1360122933,103
1163955034,103
4331121755,103
269547420,103
4370333648,104
21685485,104
4462683090,105
21686572,105
21686574,106
4462680070,106
3515286914,107
3515286915,107
3515286916,107
5565466183,107
1493676622,107
1493676623,107
28728208,107
25477106,107
21990614,107
1771453860,108
1711679434,108
9375170320,108
9375170321,108
9375170322,108
9375170323,108
9375170324,108
9375170325,108
9375170326,108
28728187,108
21990620,108
4556931602,109
4556931604,109
21990622,109
21990627,110
475396924,110
8672066581,110
7636180239,110
8923643490,111
21990628,111
9030155750,111
9030155754,111
1719422038,111
9856119639,111
8923643489,112
21990629,112
5875062472,112
9808795604,112
9042053623,112
5565443389,112
9693628386,113
250327618,113
5565443397,113
21990630,113
5875062471,113
1326821544,113
250327591,113
9030155755,113
9030155756,113
8868010287,113
9808795603,113
5565443390,113
21990632,114
9030155751,114
1718566880,114
5141625698,115
1569241807,115
25161360,115
1569241808,115
24659764,115
7906964247,115
7906964248,115
7906964249,115
7906964250,115
7906964251,115
24659907,116
24659947,116
24949780,116
1311961990,116
9693920801,117
9693920794,117
9693920795,117
9693920797,117
24660863,117
1312453954,118
1556260235,118
24661966,118
25544111,118
1312453966,118
1556260241,118
1312454066,118
25544112,118
1312454100,118
24662037,118
1312453915,118
24950048,119
5095547180,119
5095547184,119
24950005,119
24950013,119
2389802904,120
24950050,120
2389802901,120
2279592862,120
5227220845,121
24950064,121
24950065,121
5227220848,121
5218844445,121
5218844446,121
8807429664,122
2387226304,122
2387226307,122
2387226309,122
2387226311,122
2387226313,122
9691082671,122
24950097,122
9024139130,122
1951616327,123
8807431559,123
5095547321,123
24950102,123
24950105,123
25248113,124
25248114,124
24950107,124
9030155654,124
9693920802,125
9693920803,125
24950110,125
24950111,125
24950112,126
25248126,126
1721678995,127
316763501,127
24950117,127
24951853,128
4922952373,128
9693760971,129
24951854,129
5046314041,129
5046314042,129
5046314043,129
25632860,129
24952195,130
2528522503,130
2528522507,130
2528522518,130
1556324759,130
2528522528,130
6985465124,130
6985465125,130
6985465129,130
6985465130,130
2528522542,130
6985465145,130
1556324793,130
9694091972,130
9694091973,130
1556324683,130
1556324684,130
25278669,130
25278670,130
3385387604,130
3385387605,130
3385387606,130
3385387607,130
4117882851,130
4117882852,130
4117882856,130
4117882857,130
4117882860,130
24952267,131
6166157035,131
25066338,132
25066412,132
8807429665,133
5090420610,133
3517985666,133
5090420964,133
25161348,133
5090420614,133
5090420940,133
25066419,133
9024139131,133
8807429660,133
5090420958,133
5090420959,133
25066450,134
1717650794,134
25066451,134
25066453,134
5047029678,135
25066461,135
25066462,135
3704225378,136
1536948581,136
4085778923,136
1536948622,136
1938819279,136
9684101713,136
4085778934,136
4143767990,136
25066684,136
1852997088,137
25066784,137
25066694,137
25066696,137
25161353,137
4866591373,137
4866591374,137
4866591375,137
4866591376,137
3816097105,137
3233714196,137
3233714198,137
9856119645,137
3233714192,138
3233714193,138
3233714194,138
3233714195,138
3233714197,138
25067068,138
25067264,139
25067265,139
2566132609,139
1569382119,139
1569382170,139
1569382174,139
2504822145,140
25067266,140
25067267,140
1852996996,140
2504822137,140
2504822139,140
6509584414,140
25066687,140
25067304,141
2566132610,141
2566132611,141
9753609738,142
9753609739,142
9753609740,142
9753609741,142
9753609742,142
9753609743,142
9753609744,142
9753609745,142
9680972178,142
9680972177,142
9680972185,142
25161373,142
7824747295,142
7824747298,142
7824747300,142
7824747302,142
7824747303,142
7824747304,142
7824747305,142
25067307,142
7824747308,142
7824747307,142
6967585841,142
6967585842,142
1827389620,142
1782727992,142
700774224,142
25067324,143
5141876996,143
5141877239,143
25067395,144
25067396,144
25067397,144
5146186470,144
950703625,144
950703626,144
5146186463,144
5146186489,144
25067326,144
1726783391,144
9856119646,145
25067427,145
25067398,145
1951616322,146
5104314275,146
25067461,146
25067463,146
25067469,146
25067470,146
5104314255,146
5104314256,146
5104314384,146
25067473,146
25067476,146
1186508405,146
5104314353,147
25067727,147
1569343756,147
25067479,147
25067636,148
1569343909,148
25067558,148
25067728,149
5104314096,149
5104314098,149
5104314325,149
25067670,149
1569343576,149
25067914,150
1569216650,150
25067920,150
7911231380,150
1722621718,150
7911231384,150
25067803,150
1569216123,150
25161375,150
5141228834,150
1569216316,150
4085783103,150
4085783105,150
1569216326,150
6446292570,150
1951616226,150
5141216740,150
5141216741,150
7911267687,150
7911267688,150
7911267690,150
7911267692,150
7911267694,150
7911267695,150
7911267696,150
9659831673,150
9659831674,150
9659831675,150
25265023,150
1569312412,151
25067933,151
25067871,151
1569343523,152
5141216745,152
25067883,152
5141216790,152
25067936,153
5141216746,153
5141216782,153
25067935,153
25071090,154
25071131,154
25161345,155
1771426172,155
7836164765,155
5087519104,156
25161347,156
5090420965,156
5247857728,157
9691101411,157
9691101412,157
25161357,157
2387194158,157
5141877019,157
9042026424,158
25161371,158
9856119636,158
6032044867,159
6032044868,159
25161380,159
25161381,159
25161383,159
8318797236,160
25248117,160
7636163631,160
25248125,161
1211381855,161
7911267686,162
4077579334,162
473258249,162
2142502090,162
1727515754,162
7911267693,162
473258639,162
25265075,162
25265078,162
763372886,162
1938819329,163
25504129,163
1938819340,163
4383369519,163
4383369553,163
25470781,163
25470784,164
4379801334,164
25470783,164
25471736,165
25503860,165
7271474849,166
321255907,166
25472324,166
4675821925,167
4675821932,167
762080111,167
4675821944,167
25472379,167
25472545,168
4665353645,168
1617596591,168
8373728533,168
25472566,168
25473048,168
1617596607,168
1882379274,169
1882379248,169
1882379285,169
4425001783,169
25472760,169
25472763,169
3247578846,169
4823246341,170
4425001781,170
4425001782,170
25472767,170
7447716112,171
25472789,171
9161061774,171
25472800,172
4571194090,172
4571194091,172
1954751920,172
2036125650,172
2940401398,172
6014339453,172
1684835105,173
1684835107,173
3739048019,173
3739048020,173
3739048021,173
25472885,173
25472890,174
1617647934,174
4675822095,174
1311962080,175
9042129985,175
9042129986,175
1401893666,175
1311961868,175
1215563885,175
25473199,175
25473200,175
25473204,175
25473205,175
1215563897,175
6871422362,175
6871422364,175
1759454078,175
25473203,176
5067002855,176
1759454118,177
1759454122,177
25473206,177
25473207,177
1759454104,177
1366095190,177
1759454106,177
5041784634,177
6871422365,177
9683585635,178
4085387943,178
4085387945,178
7246486955,178
4136124524,178
4136124526,178
4078858000,178
4078858001,178
585127354,178
585148380,178
6265654109,178
25473279,178
869968536,179
25473281,179
697037343,180
5905807278,180
8579276917,180
9694104278,180
25474005,180
25474015,180
9694091974,181
9694091975,181
9694091976,181
9694091977,181
9694091978,181
6149398571,181
9694091981,181
25475053,181
9694091983,181
9694091982,181
1312471255,181
1312471228,181
25475072,182
1547657104,182
7236131861,182
7236131862,182
7236131864,182
7236131865,182
9690769059,182
277337783,182
6332695637,182
6332695638,182
9135848919,182
9135848920,182
9135848921,182
9135848922,182
9135848923,182
9135848924,182
9135848925,182
6332695639,182
585180151,182
1233350889,183
9856119626,183
9856119627,183
283061836,183
3231501611,183
1233350862,183
4166967089,183
675734610,183
675734613,183
25475419,183
675734622,183
25475561,184
9690878337,184
1312471188,185
1312471196,185
1312471202,185
4920098342,185
4920098343,185
6266867112,185
6266867113,185
6266867114,185
6266867111,185
1312471223,185
9690974275,185
9690974276,185
9690974277,185
9690974278,185
25475661,185
1312471252,185
9699944538,185
1312471265,185
9699953505,185
4715264000,186
6014302222,186
6014302223,186
6014302226,186
6014302227,186
6014302228,186
1312932894,186
8064065316,186
4136137529,186
9690915259,186
9690915263,186
9690915264,186
9690915265,186
9690915267,186
9690915268,186
9690915271,186
9690915273,186
9690915274,186
9690915275,186
25475663,186
25475664,186
4167762778,186
4529881970,186
8429945717,186
6696695781,187
8784000965,187
25475678,187
6696695783,187
25475688,188
25475690,188
25499095,188
25499104,189
25475691,189
4297212128,190
4297212129,190
25475692,190
9823138208,191
9823138209,191
1326821607,191
1326821594,191
25475694,191
25475695,191
25475696,191
25475697,191
4297211186,191
4297211187,191
25475698,191
435104726,191
435104728,191
355416921,191
1326821466,191
9823138206,191
6273056647,192
6273056648,192
6239229422,192
6239229423,192
435104721,192
25475699,192
1326821620,192
9693963699,192
6272993491,192
6272993492,192
25475754,193
1816777875,193
1493229962,193
4920098349,194
5931509720,194
5931509721,194
25476124,194
25476127,194
7636278191,195
7636278194,195
4401149234,195
7636278197,195
7636278199,195
7636278200,195
7636278201,195
4826555771,195
25477148,195
3093894065,196
3093897988,196
25477197,196
2402557839,196
25477258,197
347541973,197
28419328,198
3550836102,198
3528738439,198
3528738440,198
5257738379,198
251757452,198
5257738381,198
2934411661,198
5257738384,198
251757458,198
5257738387,198
2934411667,198
5257738389,198
5257738390,198
4827050921,198
6280047277,198
6280047278,198
6280047280,198
5160943793,198
5160943794,198
5160943797,198
5160943803,198
9375078973,198
5160943806,198
5160943807,198
9375078975,198
9375078974,198
1039290562,198
4144358216,198
4144358217,198
9808795600,198
9375100241,198
1039290578,198
9375100242,198
9808795602,198
1039290584,198
1039290586,198
251757533,198
1771458655,198
1771458658,198
27351282,198
27351284,198
1939632504,198
25477371,198
249679102,198
806373533,199
25477774,199
819157946,200
25477858,200
4556931603,200
3661703766,200
1938953379,201
1832052008,201
338472562,201
25495543,201
1832227893,201
25495542,201
338472567,201
1832129783,201
25495697,202
9856119622,202
25495808,203
1832227968,203
2453941147,203
343669798,203
1364169899,203
1832228016,203
1953202907,203
25495807,203
1834657467,204
25495820,204
1834657469,204
6354294763,204
4275394254,205
25495822,205
25495823,205
447887921,205
350437528,205
5899738713,205
5736847361,206
5736847362,206
5736847363,206
5736847364,206
25495852,206
470727776,207
749947393,207
25496100,207
749947402,207
25495854,207
25495855,207
350629203,207
269584410,207
317930380,208
4211515637,208
4211515622,208
25496775,208
1816038211,209
25496783,209
25496786,210
25496787,210
1985084135,210
2453947049,211
8787384684,211
8787384685,211
8787384686,211
4211515634,211
25496792,211
4211515644,211
4211515645,211
25496800,212
1816038233,212
323260106,212
1816038214,212
25496821,213
5060391417,213
25496820,213
321255925,213
1832129795,214
4077495820,214
4077495821,214
6407948172,214
25496847,214
25496848,214
25496849,214
25496850,214
5504212623,214
4730978978,214
4730978981,214
4730978982,214
1684437690,214
1684437692,214
1655214934,214
25497563,214
25497564,214
1655214955,214
6124650606,214
1832129778,214
4076126707,214
1832129789,214
1938953399,215
25496857,215
4730978984,215
9161061778,215
9161061779,215
9804471701,215
25496854,215
9804471702,215
5948183671,215
25496855,215
9203537438,215
9203537439,215
9690974272,216
9690974274,216
25497222,216
4920098344,216
1312471216,216
9690974263,216
9690974264,216
9690974265,216
9690974266,216
25497603,217
9856119625,217
1547657140,217
9694104279,217
9694104280,217
1312471226,217
9804653408,218
6369329156,218
25497611,218
25497612,218
1813618227,218
1813618228,218
1813618229,218
1813618230,218
4870281309,218
9804653406,218
9693963689,219
7075087298,219
25497619,219
7075087297,219
2135411308,220
5711517565,220
5457908028,220
25499655,220
4378043682,221
25500246,221
367104392,222
5114681227,222
9024139149,222
5114681230,222
25504143,222
25504144,222
9024139150,222
7607080091,222
3497483291,222
1726730162,222
1726730165,222
1678452797,222
1678452799,222
1678452802,222
1726730307,222
2387213896,222
8785457867,222
2387213902,222
2387213904,222
8336028504,222
8336028505,222
4328443355,222
25577057,222
2140421219,222
2140421220,222
2140421222,222
2140421223,222
2140421224,222
1793420652,222
25500535,222
7607077372,222
25504145,223
25504146,223
25504148,223
1835355916,224
1793420660,224
25504149,224
1707790044,224
4232015838,224
25504770,225
367105858,225
25504755,225
367105859,226
1268892466,226
1268892467,226
25504756,226
4089226784,227
4085767970,227
9684083971,227
419350723,227
9684083975,227
9684083976,227
9684083977,227
4089236235,227
4089236236,227
419350669,227
25504760,227
6509584408,227
25505585,228
25505679,228
25505593,229
25505630,229
7572833379,230
7572833380,230
7572833381,230
25505607,230
25505618,231
25505643,231
1828402762,231
1828402763,232
1828402764,232
2142508727,232
25505662,232
25505695,232
1852996856,233
25505685,233
1852996734,233
2343269909,234
9201323564,234
25509525,234
8785024515,235
8807410150,235
8807410151,235
1556097320,235
1547013710,235
25532494,235
9856119631,235
1547013554,235
1547013589,235
1547013719,235
1556097048,236
25532542,236
4826448085,237
25632678,237
5711517571,238
2632430340,238
25632774,238
275180300,238
9161061775,238
2331184927,238
2331184929,238
2331184930,238
2331184931,238
2331184932,238
2331184934,238
2331184935,238
2632464427,238
25632683,238
1723388979,238
1954751924,238
1723388985,238
469759942,238
446765895,238
4703542482,238
4703542483,238
9808795606,238
9808795607,238
9808795608,238
6525670234,238
6525670235,238
6525670236,238
6525670237,238
6525670238,238
2135411294,238
2135411296,238
2135411297,238
6525670242,238
6525670241,238
4571940314,238
2632488435,238
3076574323,238
9804774392,238
316763600,239
316763586,239
25632859,239
9856119643,240
3519879307,240
25632862,240
25632864,241
25632865,241
1215563905,241
1215563890,241
244128953,241
25632863,241
25634199,242
2632486641,242
2632486645,242
3586606038,242
3586606039,242
2632486646,242
5306194265,242
9703794688,243
9080098305,243
9080098306,243
9080098307,243
9080098308,243
1014803714,243
1014803718,243
3528738438,243
9080098312,243
9080098313,243
9080098309,243
3528738434,243
1014803721,243
3528711693,243
9080098314,243
3876429831,243
3528710290,243
2934411668,243
9030037142,243
1014803736,243
255051289,243
6995618979,243
2935392676,243
3858880678,243
3528711722,243
6280047275,243
27459116,243
27459120,243
27459638,243
5160943798,243
9694087360,243
28418497,243
472493763,243
9703794689,243
9703794690,243
302013776,243
3073173585,243
27459165,243
9080123618,243
9080123619,243
9080123622,243
6969936109,243
6969936112,243
1939632502,243
2914561272,243
9703794686,243
9703794687,243
429346241,244
9693974851,244
9703794692,244
9703794693,244
9703794691,244
9080123623,244
9703794694,244
9703794696,244
4054356842,244
9703794695,244
9703794697,244
4223357836,244
9693971464,244
27460210,244
3987750679,244
5517519002,244
429346236,244
27459198,244
9694087361,245
21523716,245
27460198,245
1014649672,245
3247933387,245
27459830,245
6995618971,245
9694087359,245
28418880,246
27459905,246
1312471267,246
429346243,246
4534184516,246
742399752,246
1312471210,246
4629462859,246
429346253,246
1312471217,246
1312471197,246
1312471190,246
9693971449,246
9693971450,246
9693971451,246
9693971452,246
28418877,246
28418879,246
27459969,247
27459970,247
5165786242,247
2934288513,247
8515091589,247
5165786245,247
2934288517,247
27459971,247
2934288518,247
2934288523,247
2934288530,247
1043001378,247
3906588452,247
4430996033,247
1043001410,247
3247933381,247
1043001422,247
1043001423,247
27459945,247
27459951,247
27459959,247
6218501753,247
27459966,247
27460250,248
7487734942,248
4054356847,248
2969439040,249
1233350848,249
2612458246,249
9080123624,249
9080123627,249
27460439,249
5904585328,249
377490677,249
2872699894,249
3220254039,249
1042862785,250
7911297478,250
302013672,250
302013674,250
302013675,250
7815533548,250
7815533546,250
6345441358,250
7911297487,250
3486459762,250
3486459764,250
3486459765,250
249558966,250
347539416,250
27480956,250
7815143559,251
347541965,251
3486459766,251
7911297463,251
7815143581,251
3735889430,251
347542743,251
27480957,251
27480960,252
27480961,252
9678821156,252
9678821159,252
9678821160,252
9678821161,252
3486459769,252
28193265,253
3170676207,253
3892081378,254
4344245894,254
1014803686,254
7817162929,254
1014803702,254
1014803704,254
3894948093,254
28418138,254
3894948091,254
3892081373,254
2140124996,255
249679365,255
7797338599,255
7797338600,255
1014803691,255
302013681,255
4244498866,255
302013682,255
28418141,255
28418144,256
4344245892,256
4344245893,256
9693910743,256
3984132034,257
3984132035,257
3984132037,257
302013708,257
4422013486,257
28418929,257
4244498867,257
4244498868,257
28728210,258
7191329811,258
2990651905,259
1755708646,259
1755708647,259
1755708648,259
1758552521,259
1758552522,259
2990664881,259
28800660,259
973128725,259
9693929369,259
1755708737,260
1755708738,260
1755708739,260
9693903657,260
28800664,260
1755708730,260
1755708732,260
5565443391,260
2990651920,261
2990651921,261
28800666,261
5041945508,261
5046314073,262
5046314090,262
28800671,262
28800672,263
9856119642,263
8869435290,263
5247852872,264
316763513,264
5046314091,264
5046314092,264
316763500,264
28800689,264
5224630617,264
9693730842,264
5046314077,264
5046005758,264
3847023131,265
30056310,265
1547392865,266
5580861156,266
8579233861,266
8579233862,266
707377287,266
30056330,266
6600283121,266
4619022514,266
1547393045,266
1547013754,266
3830043581,266
1238259337,267
4530011788,267
6261920913,267
4530012690,267
6261920915,267
4530012691,267
4530012692,267
4530012694,267
4530012695,267
4530012696,267
4530012700,267
4530012701,267
3499567135,267
4530012704,267
1771453217,267
1771453218,267
7805198627,267
4729385030,267
4729385031,267
9808795596,267
59526352,267
1731225566,267
1150003423,267
249470452,267
3741131608,268
149431715,268
347335859,269
8868010205,269
213668839,269
250549699,270
250549700,270
8868010279,270
8868010280,270
8868010281,270
8868010218,270
213668842,270
213668844,270
8868010221,270
8868010202,270
1685272862,270
1719422032,271
213670986,271
1312189047,271
2642878644,272
213672005,272
249559005,273
302013662,273
7900221088,274
249560091,274
9021491075,274
7900221087,274
4116809027,275
4116809028,275
249679343,275
250325410,276
3787645606,276
3787645607,276
3787645608,276
3787645609,276
3787645610,276
5492419692,276
250326914,277
1401416208,277
8868010162,277
250327159,277
8868010171,277
250327037,278
1310663631,278
9693628387,279
9693628388,279
347335878,279
2642612586,279
250327576,279
7151566952,280
250327660,280
338319877,280
1312188704,281
1312189057,281
354886082,281
1312188741,281
250549670,281
1312189098,281
1312188722,281
1312188883,281
1312188660,281
1312188694,281
1312188824,281
1312188955,281
1312188797,281
251892353,282
251892475,282
5925626141,282
5925626142,282
3930921860,283
3708234957,283
4230027057,283
251892564,283
843376599,283
4378043667,284
269547419,284
4378043661,284
4378043662,284
9051462722,285
2112030873,285
4823243100,285
6855696495,285
6855696497,285
6855696498,285
6855696500,285
627985397,285
275179893,285
275179767,285
6855696504,285
6855696502,285
2112030869,285
291951643,285
6855696503,285
283062189,286
690295047,286
316763545,287
5046005745,287
5046005743,287
316763584,288
5046627553,288
1215563891,288
5046627645,288
1145174402,289
4571241384,289
9820538031,289
355416887,289
355416890,289
355416892,289
3257317059,289
9820537936,289
9820537937,289
9820537940,289
9820537941,289
9820537942,289
9820537943,289
9820537944,289
9820537946,289
1165343843,289
4729480806,289
4729480807,289
4729480808,289
4571244658,289
4571244659,289
4571244663,289
9693971465,290
4230595026,290
377494060,290
27331469,290
9693971448,291
429346251,291
435104736,292
435104732,292
435104735,292
1723340842,293
435104742,293
7918978033,294
438170475,294
1547013711,295
471488499,295
4847781268,295
1493722803,295
1550763764,295
473219610,296
8814668141,296
5104314222,296
25161386,297
473258827,297
3644748773,297
473264457,298
1268903266,298
4715264001,299
4715264002,299
4715264004,299
722208263,299
585129712,299
4715263992,299
1312471258,299
4136137530,299
1561411396,300
585201189,300
8579276918,300
4462680068,301
7840712839,301
4462680078,301
1360122901,301
595709975,301
5573994014,301
5573994016,301
5573994017,301
5573994019,301
5603454628,301
5603454627,301
1360122919,301
1360122925,301
1938953395,301
1360122937,301
6329690691,301
8975645638,301
8975645640,301
8975645641,301
4512763348,301
1360122841,301
5460658138,301
1360122860,301
5839156209,301
1360122866,301
1360122871,301
8869472240,302
632438506,302
20460684,302
4992781175,302
3068267824,303
670103313,303
690295042,304
9690878341,304
5122737222,304
9690878343,304
6327615074,305
6327615075,305
748885412,305
6327615076,305
1707790055,305
4658088585,305
1707790057,305
4650375309,305
1707790063,305
4650375504,305
1707790064,305
1707790067,305
4650375508,305
4658088539,305
1955520890,305
3972566715,305
819132568,306
748941508,306
1684781470,306
748941552,307
748941546,307
4195111363,307
4195111355,308
748941556,308
4661317153,309
4661317155,309
4675822093,309
1617647919,309
761831000,309
761830938,309
1617647901,309
761831039,309
2496836226,310
2496836231,310
1255490314,310
1150003513,310
806373565,310
811035012,311
5905897286,311
6446218921,311
6446218922,311
1556097034,311
1556097387,311
1556097139,311
1556097111,311
1556097271,311
1556097147,311
1556097215,311
875789647,312
25473201,312
1311961947,312
1311962012,312
1311962111,312
1723315608,313
7636278193,313
7636278195,313
7636278196,313
7636278198,313
4807521484,313
1309067471,313
3741131600,313
5927671121,313
7636244312,313
7636244313,313
7636244314,313
9042037852,313
914822496,313
2624005734,313
914822508,313
9030155763,313
5927671156,313
9030155766,313
9030155767,313
4826555772,313
1755708768,314
1758552678,314
1758552682,314
2990717003,314
1759454351,314
973128722,314
1755708765,314
1755708766,314
1125619075,315
2632488445,315
7223326412,316
4835108997,316
1144619335,316
8784212017,317
1150003155,317
9808795611,317
4826555767,317
4826555768,318
1150003195,318
25632870,318
1150003224,319
1150003170,319
1150003472,320
25473202,320
9042129984,320
9042129983,320
1150003480,321
1150003547,321
5565487612,321
4682627264,322
1150003571,322
256766533,322
6978563381,322
1238249904,323
7900221108,323
1736734053,323
2140125056,323
1312188679,324
1280491924,324
1280491926,324
2402557599,324
2387232555,324
2387232556,324
2387232557,324
2387232559,324
2387232561,324
2387232563,324
3741117630,324
1722268367,324
9856119633,324
1722268381,324
1722268384,324
1722268388,324
5492419693,324
5565455857,324
5565455858,324
8236052983,324
8236052987,324
8236052988,324
8236052990,324
8236052991,324
1547013760,325
1547013601,325
8785024514,325
1312453936,325
1312453879,325
25496910,326
1312471189,326
9690974262,326
1312471231,327
1312471191,327
1319881922,328
4730978979,328
1319881924,328
4730978983,328
25496851,328
256766531,329
3739049348,329
1326821480,329
2387242385,329
4826555770,329
1353133536,330
4643336966,330
4643336968,330
4643336979,330
1353133533,330
1547013592,331
1547013588,331
1547013724,331
1547013574,331
1547013621,332
1547013694,332
1547013567,332
4402629177,333
4402594986,333
1547013655,333
8807410149,334
1547013672,334
1547013705,334
9856119630,334
1547013688,334
1547013699,335
1550763732,335
1547013704,336
1547013653,336
9694096799,336
1547393025,337
1547392771,337
1547392848,337
1547392818,337
1547392914,337
1547392951,337
1547392728,337
1547392764,337
1547392894,337
1547392927,337
6218468163,338
1550763749,338
9704122321,338
4847781269,338
1550763708,338
1556097153,339
1556097448,339
1556097227,339
5905896973,339
1556097166,339
1556097177,339
1556097178,339
1556097051,339
1556097185,340
1556097368,340
24952196,340
1951372935,340
4085404136,340
1556097321,340
1556097098,340
1556097163,340
4777897927,340
4777897928,340
1556097137,340
4018000435,340
1951372915,340
1556097080,340
1556097118,340
1951372927,340
1556097136,341
6918421512,341
6918421504,341
6918421503,341
1556097337,342
1556097148,342
1556097217,343
1951372930,343
1556097092,343
1556097222,343
4085404135,343
1561071656,343
1556097353,343
1561071655,343
1561071632,343
1556097431,343
1556097306,343
1556097245,344
5189042550,344
1951372909,344
5976760443,345
1556324659,345
1571298195,346
20458276,346
1571298141,346
1590088452,347
1561071644,347
9805219990,348
1596648671,348
1599652497,349
5504771250,349
1599652492,349
1617532089,350
1617532091,350
4697288390,351
5146127859,351
367102039,351
1617596505,351
4696545402,351
1617596616,352
1617596615,352
1617647898,353
1617647900,353
8373728532,353
1617647903,353
1617647928,354
1617647931,354
1617647924,354
1617647944,355
8373728530,355
25475332,355
1678452786,356
3474115151,356
7610670751,356
7610670876,357
1678452788,357
1678452789,357
7610670892,357
7610670826,358
7610670830,358
7610670771,358
1678452790,358
7610670780,358
7610670781,358
7607077361,359
7610670906,359
1678452793,359
1678452791,359
1684835042,360
1684835138,360
1684835110,360
8868809321,360
1684835019,360
6014333809,360
1684835121,360
1684835093,360
1684835030,360
1684835062,360
1684835097,360
1707790024,361
4658088777,361
3197333544,362
7191329809,362
1711679380,362
250549835,363
1718566997,363
1718567007,363
9804685199,364
9804685200,364
9804685201,364
9804685202,364
1723388986,364
7620895974,365
25161384,365
1727515734,365
110274,366
6369329155,366
6369329159,366
4076095242,366
25497613,366
6369329170,366
4076095253,366
1813618231,366
1813618232,366
1813618234,366
3320947996,366
4076095262,366
5014591889,367
1816038239,367
1816038199,367
1816038224,368
1816038237,368
4158000323,369
1816959492,369
1828402755,370
1828402756,370
1832248440,371
2576893628,371
1938819280,372
9684083979,372
1678452780,372
1939632512,373
108418,373
4826555773,373
1939632510,373
1953096696,374
2632476618,374
7796554012,374
2632476590,374
1990694635,375
1990694647,375
3130435826,376
1990694638,376
2480657188,377
2135411293,377
6431923714,378
6431923715,378
5471345385,378
9693974377,378
308837357,378
2146369238,378
9161061783,378
9846850972,378
9846850973,378
9846850974,378
2146369240,379
5468301601,379
10607626,379
6332545601,380
9030284967,380
3093894066,380
2254629351,380
3265436260,381
2341656968,381
4697287178,381
1828408303,381
8620082704,381
4696568114,381
4696544885,381
6327557047,381
6327557048,381
4166662878,381
6868293535,381
4749090120,382
2402557597,382
3093897991,382
2665239972,383
6509684093,383
2665239973,384
2665239975,384
2665239976,384
2665239977,384
2665239978,384
9684083981,384
9804685203,385
9804685204,385
2755124949,385
9804685206,385
9804685205,385
2872704413,386
3706494694,386
2914561217,387
5924603457,387
5924603458,387
5924603460,387
5924603459,387
5924611312,387
5924603444,387
5924603445,387
5924603446,387
5924603447,387
5924603449,387
8500636794,387
5924603452,387
5924603453,387
5924603454,387
5924603455,387
2935324281,388
288193455,388
4992781181,389
2990721391,389
3197339674,390
3197339676,390
3247825561,391
3247825562,391
3741131606,391
3272782432,392
1547013738,392
3272782429,392
3272782446,392
3644748769,393
3519288132,393
4430996024,394
4155841820,394
3632581622,394
9693628389,395
3741117629,395
9693628390,395
3892081362,396
3892081363,396
5788363874,397
4208239651,397
4208239642,397
9201323561,397
4462680076,397
5374181585,397
3972566714,397
5899711453,397
5899711454,397
4072083342,398
4072083343,398
4166662881,399
8620105277,399
4169836445,399
8675201264,400
7911282822,400
1556097326,400
4169714270,400
8026335686,401
4174200046,401
5609643672,402
4197055203,402
5609643675,402
4316306163,403
4316306164,403
1137777341,403
4370333637,404
4370333638,404
4370333643,404
4370333627,404
4370333629,404
4401149224,405
4401149225,405
4401149228,405
5927671120,405
5927671155,405
4879371168,406
4879371165,406
4421008566,406
4429088632,407
25496785,407
8972511965,407
5265830862,407
4665352264,408
4665352262,408
4675822097,409
4675822100,409
4697525032,410
26374229,410
4697525030,410
8497605091,411
4777885221,411
9135848928,412
4777885222,412
1707790074,413
4822267107,413
4827019220,414
835390894,414
4859246419,415
2140506294,415
4866475736,416
4866475731,416
4866475733,416
4942595236,417
9781435149,417
5177352922,418
5177352923,418
5177352932,418
5177352933,418
9733914457,419
5253290694,419
25496750,420
5265840063,420
5609643673,421
5609643674,421
1366095187,422
6369329172,422
9024139129,423
6369361794,423
6369361795,423
6369361789,423
4077495826,424
6407948171,424
9201323322,425
6606148797,425
6606148798,425
6645346885,426
6711365597,426
6967585840,427
7824747297,427
302013777,428
6969936105,428
6969936106,428
6978555522,429
4682627263,429
9693963696,430
9693963697,430
9693963698,430
7075087299,430
7572833353,431
7572833350,431
7911282827,432
4169714271,432
7620895976,433
7926686249,433
7926686252,433
1587330970,434
8783914189,434
8604055550,434
8869040027,435
8869040028,435
9042041320,436
9042041321,436
28800667,436
9691082176,437
4872502280,437
