node_id,cluster_id
6866516260,0
2453947051,0
4211515660,0
8787384683,0
1832666032,0
1637578546,0
8787692633,0
8787692634,0
104315,0
1236791552,1
4076126468,1
9805219989,1
25509527,1
25509533,1
1236791459,1
9856119617,1
7946372933,1
7946372934,1
7946372935,1
7946372936,1
7946372937,1
7946372938,1
7946372939,1
7946372940,1
7946372941,1
7946372942,1
9197589455,1
9197589454,1
9197589457,1
5516594509,1
1596648673,1
4076126448,1
3817308659,1
3817308660,1
104318,1
104320,2
6369329153,2
373364225,2
373364868,2
373364228,2
2466445190,2
373364870,2
1311961991,2
6369329161,2
373364874,2
6369329163,2
6369329162,2
3965024397,2
373364878,2
3965024398,2
3965024399,2
6369329169,2
1054045453,2
6369329167,2
6369329166,2
6369329164,2
1311962013,2
20965794,2
20965796,2
20965797,2
8868824870,2
107687,2
8868824871,2
4922952362,2
20965803,2
2398924845,2
24951856,2
1649365881,2
5475684917,2
1311962169,2
1163955130,2
9310662202,2
1311962182,2
1215563870,2
1054045407,2
4870281310,2
1311962082,2
25500517,2
1215563878,2
3644748774,2
1311962089,2
8868824843,2
1215563895,2
4860803961,2
107647,2
9856119641,3
104321,3
104322,4
1718233922,4
8869435268,4
1718233957,4
1718328198,4
1718233994,4
5046005790,4
7553887409,4
2140227862,4
1771426166,4
25161368,4
7553887415,4
7836155866,4
7836164763,4
7836164764,4
1771426173,4
1684511838,4
8438226815,4
104323,5
8429795032,5
295977520,5
4167762776,5
8429795033,5
8429795034,5
8429795035,5
107584,6
3847023130,6
107585,7
27460259,7
1312471271,7
4864083785,7
1493722804,7
1312471222,7
6218501751,7
1312471193,7
107586,8
8043350341,8
8318757606,8
8318757605,8
1312188619,8
9808795601,8
4726152850,8
8043350325,8
4726152857,8
9781190368,9
107587,9
3381130086,9
3381130087,9
109415,9
3381130090,9
3381130091,9
4688513237,9
1782717878,9
25248122,9
9781190367,9
5269678593,10
5977954180,10
9673091207,10
9673091208,10
9673091213,10
9673091214,10
3850146457,10
3987750684,10
3987750685,10
3987750686,10
3987750687,10
3987750688,10
3987750692,10
9673189925,10
9673189926,10
6110164649,10
6110164650,10
7900888377,10
107602,10
6110191188,10
7644741351,10
7900888437,10
5816743941,11
5816743942,11
5816743945,11
5816743947,11
5816743949,11
5816743950,11
8429945617,11
8429945618,11
4136137525,11
2203888698,11
25475770,11
5816744255,11
1689605567,11
5816744257,11
8429934918,11
107606,11
585199079,11
28418921,11
9693971447,11
1505332730,11
2364384488,12
8030470473,12
585124778,12
1951242858,12
1951242860,12
2364378222,12
2364371185,12
2364379602,12
2364379603,12
2364379604,12
2364379605,12
107613,12
107614,12
1864047135,12
25475328,13
1990912129,13
9700060292,13
4872502279,13
9690878344,13
9632417162,13
9632417163,13
9683581480,13
3385332654,13
9683686963,13
1155552319,13
8030470464,13
1137777343,13
8030470469,13
7638732490,13
7638732491,13
25475417,13
4832472797,13
9135845214,13
107615,13
8579240311,13
9135845216,13
9135845213,13
9135848931,13
1951242856,13
1951242857,13
1990912106,13
1951242859,13
2364384492,13
2364384490,13
2364387947,13
9135848938,13
9135848937,13
2364371186,13
1990912115,13
8579240307,13
8579240309,13
8579240310,13
8579240308,13
8579240312,13
8579240313,13
8579240314,13
1312454055,14
5925584201,14
107626,14
8807410154,14
4072083345,14
8390582613,14
259252667,14
1312454045,14
1951616231,15
107627,15
8807410158,15
4072083344,15
8785024497,15
1312453981,15
6369361792,16
2378843909,16
1951616263,16
1678226827,16
1951616268,16
1951616276,16
1951616278,16
1951616283,16
5065949596,16
5473273373,16
5065949598,16
1951616287,16
5473273376,16
7745051680,16
1678226846,16
1951616291,16
1951616292,16
25161379,16
25161378,16
1951616295,16
25161377,16
1951616297,16
7926686250,16
4867087535,16
9027328313,16
6985395258,16
9027328314,16
1678227031,16
5141354328,16
5473273433,16
5141354329,16
5473273435,16
3153656028,16
5141354332,16
3153656030,16
5141354333,16
25532377,16
5141354330,16
8807431550,16
329983075,16
5141354331,16
1951616232,16
1951616234,16
107628,16
1951616236,16
8807431535,16
5049840242,16
5049840243,16
5049840245,16
5049840248,16
1782714747,16
8807431548,16
6369361790,16
107632,17
6458938017,17
25532576,17
9413430622,17
8753664977,18
107634,18
5141625696,19
4729628192,19
9856119650,19
6369361796,19
6369361797,19
5141625702,19
5141625703,19
25067400,19
7223298252,19
7223298254,19
3644785104,19
107637,19
5141625621,19
5141625623,19
5141625625,19
6369361788,19
5141625630,19
6369361791,19
9856119648,20
107638,20
9024139136,21
9024139137,21
9024139138,21
9024139143,21
9024139144,21
1311962130,21
7926506525,21
7926506526,21
7926506527,21
7926506529,21
7926506530,21
7926506531,21
7926506532,21
5973627687,21
3816097104,21
8336028510,21
18468962,21
2466442731,21
107641,21
9024139134,21
9024139135,21
25505673,22
25504779,22
25161365,22
8807441176,22
3656358065,22
4866653236,22
1311961910,22
7926554423,22
4866651959,22
7926554424,22
4866651962,22
4866651963,22
4866651966,22
7926554430,22
4866651968,22
4866651969,22
7926554431,22
5046447437,22
1938819301,22
25066470,22
1938819306,22
1938819313,22
2012969971,22
4866623226,22
107643,22
107646,23
5006978855,23
5207476609,24
5207476610,24
5207476611,24
5207476613,24
5055364614,24
5207476615,24
4627445257,24
5207476617,24
5207476619,24
4627445261,24
9684083982,24
9684083983,24
9684083984,24
107667,24
9684083987,24
9684083988,24
9684083992,24
9684083993,24
9684083995,24
5207477021,24
7066617760,24
473265708,24
4627491642,24
5207476606,24
1828402769,24
1828402771,24
3813810132,24
3813810133,24
1828402774,24
3696548438,24
1938819299,24
1938819302,24
1938819304,24
1938819316,24
9754527740,24
9754527741,24
9754527742,24
9754527744,25
9754527745,25
5055364610,25
5055364611,25
367077584,25
107668,25
9754527743,25
107684,26
1726730281,26
7617755275,26
957122446,26
4072476959,26
8785484288,27
1938819344,27
4072476960,27
107685,27
107686,27
4729448871,27
107688,27
1236791344,27
8373690833,27
8373690834,27
8373690835,27
8373690836,27
8373690837,27
8373690838,27
8373690839,27
8373690840,27
8373690841,27
1726730329,27
7613626073,27
7613626070,27
7617785701,27
25503848,27
7617785710,27
8373752817,27
7617785714,27
4530339699,27
1726730354,27
4530339698,27
4530339700,27
4530339702,27
4530339701,27
6293128709,28
21563791,28
1707790096,28
3518995475,28
8785484312,28
1617596711,28
107690,28
4530270906,28
4530270908,28
7183962432,28
4530270913,28
8373690824,28
8373690826,28
8373690827,28
8373690828,28
8373690829,28
8373690830,28
8373690831,28
3497472337,28
21563479,28
269589467,28
9024076384,28
9024076385,28
4822267109,28
1020211942,28
8373623781,28
21563508,28
25475331,29
2294047369,29
8263166218,29
5006065040,29
5006065041,29
761831060,29
8785484314,29
8785484315,29
8785484316,29
8785567902,29
8263157412,29
8263157413,29
8263157414,29
8263157415,29
8263157416,29
7271474856,29
7271474855,29
107692,29
8785503917,29
25496622,29
107693,29
5006063170,29
5006063171,29
5006063172,29
5006063173,29
1617647945,29
1782712524,29
1148276186,29
7223695323,29
26374236,29
8373690845,29
8373690846,29
3497461727,29
7223695327,29
3519005409,29
7223695326,29
7223695324,29
5736692334,29
321255919,29
8373651315,29
8373651316,29
32921720,29
5119652864,30
5119652865,30
9781435146,30
2458273291,30
1953202962,30
2453941139,30
6279388821,30
6279388822,30
6279388823,30
6279388824,30
26678169,30
26678168,30
26678171,30
26678166,30
26678167,30
2458257570,30
8975700259,30
2458257573,30
8975700261,30
2458257578,30
5265953451,30
5265953452,30
1364161197,30
2458301100,30
5265953455,30
5265953450,30
5265953457,30
5265953454,30
5265953459,30
2458260532,30
25495858,30
2458256449,30
8645592521,30
1364172237,30
1832129873,30
1832129878,30
1953202903,30
25495640,30
21578459,30
25495646,30
6724775011,30
6724775012,30
108389,30
6724775013,30
6724775014,30
6724775015,30
6724775017,30
6724775018,30
6724775016,30
108390,30
1832248428,30
1364168178,30
1364168180,30
2458303223,30
5119652857,30
2458307450,30
5119652862,30
5119652863,30
25495698,31
108391,31
4297054053,32
1601832328,32
6828863691,32
6828863692,32
6828863693,32
6828863694,32
6828863695,32
6828863696,32
6828863697,32
6828863698,32
9804578356,32
108406,32
1363483801,32
2632464416,33
6525670240,33
390073160,33
1125619161,33
2632476621,33
25632684,33
5973397966,33
10606709,33
108409,33
2632476639,33
2632464413,33
2632431807,33
108420,34
9030284989,34
9030284990,34
4193151464,35
108835,35
4305986091,36
5905893978,36
7620902731,36
108837,36
3267461696,37
108867,37
264824452,37
3267461737,37
3267461710,37
3267461721,37
20955164,37
3267461693,37
1326821568,38
25497347,38
1938953433,38
1326821542,38
9820523913,38
21990634,38
21990633,38
9820537934,38
1326821487,38
1326821489,38
25470166,38
1326821624,38
1326821593,38
109403,38
25497596,38
25497599,38
109408,39
25481504,39
6988528039,39
9694031532,39
894485202,39
9197589363,39
470727954,39
5207487900,39
1536948618,40
109411,40
1536948474,41
1852996875,41
109412,41
1536948578,41
9694072864,42
109414,42
30078473,42
5334625292,42
7797731341,42
7797731342,42
7797731343,42
7797731340,42
5334625293,42
1566269623,42
4077599544,42
2793874522,42
9030029183,42
25248128,43
9710332577,43
9710332576,43
109416,43
1497452171,43
25248115,43
2218344508,43
2218344510,43
2218344511,43
109728,44
5931509715,44
1536948608,45
6509584413,45
109734,45
2504822135,45
24952269,46
109737,46
1536948541,46
5840176866,47
1722621630,47
4220613456,47
109746,47
9681020156,47
9681020157,47
2941549918,47
9856119640,48
373402354,48
109780,48
9856119634,48
9514602150,49
9514602151,49
9514602152,49
9514602153,49
109785,49
4077495971,50
109815,50
1810130458,50
338474269,50
1832129823,50
109816,51
4077495867,51
1832129813,51
9781311295,51
109818,52
8975700266,52
3644748770,52
4823246342,53
6864015603,53
1141415219,53
2036125657,53
110143,53
1233327202,54
1787108646,54
1787108647,54
1787108648,54
1787108649,54
1787108650,54
7636180236,54
7636180237,54
9710304460,54
7636180241,54
7636180242,54
1782716888,54
110238,54
2293833760,55
2293833763,55
1236791555,55
5880186827,55
5880186828,55
5880188045,55
6840965712,55
8373690832,55
237908,55
4156336279,55
1810130457,55
3972566716,55
5055364608,56
5055364612,56
3972566710,56
3265436678,56
3265436680,56
3265436686,56
3265436688,56
8620105233,56
8620105234,56
3265436692,56
8620105236,56
3265436695,56
1813794712,56
8620105240,56
8620105242,56
8620105243,56
1239549084,56
8620105244,56
9754453026,56
9754453027,56
9754453028,56
9754453029,56
9754453030,56
9754453031,56
9754453032,56
367100073,56
9754453033,56
8620105259,56
5177397420,56
5177397419,56
419632303,56
8620105265,56
419632306,56
419632307,56
8620105268,56
1214922421,56
8620105270,56
4077627063,56
1617532088,56
1617532087,56
1617532090,56
8620105269,56
1214922426,56
1214922429,56
5177397821,56
5177397823,56
2140432704,56
5177397825,56
5177397822,56
5177397827,56
5177397828,56
5177397829,56
5177397830,56
1707790023,56
5177397832,56
5177397835,56
4150883407,56
5177410511,56
4859246418,56
237911,56
455705562,56
864817628,56
2775635677,56
2360685543,56
6951230826,56
4034060012,56
1955520879,56
4034060017,56
4034060018,56
2265065203,56
2360681713,56
2265065207,56
4530012702,57
6261920914,57
282708,57
4316306166,57
4530012699,57
1536039932,57
6866779806,57
4530012703,57
2632464415,58
282719,58
2961540,59
1951616325,59
24661273,59
8807431546,59
2195965723,59
24950109,59
8807431551,59
2961549,60
385311590,60
1365887500,61
2218344516,61
2218344522,61
2218340965,61
2218364541,61
2218364543,61
2961557,61
5218862786,61
4866705606,61
7223326407,61
7223326408,61
7223326409,61
7223326410,61
7223326411,61
9021504716,61
7223326413,61
7223326414,61
1939558646,61
1939558647,61
7223365368,61
1939558648,61
7223365370,61
7223365371,61
1939558649,61
1939558650,61
1939558651,61
1939558655,61
7223365372,61
1939558657,61
24659709,61
1939558659,61
1939558660,61
1939558661,61
1939558663,61
1939558666,61
1939558667,61
2538458898,61
1939558674,61
1939558677,61
1939558678,61
1939558681,61
2195965722,61
1939558684,61
1046391070,61
1939558687,61
3139705121,61
1939558697,61
1939558700,61
1939558701,61
9021535020,61
8579522887,61
5925584203,61
5925584204,61
24950101,61
357999964,61
4866976610,61
4866976611,61
4866976613,61
4866976614,61
4866976617,61
8869435258,61
9030155653,61
8807431560,61
1312264600,61
2387224474,61
2387224475,61
2218362306,61
2218362310,61
2218362314,61
2218362316,61
2218362321,61
2218362332,61
1733389278,61
2218362336,61
1731216865,61
2218362849,61
212916714,61
5473274866,61
4866784251,61
3215687074,62
2961891,62
9856119628,62
1312454086,62
1678452792,63
10572172,63
747893184,64
7610670913,64
7610670919,64
25503880,64
7610670921,64
7617755274,64
25503885,64
10572178,64
367106464,65
4240028580,65
4643337035,65
10572180,65
25471732,65
1236791478,65
25471733,65
25471734,65
4630855193,65
25503862,65
4650375357,65
1938953377,66
9856119619,66
1985084100,66
350437608,66
10572779,66
1816038230,66
25495770,66
10572785,67
8972511963,67
25496748,67
8972441127,67
8785568224,68
10572786,68
7847748059,68
1985084095,68
9693865890,69
8868824899,69
6369329158,69
8989843465,69
632447859,69
1366095189,69
5041784501,69
10607127,69
1596655163,69
5353604060,69
1326821504,70
20460691,70
2466449286,70
2466449287,70
2466449288,70
1326821513,70
2466449289,70
2466449290,70
1326821515,70
2466449293,70
20460686,70
20460681,70
2466449295,70
2466449294,70
20460690,70
2466449297,70
20460692,70
3722411669,70
20460694,70
2466449296,70
10607128,70
4807796633,70
20460695,70
20460696,70
20460697,70
1326821525,70
1326821539,70
1326821541,70
25632677,70
1326821557,70
1326821559,70
372978232,70
1326821566,70
256766529,70
1326821569,70
372978120,70
1326821577,70
1326821579,70
2466456399,70
2466456400,70
2466456401,70
2466456402,70
1939632526,70
2466456404,70
2466456403,70
2466456405,70
2466456406,70
2466456407,70
2466456409,70
1081508186,70
2466456408,70
1326821471,70
1326821524,70
1326821613,70
1081508209,70
1326821490,70
2466449291,70
372050299,70
1326821502,70
9808795609,71
2632430342,71
2480657190,71
1954751914,71
1954751916,71
1954751918,71
4530057817,71
25497968,71
5060405461,71
10607129,71
9808795610,71
2466456411,71
2466456412,71
2466456413,71
2466456414,71
5470932256,72
10607629,72
7947057586,72
5468301555,72
2146369237,72
5470932252,72
5470932253,72
5470932255,72
8784159562,73
6467134931,73
10676799,73
6985373984,74
1312264610,74
1721713699,74
6985373983,74
1350430181,74
2406484454,74
2406484455,74
1782718791,74
9030121410,74
2406484452,74
9030155749,74
2406484460,74
2406484453,74
1312188714,74
1312264618,74
9042053624,74
10677374,74
6985373982,74
7836155868,75
5043864464,75
1684511955,75
1718328435,75
7836155864,75
7836155867,75
1782724124,75
7836155870,75
10677375,75
10677376,76
2297373047,76
10677377,77
2387220933,77
7082240198,77
3517719434,77
1401416203,77
8318797234,77
8318797235,77
8318797237,77
212927414,77
25248118,77
8975529088,78
4462680067,78
9203541381,78
5374174120,78
1832248458,78
9781435147,78
5374183741,78
7203717550,78
5374174224,78
8975529084,78
5573931385,78
8975529082,78
8975529083,78
14672924,78
8975529085,78
8975529086,78
529722111,78
268997560,79
18382242,79
7553887392,79
9042027865,80
18393873,80
1725360097,81
18395811,81
8785441943,81
8785441944,81
5976853817,81
250550400,82
1939632514,82
4992781189,82
1939632519,82
973101839,82
9042120207,82
2387242386,82
8869472274,82
3870640530,82
3870640547,82
3870640548,82
2387240745,82
2387240747,82
1326821561,82
18398282,82
1312335310,82
1326821460,82
1326821592,82
5238500312,82
5238500313,82
2387245025,82
873684193,82
2387245026,82
2387245027,82
2387245029,82
9030155757,82
9030155758,82
8869472239,82
9030155759,82
1326821619,82
8869472247,82
4826555769,82
5609638014,82
2387207425,83
1938819330,83
1938819331,83
2387207426,83
25161351,83
1938819336,83
1938819335,83
25161366,83
2387212189,83
9021498664,83
1360122924,83
1678155318,83
2387209415,83
18468958,83
6369390690,83
6369390691,83
6369390692,83
6369390695,83
6369390696,83
6369390698,83
6369390699,83
6369390701,83
1938819317,83
1938819319,83
2387207417,83
2387207418,83
9024139132,83
9024139133,83
1938819326,83
18468961,84
8336028516,84
6369390694,84
25161352,84
6369390697,84
6369390700,84
6739026230,84
1938819320,84
1938819325,84
2387207421,84
18469130,85
9856119638,85
2642878568,86
2642878569,86
18469132,86
9856119637,86
21990624,87
21990625,87
20458275,87
2003007012,87
8868194757,87
4835108998,87
4835108999,87
1571298192,87
8868194778,87
9710348827,87
250327100,87
9710348828,87
20458273,88
20458277,88
2490721964,88
1312188845,88
8868001103,88
8868001104,88
250549587,88
1312188692,88
2934268020,88
4618510643,88
7926563545,88
1312188731,88
1312188988,88
20460680,89
968499092,89
4246525220,89
8975833904,89
8975833905,89
6978563378,89
6978563379,89
6978563380,89
6978563382,89
6978563384,89
8975833913,89
8975833912,89
8975833915,89
6978577985,89
4682627266,89
4682627265,89
1150003147,89
1150003532,89
1759454429,89
3763407460,89
5041784423,89
5067002867,89
6978531575,89
20460687,90
25497872,90
20965804,90
9693963701,90
9693963702,90
9693963703,90
9693963704,90
9693963705,90
9693963706,90
9693963707,90
1326821564,90
9693963708,90
255860415,90
1813618497,90
435104715,90
435104717,90
5238528591,90
1326821585,90
1326821596,90
5353604061,90
25497824,90
25497828,90
4369519204,90
25497829,90
4369519219,90
20460688,91
25497845,91
4860825518,91
20625793,92
6301948477,92
9694032608,93
9694032609,93
20625800,93
585200818,93
9694032606,93
9694032607,93
5189042552,94
20626282,94
8675201272,94
5189042551,94
7824803490,95
7824747299,95
7824803492,95
7824747301,95
1536948646,95
7824803493,95
4085778920,95
7824747306,95
5146186589,95
7824803500,95
1536948431,95
1536948529,95
20626301,95
5146186590,95
9856119647,95
3796814729,96
20626310,96
20626311,96
1536948612,97
1536948517,97
7572522566,97
7572522534,97
20626312,97
25264998,97
7572522540,97
1536948652,97
4866475730,97
7572522547,97
4866475737,97
1536948631,97
1536948536,97
7572522585,97
1852996954,97
1572551227,97
20626315,98
7572522492,98
25505670,98
7572522513,99
20626316,99
9856119620,100
1360122917,100
9197322310,100
1360122886,100
1360122856,100
1236791433,100
21685484,100
1360122861,100
4076095834,100
4076095791,100
1360122845,100
9197326420,100
20955158,100
9805219991,100
9805219992,100
9805219993,100
9805219994,100
1360122873,100
2398924896,101
6369329154,101
20965798,101
20965799,101
6369329160,101
20965800,101
4428887946,101
2398924843,101
25500427,101
6369329165,101
1782729295,101
1782729296,101
6369329171,101
1326821587,101
2398924853,101
2398924855,101
104319,101
2398924898,102
9781311298,102
20965801,102
7946378607,102
7946378608,102
9310682079,102
2398924893,102
2398924863,102
20965805,103
20965806,103
21307200,104
1782718792,104
9030155753,104
9856119635,104
6985379285,104
6985379286,104
6985373980,104
5041945481,105
21307202,105
4661317536,106
3328228994,106
3328228996,106
25524297,106
5177397418,106
21392267,106
3328229004,106
4663309171,106
4663312695,106
4663312696,106
4663312697,106
4663312698,106
21392273,107
3972566713,107
4859246420,107
21392276,108
9856119623,108
5603454625,109
6606135979,109
21392279,109
21523714,110
3145798533,110
4726152840,110
4726152844,110
4726152847,110
4726152848,110
3215685153,110
1312471208,110
5342236733,110
9694087358,110
9694087362,110
6465896909,110
6218501713,110
6218501715,110
6218501717,110
471488469,110
6470264535,110
6470264536,110
4688513241,110
1678283238,110
1678283242,110
1678283244,110
1678283247,110
6218501746,110
7797330549,110
21523715,111
4195103055,111
8042022825,112
250324965,112
21523718,112
1014649631,112
5335233120,113
2934288514,113
5009060057,113
21523719,113
5573991659,113
5573991660,113
4138224462,113
5335233119,113
5335233113,113
5335233114,113
2934288509,113
5165786239,113
21563489,114
21563481,114
1707790085,114
4719617974,114
9659603285,115
21578454,115
21583366,116
4017328647,116
9756243981,116
9756243982,116
5006065039,116
1782730512,116
9756243983,116
2586616722,116
9756243986,116
9756243984,116
9756243985,116
5006065037,116
5006065038,116
6863550501,116
1419565097,116
7223668011,116
7223668012,116
6863550510,116
33141178,116
1148276284,116
8373690817,116
8373690818,116
5006063179,116
5006063180,116
7223704403,116
4764884821,116
9756278362,116
9756278363,116
9756278364,116
7223712382,116
21685481,117
1837610895,117
1360122929,117
25500530,117
1360122933,117
1163955034,117
4331121755,117
269547420,117
4331121754,118
21685483,118
4370333648,119
21685485,119
4462683090,120
21686572,120
21686574,121
4462680070,121
1493676622,122
21990614,122
5565466183,122
1771453860,123
9375170323,123
9375170326,123
28728187,123
21990620,123
4556931602,124
4556931604,124
21990622,124
21990627,125
475396924,125
8672066581,125
7636180239,125
8923643490,126
21990628,126
9030155750,126
9030155754,126
1719422038,126
9856119639,126
8923643489,127
21990629,127
5875062472,127
9808795604,127
9042053623,127
5565443389,127
9693628386,128
5565443397,128
21990630,128
9808795603,128
5565443390,128
21307201,129
1312264546,129
1755265415,129
21990631,129
5042033643,129
9042025325,129
21990632,130
9030155751,130
1718566880,130
9820523914,131
9820523915,131
9820523916,131
9161061776,131
9693963678,131
9693963679,131
9693963680,131
9693963681,131
9693963682,131
9693963683,131
9820538017,131
9820538018,131
9820538019,131
9820538016,131
710657963,131
9820538028,131
4571238064,131
7947041713,131
4571238067,131
4571238068,131
1938953403,131
1938953406,131
9820537921,131
9820537922,131
1938953413,131
1938953414,131
1938953417,131
1326821457,131
1938953430,131
1938953431,131
1938953432,131
1326821465,131
9820523869,131
9820523870,131
9820523871,131
9820523872,131
1938953437,131
108393,131
21990637,131
21990638,131
422573549,131
25497340,131
25161360,132
24659764,132
7906964247,132
7906964248,132
7906964249,132
7906964250,132
7906964251,132
24659907,133
24659947,133
24949780,133
1311961990,133
9693920801,134
9693920794,134
9693920795,134
9693920797,134
24660863,134
1312453954,135
1556260235,135
24661966,135
25544111,135
1312453966,135
1556260241,135
1312454066,135
1312454100,135
24662037,135
1312453915,135
5095547184,136
24950013,136
5095547180,136
24950005,136
2389802904,137
24950050,137
2389802901,137
2279592862,137
24950064,138
5218844445,138
5218844446,138
5227220848,139
24950065,139
5227220845,139
8869435257,140
8869435266,140
7567588716,140
24950093,140
8807429664,141
2387226304,141
2387226307,141
2387226309,141
2387226311,141
2387226313,141
9691082671,141
24950097,141
9024139130,141
1951616327,142
8807431559,142
5095547321,142
24950102,142
24950105,142
25248114,143
24950107,143
9030155654,143
9693920803,144
24950110,144
24950111,144
24950112,145
25248126,145
24950113,146
4748394420,146
8807431541,146
385311796,146
1721678995,147
316763501,147
24950117,147
24951853,148
4922952373,148
9693760971,149
24951854,149
5046314041,149
5046314042,149
5046314043,149
25632860,149
24952195,150
2528522503,150
2528522507,150
2528522518,150
1556324759,150
2528522528,150
6985465124,150
6985465125,150
6985465130,150
2528522542,150
6985465145,150
1556324793,150
9694091972,150
9694091973,150
1556324683,150
1556324684,150
25278669,150
3385387604,150
3385387605,150
3385387606,150
4117882851,150
4117882852,150
4117882856,150
4117882857,150
4117882860,150
24952267,151
6166157035,151
25066338,152
25066412,152
8807429665,153
5090420610,153
3517985666,153
5090420964,153
25161348,153
5090420614,153
5090420940,153
25066419,153
9024139131,153
8807429660,153
5090420958,153
5090420959,153
25066450,154
25066451,154
25066453,154
5047029678,155
25066461,155
25066462,155
25066684,156
1536948581,156
1852997088,157
25066784,157
25066694,157
25066696,157
25161353,157
4866591373,157
4866591374,157
4866591375,157
4866591376,157
3816097105,157
3233714196,157
3233714198,157
9856119645,157
3233714192,158
3233714193,158
3233714194,158
3233714195,158
3233714197,158
25067068,158
25067264,159
25067265,159
2566132609,159
1569382119,159
1569382170,159
1569382174,159
2504822145,160
25067266,160
25067267,160
1852996996,160
2504822137,160
2504822139,160
6509584414,160
25067304,161
2566132610,161
2566132611,161
9753609738,162
9753609739,162
9753609740,162
9753609741,162
9753609742,162
9753609743,162
9753609744,162
9753609745,162
9680972178,162
9680972177,162
9680972185,162
25161373,162
7824747295,162
7824747298,162
7824747300,162
7824747302,162
7824747303,162
7824747304,162
7824747305,162
25067307,162
7824747308,162
7824747307,162
6967585841,162
6967585842,162
1827389620,162
1782727992,162
700774224,162
950703625,163
950703626,163
5146186489,163
25067326,163
1726783391,163
25067395,164
25067396,164
25067397,164
5146186470,164
5146186463,164
9856119646,165
25067427,165
25067398,165
5104314275,166
25067461,166
25067463,166
25067469,166
25067470,166
5104314255,166
5104314256,166
5104314384,166
1186508405,166
5104314353,167
25067727,167
1569343756,167
25067479,167
1569343909,168
25067558,168
25067728,169
5104314096,169
5104314098,169
5104314325,169
25067670,169
1569343576,169
1569312412,170
25067933,170
25067871,170
1569343523,171
5141216745,171
25067883,171
5141216790,171
1569216650,172
25067914,172
7911231380,172
1722621718,172
7911231384,172
1569216123,172
25161375,172
5141228834,172
1569216316,172
4085783105,172
6446292570,172
1951616226,172
5141216740,172
5141216741,172
7911267687,172
7911267688,172
7911267690,172
7911267692,172
7911267694,172
7911267695,172
7911267696,172
9659831675,172
25265023,172
25067920,173
9659831673,173
9659831674,173
1569216326,173
25067936,174
5141216746,174
5141216782,174
25067935,174
25071090,175
25071131,175
25151180,176
1832129958,176
25161345,177
1771426172,177
7836164765,177
5087519104,178
25161347,178
5090420965,178
5247857728,179
9691101411,179
9691101412,179
25161357,179
2387194158,179
5141877019,179
25161361,180
7223298253,180
1569343577,181
25161362,181
9856119651,181
9856119649,182
5141216754,182
25161363,182
9042026424,183
25161371,183
9856119636,183
6032044867,184
25161380,184
25161381,184
2218344518,185
1939558664,185
25248112,185
1939558673,185
3816097106,185
3715515059,185
3816097107,185
2218344498,185
1312188886,185
2218344503,185
2218344509,185
8318797236,186
25248117,186
7636163631,186
25248120,187
4688513218,187
3816097108,187
25248125,188
1211381855,188
4077579334,189
7911267686,189
1727515754,189
7911267693,189
473258639,189
25265075,189
25265078,189
763372886,189
4166634955,190
7911243856,190
7911243857,190
4166634962,190
7911243858,190
25265077,190
3887941013,190
25265079,190
4085783099,190
2059790748,190
1938819329,191
25504129,191
1938819340,191
4383369519,191
4383369553,191
25470781,191
25470784,192
4379801334,192
25470783,192
25471681,193
4630855202,193
4630855203,193
4630855204,193
4630855205,193
25503841,193
8373690842,193
1726730303,193
25471736,194
25503860,194
7271474849,195
321255907,195
25472324,195
4675821944,196
25472379,196
4675821925,196
762080111,196
25472545,197
25472566,197
1882379274,198
1882379248,198
1882379285,198
4425001783,198
25472760,198
25472763,198
3247578846,198
4823246341,199
4425001781,199
4425001782,199
25472767,199
7447716112,200
25472789,200
9161061774,200
25472800,201
4571194090,201
4571194091,201
1954751920,201
2036125650,201
2940401398,201
6014339453,201
1684835105,202
1684835107,202
3739048019,202
3739048020,202
3739048021,202
25472885,202
1311962080,203
9042129985,203
1311961868,203
25473200,203
6871422362,203
25473203,204
5067002855,204
9042129986,205
1401893666,205
1215563885,205
25473204,205
25473205,205
1215563897,205
6871422364,205
1759454078,205
1759454118,206
1759454122,206
25473206,206
25473207,206
1759454104,206
1366095190,206
1759454106,206
5041784634,206
6871422365,206
4136124526,207
4078858000,207
4078858001,207
585127354,207
6265654109,207
25473279,207
869968536,208
25473281,208
8579276917,209
9694104278,209
25474015,209
9694091974,210
9694091975,210
9694091976,210
9694091977,210
9694091978,210
6149398571,210
9694091981,210
25475053,210
9694091983,210
9694091982,210
1312471255,210
1312471228,210
25475072,211
9135848925,211
9690769059,211
7236131864,211
585180151,211
7236131865,211
6332695637,211
6332695638,211
9135848919,211
9135848920,211
9135848921,211
9135848922,211
9135848923,211
9135848924,211
6332695639,211
7236131861,211
7236131862,211
1233350889,212
9856119626,212
9856119627,212
283061836,212
3231501611,212
1233350862,212
4166967089,212
675734610,212
675734613,212
25475419,212
675734622,212
25475561,213
9690878337,213
1312471265,214
9699953505,214
1312471202,214
25475661,214
1312471252,214
1312471223,214
4715264000,215
6014302222,215
6014302223,215
6014302226,215
6014302227,215
6014302228,215
1312932894,215
4136137529,215
9690915259,215
9690915263,215
9690915264,215
9690915265,215
9690915271,215
9690915273,215
9690915274,215
9690915275,215
25475663,215
25475664,215
4167762778,215
4529881970,215
8429945717,215
9576827481,216
25475674,216
9576827482,216
6525671279,216
8784000965,217
25475678,217
25475688,218
25475690,218
25499095,218
25499104,219
25475691,219
4297212128,220
4297212129,220
25475692,220
4298970368,221
4297212194,221
4298970380,221
25475693,221
4297212204,221
4298970384,221
4297212084,221
355416920,221
4298970364,221
9823138208,222
9823138209,222
25475694,222
25475695,222
4297211186,222
4297211187,222
435104728,222
355416921,222
9823138206,222
1326821607,223
1326821594,223
25475696,223
25475697,223
25475698,223
435104726,223
1326821466,223
6273056647,224
6239229422,224
25475699,224
1326821620,224
9693963699,224
6272993491,224
25475754,225
1816777875,225
4297243298,226
4297243218,226
4297212114,226
25475767,226
748797145,226
4297212119,226
4297243295,226
4920098349,227
5931509720,227
5931509721,227
25476124,227
25476127,227
3515286914,228
3515286915,228
3515286916,228
1493676623,228
25477106,228
25477153,229
26067234,229
1312188994,229
1954751908,229
7644884069,229
26067236,229
1312189091,229
26067238,229
3320743081,229
26067235,229
1312188622,229
1312188689,229
1312188760,229
1312188858,229
25477149,229
25477150,229
1312188735,229
25477152,230
25477156,230
1312188774,230
26067239,230
1312189013,230
5006764040,231
25477154,231
5006764037,231
3093894065,232
25477197,232
2402557839,232
3858880674,233
9027340515,233
9027340516,233
3858880675,233
9027367517,233
5925628361,233
249558409,233
25477228,233
1042862477,233
9808795598,233
1042862673,233
6304787860,233
9766629717,233
25477301,233
6304787861,233
25477335,233
3735886877,233
9027367518,233
25477258,234
347541973,234
3858880676,235
57786953,235
3673602988,235
9808795599,235
9203578107,235
9203578106,235
25477339,235
28419328,236
5257738379,236
5257738381,236
5257738384,236
9808795600,236
1039290578,236
5257738387,236
5257738389,236
5257738390,236
1039290586,236
25477371,236
806373533,237
25477774,237
819157946,238
25477858,238
4556931603,238
3661703766,238
1832052008,239
338472562,239
25495542,239
338472567,239
1832129783,239
1832227893,240
25495543,240
25495769,241
25495618,241
25495695,241
25495697,242
9856119622,242
25495808,243
1832227968,243
2453941147,243
343669798,243
1364169899,243
1832228016,243
1953202907,243
25495807,243
1834657467,244
25495820,244
1834657469,244
6354294763,244
4275394254,245
25495822,245
447887921,245
350437528,245
5899738713,245
6828927809,246
6828931875,246
1148249927,246
6828921209,246
25495824,246
1707790105,246
6828921210,246
6828921211,246
5736847361,247
5736847362,247
5736847363,247
5736847364,247
25495852,247
749947393,248
749947402,248
25495854,248
25495855,248
350629203,248
269584410,248
470727776,249
25496100,249
317930380,250
4211515637,250
4211515622,250
25496775,250
25496786,251
1985084135,251
2453947049,252
8787384684,252
8787384685,252
8787384686,252
25496792,252
5060391417,253
25496820,253
321255925,253
1832129795,254
4077495820,254
4077495821,254
6407948172,254
25496847,254
25496848,254
25496849,254
25496850,254
5504212623,254
4730978978,254
4730978981,254
4730978982,254
1684437690,254
1684437692,254
1655214934,254
25497563,254
25497564,254
1655214955,254
6124650606,254
1832129778,254
4076126707,254
1832129789,254
25496857,255
4730978984,255
9161061779,255
9804471701,255
25496854,255
5948183671,255
9804471702,255
1938953399,255
25496855,255
9203537438,255
9203537439,255
9804653408,256
6369329156,256
25497611,256
25497612,256
1813618227,256
1813618228,256
1813618229,256
1813618230,256
4870281309,256
9804653406,256
9693963689,257
7075087298,257
25497619,257
7075087297,257
2135411308,258
5711517565,258
5457908028,258
25499655,258
9024139149,259
9024139150,259
25504143,259
3497483291,259
1726730162,259
1726730165,259
1678452797,259
1678452799,259
1678452802,259
1726730307,259
2387213896,259
8785457867,259
2387213902,259
2387213904,259
8336028504,259
8336028505,259
4328443355,259
25577057,259
2140421219,259
2140421220,259
2140421222,259
2140421223,259
2140421224,259
1793420652,259
25500535,259
7617785713,260
25503845,260
25504144,261
7607077372,261
25504145,262
25504146,262
25504148,262
1835355916,263
1793420660,263
25504149,263
1707790044,263
4232015838,263
25504770,264
367105858,264
25504755,264
367105859,265
1268892466,265
1268892467,265
25504756,265
4089226784,266
4085767970,266
9684083971,266
419350723,266
9684083975,266
9684083976,266
9684083977,266
4089236235,266
4089236236,266
419350669,266
25504760,266
6509584408,266
7223709664,267
25504769,267
1311961826,267
1707790052,267
7223709669,267
7223709668,267
5006978856,267
5006978857,267
7223728617,267
319984684,267
1707790029,267
973158035,267
1771426165,267
8336028509,267
7223709662,267
3704225380,268
1828402765,268
1938819284,268
1938819285,268
1938819286,268
9691102358,268
25505624,268
25505561,268
25505622,268
107644,268
25505593,269
25505630,269
7572833379,270
7572833380,270
25505607,270
25505618,271
25505643,271
1828402762,271
3704225376,272
3704225379,272
4962956931,272
1828402760,272
9611081868,272
25505677,272
1938819282,272
1938819283,272
9691102362,272
25505629,272
3704225375,272
419347200,273
419347201,273
419347202,273
419347203,273
1268892338,273
1268900660,273
2919962038,273
354935735,273
2919962039,273
2919962041,273
2919962042,273
2919962043,273
2919962040,273
2919962044,273
473262779,273
2919962045,273
2919962046,273
3267461709,273
3816097102,273
5976850023,273
5976850024,273
25505648,273
3267461749,273
7610670710,273
419347194,273
419347195,273
419347196,273
419347197,273
419347198,273
419347199,273
1828402763,274
1828402764,274
2142508727,274
25505662,274
25505695,274
1852996856,275
25505685,275
1852996734,275
2343269909,276
9201323564,276
25509525,276
1938819346,277
25509526,277
9201323575,277
25532384,278
5238587994,278
1951616319,278
25532464,279
25532475,279
8807410152,279
1418752708,280
5340811717,280
1312454090,280
1312454058,280
1312454061,280
25544110,280
1312454029,280
1312453999,280
1418752721,280
1312454031,280
5340811829,280
5340811830,280
7911243863,280
2632464427,281
25632683,281
5711517571,282
2632430340,282
25632774,282
275180300,282
9161061775,282
2331184927,282
2331184929,282
2331184930,282
2331184931,282
2331184932,282
2331184934,282
2331184935,282
1723388979,282
1723388985,282
469759942,282
446765895,282
4703542482,282
4703542483,282
9808795606,282
9808795607,282
9808795608,282
6525670234,282
6525670235,282
6525670236,282
6525670237,282
6525670238,282
2135411294,282
2135411296,282
2135411297,282
6525670242,282
6525670241,282
4571940314,282
3076574323,282
2632488435,282
9804774392,282
25632856,283
1215563903,283
1215563879,283
25632855,283
6369329152,284
1215563875,284
9781311299,284
7553887498,284
9310662201,284
7553887509,284
9855343702,284
1215563894,284
25632857,284
25632858,284
1771426174,284
316763600,285
316763586,285
25632859,285
9856119643,286
25632862,286
25632864,287
25632865,287
1215563890,287
244128953,287
25632863,287
5306194265,288
25634199,288
1039290562,289
3550836102,289
251757452,289
27351282,289
251757458,289
27351284,289
1039290584,289
367114771,290
27458331,290
1312453919,290
2967343648,290
1312454048,290
2967343649,290
5931501991,290
27458353,290
1547013692,290
1312453950,290
1547013698,290
5342236740,290
9710359368,290
5335245256,290
3708234964,290
471488472,290
1312454114,290
471488484,290
1550763620,290
1547013743,290
367121266,290
1312454015,290
9080098305,291
9080098306,291
9080098307,291
9080098308,291
1014803714,291
1014803718,291
6995618979,291
9080098312,291
9080098313,291
3528711722,291
9080098314,291
27459116,291
3528711693,291
27459120,291
302013776,291
1939632502,291
255051289,291
9703794686,291
1014803736,292
3528738434,292
2935392676,292
9080098309,292
3528738438,292
1014803721,292
3073173585,292
3528710290,292
27459638,292
9030037142,292
2914561272,292
27459165,292
9693974851,293
9703794692,293
9703794693,293
9080123623,293
429346236,293
27459198,293
9694087361,294
21523716,294
27460198,294
1014649672,294
3247933387,294
27459830,294
6995618971,294
9694087359,294
27459905,295
1312471267,295
1312471210,295
1312471217,295
1312471190,295
1312471197,295
27459969,296
27459970,296
5165786242,296
2934288513,296
8515091589,296
5165786245,296
2934288517,296
27459971,296
2934288518,296
2934288523,296
2934288530,296
1043001378,296
3906588452,296
1043001410,296
1043001422,296
1043001423,296
27459945,296
27459951,296
27459959,296
6218501753,296
27459966,296
27460250,297
7487734942,297
4054356847,297
2969439040,298
1233350848,298
2612458246,298
9080123624,298
9080123627,298
27460439,298
5904585328,298
377490677,298
2872699894,298
3220254039,298
7911297478,299
302013672,299
302013674,299
302013675,299
6345441358,299
7911297487,299
3486459762,299
3486459764,299
3486459765,299
27480956,299
3486459766,300
3735889430,300
7815143581,300
347542743,300
27480957,300
27480960,301
9678821156,301
9678821159,301
9678821160,301
9678821161,301
3486459769,301
28193265,302
3170676207,302
3892081378,303
4344245894,303
1014803686,303
7817162929,303
1014803702,303
1014803704,303
3894948093,303
28418138,303
3894948091,303
3892081373,303
2140124996,304
249679365,304
7797338599,304
7797338600,304
1014803691,304
302013681,304
4244498866,304
302013682,304
28418141,304
28418144,305
4344245892,305
4344245893,305
9693910743,305
28418497,306
3858880678,306
429346243,307
429346253,307
9693971450,307
9693971451,307
9693971452,307
28418877,307
28418880,308
4629462859,308
4534184516,308
28418879,308
3984132034,309
3984132035,309
3984132037,309
302013708,309
4422013486,309
28418929,309
4244498867,309
4244498868,309
28728210,310
7191329811,310
1755708646,311
1755708647,311
1755708648,311
1758552521,311
1758552522,311
28800660,311
973128725,311
9693929369,311
1401908258,312
28800661,312
250550174,312
1311961985,313
1311962043,313
28800662,313
1755708737,314
1755708738,314
1755708739,314
9693903657,314
28800664,314
1755708730,314
1755708732,314
5565443391,314
2990651920,315
2990651921,315
28800666,315
5041945508,315
1755265444,316
5041945479,316
2990721389,316
8869464398,316
1755265428,316
1755265432,316
28800670,316
5046314073,317
5046314090,317
28800671,317
28800672,318
9856119642,318
8869435290,318
5247852872,319
316763513,319
5046314091,319
5046314092,319
316763500,319
28800689,319
5224630617,319
9693730842,319
5046314077,319
5046005758,319
1312454068,320
9694087365,320
30056255,320
30056330,321
5580861156,321
707377287,321
1238259337,322
4530011788,322
6261920913,322
4530012690,322
6261920915,322
4530012691,322
4530012692,322
4530012694,322
4530012695,322
4530012696,322
3499567135,322
4530012704,322
1771453217,322
1771453218,322
4729385030,322
4729385031,322
9808795596,322
59526352,322
1731225566,322
249470452,322
347335859,323
8868010205,323
213668839,323
250549699,324
250549700,324
8868010279,324
8868010280,324
8868010281,324
8868010218,324
213668842,324
213668844,324
8868010221,324
8868010202,324
1685272862,324
1719422032,325
213670986,325
245200970,326
4211515891,326
8256049399,326
347539416,327
7815533546,327
7815533548,327
249558966,327
7900221088,328
249560091,328
9021491075,328
7900221087,328
3528738439,329
3528738440,329
2934411661,329
2934411667,329
6280047277,329
6280047278,329
6280047280,329
5160943793,329
5160943794,329
5160943803,329
9375078973,329
5160943806,329
5160943807,329
9375078975,329
9375078974,329
4144358216,329
4144358217,329
9375100241,329
9375100242,329
9808795602,329
251757533,329
1771458655,329
1771458658,329
1939632504,329
249679102,329
4116809027,330
4116809028,330
249679343,330
250325410,331
3787645606,331
3787645607,331
3787645608,331
3787645609,331
3787645610,331
5492419692,331
9856119632,332
3334162601,332
250325411,332
9710304459,332
1401416208,333
250326914,333
250327037,334
1310663631,334
9693628387,335
9693628388,335
347335878,335
2642612586,335
250327576,335
1326821544,336
8868010287,336
250327591,336
250327618,337
9030155756,337
7151566952,338
250327660,338
338319877,338
1312189057,339
354886082,339
1312188741,339
250549670,339
1312189098,339
1312188722,339
1312188660,339
1312188694,339
1312188824,339
1312188955,339
251892353,340
251892475,340
5925626141,340
5925626142,340
3930921860,341
3708234957,341
4230027057,341
251892564,341
843376599,341
4835109000,342
255678213,342
262078536,343
3267461752,343
3267461742,343
1678452753,344
473266627,344
268124583,344
4378043667,345
269547419,345
4378043661,345
4378043662,345
9051462722,346
6855696495,346
6855696498,346
627985397,346
275179893,346
275179767,346
6855696504,346
283062189,347
690295047,347
6855696497,348
6855696500,348
6855696503,348
2112030873,348
291951643,348
316763545,349
5046005745,349
5046005743,349
1312264577,350
794039687,350
1312264648,350
9042133642,350
1312264524,350
7836155865,350
316763548,350
1782724125,350
316763559,351
316763561,351
2990806411,351
2990806413,351
1758554286,351
2990806415,351
2990806416,351
9041828942,351
1759454163,351
2990780037,352
4246525223,352
2990780039,352
2990806410,352
316763563,352
1758554289,352
1758554291,352
968499093,352
1758554294,352
8975833914,352
316763584,353
5046627553,353
1215563891,353
5046627645,353
316763595,354
316763590,354
1816038233,355
323260106,355
1816038214,355
6108171363,356
8975700260,356
343669791,356
7815143559,357
347541965,357
7911297463,357
1145174402,358
4571241384,358
9820538031,358
355416887,358
355416890,358
355416892,358
3257317059,358
9820537936,358
9820537937,358
9820537940,358
9820537941,358
9820537942,358
9820537943,358
9820537944,358
9820537946,358
1165343843,358
4729480806,358
4729480807,358
4729480808,358
4571244658,358
4571244659,358
4571244663,358
4297242961,359
1913216493,359
4158004390,359
355416911,359
367104392,360
5114681227,360
5114681230,360
9781311297,361
4034060007,361
419632906,361
4034060015,361
368044217,361
8620272571,361
2360684188,361
1312932832,362
7644741346,362
9703827555,362
6110164647,362
377490664,362
9080123628,362
9690975244,362
1312932879,362
1312932849,362
4534184507,362
4210859292,362
9693971465,363
377494060,363
27331469,363
473264641,364
390341443,364
4627445258,364
4627445259,364
4627445260,364
4627445240,364
4627445241,364
429346241,365
9703794694,365
9703794695,365
9703794696,365
9703794697,365
9693971464,365
4223357836,365
3987750679,365
9693971448,366
429346251,366
6273056648,367
435104721,367
6272993492,367
6239229423,367
1723340842,368
435104742,368
7918978033,369
438170475,369
4860803960,370
441958992,370
1835356021,370
441958990,370
1938819296,371
3474115148,371
1655418222,371
3816097103,371
2140420434,371
470729237,371
1938819290,371
2215139515,371
1938819293,371
471488499,372
4847781268,372
1493722803,372
1547013711,372
9703794688,373
9703794689,373
9694087360,373
472493763,373
9080123619,373
9080123618,373
6969936109,373
6969936112,373
9703794687,373
473219610,374
8814668141,374
5104314222,374
25161386,375
473258827,375
3644748773,375
473264457,376
1268903266,376
585129712,377
1312471258,377
9683585635,378
4085387943,378
4085387945,378
7246486955,378
4136124524,378
585148380,378
1561411396,379
585201189,379
8579276918,379
4462680068,380
7840712839,380
4462680078,380
1360122901,380
595709975,380
5573994014,380
5573994016,380
5573994017,380
5573994019,380
5603454628,380
5603454627,380
1360122919,380
1360122925,380
1938953395,380
1360122937,380
6329690691,380
8975645638,380
8975645640,380
8975645641,380
4512763348,380
1360122841,380
5460658138,380
1360122860,380
5839156209,380
1360122866,380
1360122871,380
8869472240,381
632438506,381
20460684,381
4992781175,381
3068267824,382
670103313,382
680069483,383
680069471,383
690295042,384
5122737222,384
9690878343,384
5905807278,385
697037343,385
4715264001,386
4715264002,386
4715264004,386
722208263,386
4715263992,386
4136137530,386
819132568,387
748941508,387
1684781470,387
748941552,388
748941546,388
4195111363,388
4195111355,389
748941556,389
4661317153,390
4661317155,390
1617647919,390
761830938,390
1617647901,390
761831000,391
761831039,391
763372884,392
7911243861,392
2496836226,393
2496836231,393
1255490314,393
1150003513,393
806373565,393
6446218921,394
6446218922,394
811035012,394
1556097271,394
9030155760,395
9030155762,395
914822492,395
4992781180,395
9042037853,395
914822496,396
914822508,396
5927671121,396
5927671156,396
9030155767,396
1755708768,397
1758552678,397
1758552682,397
2990717003,397
1759454351,397
973128722,397
1755708765,397
1755708766,397
1042862726,398
1042862492,398
7911297486,398
109766,398
1042862696,399
3858880677,399
7223326412,400
4835108997,400
1144619335,400
1150003155,401
9808795611,401
1150003224,402
1150003170,402
1309067472,403
1684835245,403
1150003270,403
1150003472,404
25473202,404
9042129984,404
9042129983,404
1150003480,405
1150003547,405
5565487612,405
4682627264,406
1150003571,406
256766533,406
6978563381,406
9024139145,407
9024139146,407
9024139147,407
9024139148,407
3518967818,407
1707790062,407
1163954964,407
1268892541,407
1236791506,408
4378043283,408
4378043789,408
6988528038,409
25509513,409
1236791535,409
9197589238,409
1938819351,409
1938819350,409
4167762777,410
3855607516,410
1237883773,410
1238249904,411
7900221108,411
1736734053,411
2140125056,411
1280491924,412
1280491926,412
2402557599,412
2387232555,412
2387232556,412
2387232557,412
2387232559,412
2387232561,412
2387232563,412
3741117630,412
1722268367,412
9856119633,412
1722268381,412
1722268384,412
1722268388,412
5492419693,412
8236052983,412
8236052987,412
8236052988,412
8236052990,412
8236052991,412
2624005734,413
4807521484,413
1309067471,413
3741131600,413
7636278193,413
4826555772,413
9030155763,413
7636244312,413
7636278195,413
7636278196,413
7636278198,413
1723315608,413
7636244313,413
7636244314,413
9042037852,413
25473201,414
1311961947,414
1311962012,414
1311962111,414
1311962016,415
1938819328,415
8336028512,415
6369390693,415
1782728999,415
1311962122,415
6369390702,415
8336028511,415
2387207423,415
5565455857,416
5565455858,416
1312188679,416
1312188704,417
1312188883,417
1312188797,417
1312188768,418
4726152854,418
9781190369,419
1312188821,419
3499500263,419
1312188843,420
26067237,420
3741078112,421
5006764038,421
5006764039,421
9693935550,421
3892081372,421
1312319838,421
9693935551,421
1312453936,422
1547013601,422
1312453879,422
1678245252,423
3247932486,423
3381130089,423
1312454038,423
9781190366,423
3272782433,424
3272712566,424
1312454087,424
25496910,425
1312471189,425
9690974262,425
9690974275,426
9690974276,426
9690974277,426
9690974278,426
4920098342,426
4920098343,426
6266867113,426
6266867112,426
6266867114,426
6266867111,426
9699944538,426
1312471196,426
1312471216,427
9690974274,427
25497222,427
1312471226,428
25497603,428
1319881922,429
4730978979,429
1319881924,429
4730978983,429
25496851,429
256766531,430
3739049348,430
1326821480,430
2387242385,430
4826555770,430
1343823418,431
250550023,431
1353133536,432
4643336966,432
4643336968,432
4643336979,432
1353133533,432
1782725824,433
8336028514,433
1401926435,433
8336028515,433
2387194149,433
2387194150,433
2387194148,433
9021504714,433
9021504715,433
2387194123,433
2387194126,433
2387194127,433
2387194128,433
7836155869,433
2387194131,433
6369401334,433
9781190365,433
1493658224,434
1685281076,434
8785024515,435
8807410151,435
1547013710,435
9856119631,435
1547013554,435
1547013589,435
1547013719,435
1547013592,436
1547013724,436
1547013621,437
1547013694,437
1547013567,437
4402629177,438
1547013655,438
8807410149,439
1547013672,439
1547013705,439
9856119630,439
1547013688,439
1547013699,440
1550763732,440
1547013704,441
1547013653,441
9694096799,441
8579233861,442
8579233862,442
6600283121,442
4619022514,442
1547013754,442
3830043581,442
1547013760,443
8785024514,443
1547392848,444
1547392818,444
1547392728,444
1547392764,444
1547392894,444
1547393025,445
1547392771,445
1547392914,445
1547392951,445
1547392927,445
1547392865,446
1547393045,446
1550763749,447
4847781269,447
1556097034,448
1556097387,448
1556097147,448
1556097215,448
1556097153,449
1556097448,449
1556097227,449
5905896973,449
1556097166,449
1556097177,449
1556097178,449
1556097051,449
1556097185,450
1556097368,450
24952196,450
1951372935,450
4085404136,450
1556097321,450
1556097098,450
1556097163,450
4777897927,450
4777897928,450
1556097137,450
4018000435,450
1951372915,450
1556097080,450
1556097118,450
1951372927,450
1556097139,451
5905897286,451
1556097111,451
1556097136,452
6918421512,452
6918421503,452
1556097337,453
1556097148,453
1556097245,454
5189042550,454
1951372909,454
1556097217,455
1951372930,455
1561071655,455
1561071656,455
4085404135,455
1561071632,455
1556097431,455
1556097306,455
1556097320,456
25532494,456
8807410150,456
5976760443,457
1556324659,457
5473273425,458
24950114,458
1569216662,458
1571298195,459
20458276,459
1571298141,459
1590088452,460
1561071644,460
9805219990,461
1596648671,461
1599652497,462
5504771250,462
1599652492,462
3519872213,463
1609966653,463
4697288390,464
5146127859,464
367102039,464
1617596505,464
4696545402,464
25473048,465
4665353645,465
8373728533,465
1617596591,465
1617596593,466
3328228993,466
4661317524,466
3328228998,466
1617596616,467
1617596615,467
1617596627,468
1617596669,468
1617596646,468
1617596659,468
25475182,469
1617596686,469
8373690819,470
8373690820,470
9856119621,470
1617596714,470
8785503918,470
8785503919,470
8785503920,470
4689775124,470
4689775126,470
8785484313,470
8373690843,470
8373690844,470
1617647898,471
1617647900,471
8373728532,471
1617647903,471
1617647928,472
1617647931,472
1617647924,472
1617647944,473
8373728530,473
25475332,473
1951616261,474
1951616284,474
1678226917,474
1951616270,474
1678452770,475
4085767971,475
4085767974,475
1828402758,475
1828402759,475
4085767978,475
4085767980,475
4085767983,475
4085767992,475
3267461747,475
2620105428,475
4085767989,475
1678452760,475
4085767993,475
9729684314,475
1536948605,475
9684083967,475
1678452786,476
3474115151,476
7610670751,476
7610670876,477
1678452789,477
7610670826,478
7610670830,478
7610670771,478
1678452790,478
7610670780,478
7610670781,478
7610670906,479
1678452791,479
1678452793,480
7607077361,480
1678452795,481
8336028508,481
2387213899,482
8336028507,482
1678452796,482
5006978853,482
1684835042,483
1684835138,483
1684835110,483
8868809321,483
1684835019,483
6014333809,483
1684835121,483
1684835093,483
1684835030,483
1684835062,483
1684835097,483
1707790024,484
4658088777,484
1707790055,485
1707790057,485
4650375309,485
1707790063,485
1707790064,485
4650375508,485
6327615074,486
6327615075,486
6327615076,486
4658088585,486
4650375504,486
1707790067,486
4658088539,486
1955520890,486
3972566715,486
3197333544,487
7191329809,487
1711679380,487
1711679434,488
9375170322,488
9375170324,488
250549835,489
1718566997,489
1718567007,489
9804685199,490
9804685200,490
9804685201,490
9804685202,490
1723388986,490
7620895974,491
25161384,491
1727515734,491
6369329155,492
6369329159,492
4076095242,492
25497613,492
6369329170,492
4076095253,492
1813618231,492
1813618232,492
1813618234,492
3320947996,492
4076095262,492
5041784633,493
1813618358,493
5014591889,494
1816038239,494
1816038199,494
1816038224,495
1816038237,495
4158000323,496
1816959492,496
4211515621,497
108903,497
1830276654,497
4211515569,497
8256049397,497
1832248457,498
5573931377,498
5374183742,498
3704225378,499
4085778923,499
1938819279,499
9684101713,499
4085778934,499
4143767990,499
1938819280,500
9684083979,500
1678452780,500
4401156476,501
1938819292,501
4729448869,501
1938819294,501
1939558672,502
4866807989,502
2218344501,502
1939558671,502
1939632512,503
4826555773,503
7824803494,504
7824803495,504
7824803501,504
4166634957,504
9072449309,504
1951372959,504
1953096696,505
7796554012,505
2632476590,505
1990694635,506
1990694647,506
3130435826,507
1990694638,507
4823243100,508
2112030869,508
2480657188,509
2135411293,509
6431923714,510
5471345385,510
9693974377,510
308837357,510
2146369238,510
9161061783,510
9846850972,510
9846850973,510
9846850974,510
2146369240,511
5468301601,511
10607626,511
9694087363,512
9694087364,512
3816097109,512
3816097110,512
4430996023,512
2203268985,512
6332545601,513
9030284967,513
3093894066,513
2254629351,513
3265436260,514
2341656968,514
4697287178,514
8620082704,514
6327557047,514
8336028513,515
2387194133,515
2387194156,515
2387194157,515
4749090120,516
2402557597,516
3093897991,516
6110164660,517
6110164659,517
2612458244,517
2632486641,518
3586606039,518
2632486645,518
2632486646,518
3586606038,518
2665239972,519
6509684093,519
2665239976,520
2665239975,520
2665239977,521
2665239978,521
9684083981,521
9804685203,522
9804685204,522
2755124949,522
9804685206,522
9804685205,522
108864,523
2775653836,523
2914561217,524
5924603457,524
5924603458,524
5924603460,524
5924603459,524
5924611312,524
5924603444,524
5924603445,524
5924603446,524
5924603447,524
5924603449,524
8500636794,524
5924603452,524
5924603453,524
5924603454,524
5924603455,524
2934411668,525
3876429831,525
2935324280,526
2935373161,526
5929540796,526
2935373159,526
4992781181,527
2990721391,527
3247825561,528
3247825562,528
3741131606,528
3247932481,529
8976060358,529
4835109001,529
3381130092,529
3381130493,529
4430996033,530
3247933381,530
3267461728,531
3267461729,531
2265050050,531
9684083978,531
4938216619,531
3267461756,532
3267461758,532
367091632,533
3267461759,533
3272782432,534
1547013738,534
3272782429,534
6985465129,535
3385387607,535
4691514032,536
3519013665,536
5006063178,536
3644748769,537
3519288132,537
4430996024,538
4155841820,538
3632581622,538
3673602993,539
25477300,539
7815143465,539
9693628389,540
3741117629,540
5374181585,541
3972566714,541
9201323561,541
6110164641,542
3987750677,542
4077495872,543
4530195657,543
4077495883,543
4077495854,543
4077495855,543
4077495951,543
4077495858,543
4077495957,543
4077495862,543
4077495964,543
6463234329,544
5227220846,544
4077599543,544
5238587992,544
4077599545,544
1828408303,545
4696568114,545
4696544885,545
6327557048,545
4166662878,545
6868293535,545
4166662881,546
8620105277,546
8429225386,547
8429706219,547
6110191186,547
8429774517,547
4167762779,547
8675201264,548
7911282822,548
1556097326,548
4169714270,548
5609643672,549
4197055203,549
5609643675,549
5788363874,550
4208239651,550
4462680076,550
4208239642,550
5899711453,550
5899711454,550
4211515634,551
4211515644,551
4211515645,551
4316306164,552
1137777341,552
5342251136,553
4329502449,553
5177397824,554
8755805313,554
4367041960,554
4367041962,554
9691076056,554
4370333637,555
4370333638,555
4370333643,555
4370333627,555
4370333629,555
4401149224,556
5927671120,556
4401149225,557
5927671155,557
4401149228,557
7636278191,558
7636278194,558
4401149234,558
7636278197,558
7636278201,558
4826555771,558
4879371168,559
4879371165,559
4421008566,559
4627445216,560
4627445217,560
4627445215,560
4627491643,560
4627445213,560
5207476607,560
4665352264,561
4665352262,561
4675822097,562
4675822100,562
4682627259,563
6978555518,563
6978563383,563
5006063175,564
5006063176,564
8263166217,564
5006063177,564
5006063186,564
4691460851,564
4697525032,565
26374229,565
4697525030,565
9135848928,566
4777885222,566
1707790074,567
4822267107,567
4826555768,568
25632870,568
4859246419,569
2140506294,569
4864083784,570
6218501740,570
4866475736,571
4866475731,571
4866475733,571
9690974272,572
4920098344,572
9690974263,572
9690974264,572
9690974265,572
9690974266,572
4942595236,573
9781435149,573
5177352922,574
5177352923,574
5177352932,574
5177352933,574
5198585557,575
5198585559,575
5207487897,576
10572179,576
9693982149,576
9733914457,577
5253290694,577
4429088632,578
8972511965,578
5265830862,578
25496750,579
5265840063,579
5517519002,580
9703794691,580
27460210,580
5609643673,581
5609643674,581
8373690825,582
5880188046,582
5976760445,583
5976760446,583
5976760447,583
6032044868,584
25161383,584
9704122321,585
6218468163,585
6280047275,586
5160943798,586
1366095187,587
6369329172,587
9024139129,588
6369361794,588
6369361795,588
6369361789,588
4077495826,589
6407948171,589
8784181688,590
6467134930,590
9201323322,591
6606148797,591
6606148798,591
6696695781,592
6696695783,592
6645346885,593
6711365597,593
6967585840,594
7824747297,594
302013777,595
6969936105,595
6969936106,595
6978555522,596
4682627263,596
9693963696,597
9693963697,597
9693963698,597
7075087299,597
7572833353,598
7572833350,598
7636278200,599
7636278199,599
7644741345,600
1233350847,600
7805198627,601
4530012700,601
7911282827,602
4169714271,602
7620895976,603
7926686249,603
9690915268,604
9690915267,604
8064065316,604
1587330970,605
8783914189,605
8604055550,605
8784212017,606
4826555767,606
8868010162,607
8868010171,607
250327159,607
9042041320,608
9042041321,608
28800667,608
9375170320,609
9375170321,609
9375170325,609
9691082176,610
4872502280,610
9694104280,611
9856119625,611
1547657140,611
9694104279,611
9703794690,612
9080123622,612
9808795605,613
2632431806,613
