node_id,cluster_id
25495769,0
5426506500,0
25495770,0
4211515660,0
25495695,0
5014591889,0
1938953377,0
6866516260,0
2453947049,0
2453947051,0
1832666032,0
1637578546,0
1816038199,0
2576893628,0
2576893629,0
25495617,0
25495618,0
1816038211,0
3519288132,0
9856119619,0
1816038214,0
1985084100,0
323260106,0
25496779,0
25496780,0
25496781,0
25496782,0
25496783,0
1816038224,0
25496786,0
25496787,0
25496788,0
25496789,0
25496790,0
1816038230,0
25496792,0
8787692633,0
8787692634,0
5600934875,0
1816038233,0
25496797,0
25496798,0
25496799,0
25496800,0
3644748769,0
1816038237,0
1816038239,0
1985084135,0
350437608,0
8787384683,0
8787384684,0
8787384685,0
8787384686,0
25496814,0
10572779,0
25496817,0
4211515634,0
25496819,0
25496820,0
25496821,0
321255925,0
25496818,0
1832248440,0
5060391417,0
1816038226,0
104315,0
4211515644,0
4211515645,0
6369329152,1
6369329153,1
6369329154,1
6369329155,1
6369329156,1
6369329158,1
6369329159,1
6369329160,1
6369329161,1
6369329162,1
6369329163,1
6369329164,1
6369329165,1
6369329166,1
6369329167,1
8989843465,1
6369329169,1
6369329170,1
6369329171,1
6369329172,1
20955158,1
6509584408,1
20955164,1
25477148,1
6509584414,1
25477149,1
2293833760,1
20955169,1
25477154,1
2293833763,1
25477153,1
25477156,1
25067558,1
25477152,1
25477151,1
7815143465,1
2218344498,1
7815533546,1
2218344501,1
27459638,1
2218344503,1
2218344505,1
2218344508,1
2218344509,1
2218344510,1
2218344511,1
7815533548,1
2218344516,1
213672005,1
9197322310,1
4665352262,1
4665352264,1
262078536,1
2218344522,1
2218344518,1
6345441358,1
7815143503,1
7911243856,1
7911243857,1
7911243858,1
3673602993,1
1718566997,1
7911243861,1
25632855,1
25632856,1
25632857,1
25632858,1
25632859,1
7911243863,1
28418138,1
25632862,1
25632863,1
25632864,1
25632865,1
1718567007,1
28418144,1
28418141,1
25632870,1
2642878568,1
2642878569,1
25477228,1
6124650606,1
2934268020,1
25067636,1
7815143559,1
25477258,1
25067670,1
350437528,1
3381130086,1
7815143581,1
8785567902,1
3381130087,1
1312188689,1
367100073,1
5160943793,1
5160943794,1
4297212084,1
2642878644,1
5160943798,1
1566269623,1
5160943797,1
25477301,1
25477300,1
5160943803,1
490946748,1
5160943806,1
5160943807,1
25067727,1
25067728,1
4297212114,1
4826448085,1
4297212119,1
25477335,1
25067737,1
25477339,1
4297212128,1
4297212129,1
4076126448,1
377490664,1
27459830,1
25477371,1
4076126468,1
25067788,1
6463234329,1
25067803,1
5925626141,1
5925626142,1
3644785104,1
4297212194,1
26067235,1
26067236,1
26067237,1
26067234,1
26067239,1
26067238,1
4297212204,1
4618510643,1
6739026230,1
4663312695,1
4663312696,1
4663312697,1
4663312698,1
27459905,1
4297212226,1
8579522887,1
1144619335,1
1782718791,1
1782718792,1
5247852872,1
237908,1
8390582613,1
237911,1
1081508186,1
25067871,1
1081508200,1
27459945,1
25067883,1
1955520879,1
25248112,1
1081508209,1
25248113,1
25248115,1
25248114,1
25248117,1
25248118,1
1955520887,1
2297373047,1
25248119,1
1955520890,1
25248120,1
25248122,1
25248125,1
25248126,1
25248127,1
5087519104,1
25248128,1
25248123,1
25248124,1
27459971,1
27459970,1
27459969,1
27459966,1
25067914,1
25067920,1
5065949596,1
25067933,1
5065949598,1
25067935,1
25067936,1
268124583,1
7203717550,1
4143767990,1
5095547321,1
259252667,1
9690915259,1
9690915263,1
9690915264,1
8373690817,1
8373690818,1
8373690819,1
8373690820,1
354886082,1
9690915265,1
9690915271,1
8373690824,1
8373690825,1
8373690826,1
8373690827,1
8373690828,1
8373690829,1
8373690830,1
8373690831,1
8373690832,1
8373690833,1
8373690834,1
8373690835,1
8373690836,1
8373690837,1
8373690838,1
8373690839,1
8373690840,1
8373690841,1
8373690842,1
8373690843,1
8373690844,1
8373690845,1
8373690846,1
7847748059,1
8785568224,1
8785568228,1
3817308659,1
3817308660,1
4076126707,1
4675822093,1
4675822095,1
4077593104,1
4675822097,1
4675822100,1
470729237,1
473219610,1
268124704,1
7926686249,1
7926686250,1
7926686252,1
354886099,1
4305986094,1
4430996023,1
4430996024,1
3267461693,1
3267461696,1
4430996033,1
7223298252,1
3267461703,1
1326821619,1
57786953,1
3267461709,1
441958990,1
3267461710,1
441958992,1
7223298254,1
1309067471,1
5238587992,1
3267461721,1
5238587994,1
3267461728,1
3267461729,1
1326821624,1
1758552678,1
27460198,1
107585,1
3267461737,1
1758552682,1
3267461742,1
27460210,1
3267461747,1
3267461749,1
3267461752,1
3267461756,1
3267461758,1
3267461759,1
1569343909,1
2294047369,1
9042133642,1
3247825561,1
3247825562,1
7836164763,1
7836164764,1
7836164765,1
27460250,1
4730978978,1
4730978979,1
27460259,1
4730978981,1
4730978982,1
4730978983,1
4730978984,1
1268892338,1
3715515059,1
3499500226,1
2241962700,1
894485202,1
2620105428,1
21578454,1
1953202903,1
7926563545,1
5177352922,1
1953202907,1
21578459,1
5177352923,1
3519005409,1
5177352932,1
5177352933,1
3499500263,1
1566270189,1
4691460851,1
269550333,1
251757321,1
8429945617,1
1953202962,1
8429945618,1
8807441176,1
3519013665,1
4164428578,1
1268900644,1
28418859,1
1268892466,1
1268892467,1
1268900660,1
28418877,1
2387194148,1
28418879,1
28418880,1
390341443,1
4144358216,1
4144358217,1
2466456399,1
2466456400,1
2466456401,1
2466456402,1
2466456403,1
2466456404,1
2466456405,1
2466456406,1
2466456407,1
2466456408,1
2466456409,1
3741131606,1
2466456411,1
2466456412,1
2466456413,1
9804653406,1
2466456414,1
9804653408,1
28418909,1
4167762778,1
385311590,1
28418921,1
4529881970,1
632447859,1
8429945717,1
1268892541,1
1759454078,1
25265023,1
3517719434,1
251757452,1
5043864464,1
2586616722,1
4378043283,1
251757458,1
1759454104,1
1759454106,1
1759454118,1
5374174120,1
1759454122,1
25265075,1
25265077,1
212927414,1
354935735,1
25265079,1
25265080,1
25265078,1
18469130,1
7075087297,1
7075087298,1
7075087299,1
18469132,1
5177410511,1
1310663631,1
1759454163,1
3586606038,1
3586606039,1
455705562,1
5353604060,1
5353604061,1
251757533,1
1312932832,1
7918978033,1
1312932849,1
9693971447,1
1953096696,1
9693971449,1
9693971450,1
9693971451,1
25532377,1
9693971452,1
9693971448,1
585180151,1
9693971464,1
1312932879,1
5374174224,1
973128722,1
973128725,1
14672924,1
7926506525,1
7926506526,1
7926506527,1
1312932894,1
7926506529,1
7926506530,1
7926506531,1
7926506532,1
9754453026,1
9754453027,1
9754453028,1
9754453032,1
9754453031,1
9754453033,1
9754453030,1
9754453029,1
4344245892,1
385311796,1
1609966653,1
107584,1
2458256449,1
9820537921,1
9820537922,1
107588,1
107587,1
3247932481,1
9856119637,1
3247932486,1
9856119638,1
107586,1
9820537934,1
675734610,1
107602,1
675734613,1
107606,1
6332695638,1
6332695637,1
5046314073,1
2793874522,1
3585762393,1
6332695639,1
9856119642,1
5046314077,1
1771458655,1
675734622,1
7572833379,1
7572833380,1
7572833381,1
329983075,1
5046314090,1
5046314091,1
1832248428,1
9856119645,1
5046314092,1
107628,1
107632,1
107627,1
107634,1
107626,1
9856119646,1
107637,1
107638,1
1771458658,1
107641,1
107643,1
107644,1
9856119648,1
107646,1
107647,1
5165786239,1
9856119649,1
5165786242,1
2935392676,1
5165786245,1
9856119650,1
1832248457,1
1832248458,1
9856119651,1
1759454351,1
107667,1
107668,1
5875062471,1
1239549084,1
7487734942,1
9820538016,1
9820538017,1
9820538018,1
9820538019,1
4942595236,1
107685,1
107686,1
107684,1
107688,1
107687,1
107690,1
3320743081,1
107692,1
107693,1
9820538028,1
8783914189,1
25470166,1
1759454429,1
7620895974,1
7620895976,1
21685481,1
21685483,1
21685484,1
21685485,1
2360681713,1
2387207417,1
2387207418,1
2935373161,1
2387207420,1
2387207421,1
2387207423,1
9684083967,1
2387207425,1
2387207426,1
9684083971,1
28419328,1
9684083975,1
9684083976,1
9684083977,1
9684083978,1
9684083979,1
4378043661,1
4378043662,1
9684083983,1
9684083981,1
9684083982,1
9684083984,1
4378043667,1
9684083987,1
9684083988,1
9684083992,1
9684083993,1
9684083995,1
3320947996,1
4378043682,1
1832052008,1
9021498664,1
2265048377,1
25068862,1
9699953505,1
3816097102,1
3816097103,1
3816097104,1
3816097105,1
3816097106,1
3816097107,1
3816097108,1
3816097109,1
3816097110,1
763372884,1
763372886,1
9042027865,1
9042027866,1
9690769059,1
357999964,1
1717650794,1
4826555767,1
4826555768,1
4826555769,1
4826555770,1
4826555771,1
4826555772,1
6509684093,1
4826555773,1
9203541381,1
1601832328,1
1556260235,1
4378043789,1
1556260241,1
4847781268,1
3887941013,1
4847781269,1
25634199,1
9846850972,1
9846850973,1
9846850974,1
9693963679,1
9693963680,1
9693963681,1
9693963682,1
9693963678,1
9693963683,1
1954751908,1
4367041960,1
9693963689,1
4367041962,1
1954751914,1
1954751916,1
1954751918,1
25544110,1
9693963696,1
9693963697,1
9693963698,1
9693963699,1
1954751924,1
9693963701,1
9693963702,1
9693963703,1
9693963704,1
9693963705,1
9693963706,1
9693963707,1
9693963708,1
8318797236,1
8318797237,1
2218362306,1
2218362310,1
8645592521,1
2218362314,1
2218362316,1
1312335310,1
2218362321,1
4571940314,1
4571940315,1
2218362332,1
9690915267,1
2218362336,1
1731216865,1
9690915268,1
1014803686,1
873809385,1
25069046,1
9690915273,1
9690915274,1
6293128709,1
9690915275,1
722208263,1
2458273291,1
4077495820,1
4077495821,1
8715830798,1
8620082704,1
4077495826,1
3735889430,1
1810130457,1
1810130458,1
255051289,1
5473273373,1
5573994014,1
5573994016,1
5573994017,1
4089226784,1
5573994019,1
5473273376,1
4729628192,1
4077495854,1
4077495855,1
4077495858,1
4077495862,1
4077495867,1
1596655163,1
4077495872,1
6978577985,1
4077495883,1
5473273425,1
5473273433,1
5473273435,1
25577057,1
1550763620,1
2624005734,1
5041784423,1
3528738434,1
264824452,1
3528738438,1
3528738439,1
3528738440,1
4054356842,1
4077495951,1
4077495957,1
25477150,1
4077495964,1
7271474849,1
1039290578,1
4077495971,1
8263157412,1
8263157413,1
8263157414,1
8263157415,1
8263157416,1
7271474856,1
7271474855,1
7824803494,1
2490721964,1
8785503917,1
8785503918,1
8785503919,1
8785503920,1
7824803501,1
1493722803,1
1493722804,1
5041784501,1
4077627063,1
1550763708,1
5218862786,1
25151180,1
6470264535,1
6470264536,1
1014803736,1
1550763749,1
5104314096,1
5104314098,1
2265065203,1
1550763764,1
9804578356,1
2265065207,1
4866623226,1
24659709,1
2378843909,1
4076095242,1
8868824843,1
4076095253,1
24659736,1
2195965722,1
2195965723,1
4076095262,1
8868824870,1
8868824871,1
2387240745,1
2387240747,1
24659764,1
5041784633,1
5041784634,1
25470781,1
25470783,1
25470784,1
8868824899,1
7946372933,1
7946372934,1
1148249927,1
7946372935,1
7946372936,1
7946372937,1
7946372938,1
7946372939,1
7946372940,1
7946372941,1
7946372942,1
4864083784,1
4864083785,1
108389,1
108390,1
108391,1
108393,1
5104314222,1
3486459762,1
8373651315,1
8373651316,1
3486459764,1
108406,1
3486459766,1
4429088632,1
108409,1
3486459765,1
5090420610,1
108418,1
2466449286,1
2466449287,1
2466449288,1
2466449289,1
2466449290,1
2466449291,1
6407948171,1
6407948172,1
957122446,1
2466449295,1
2466449296,1
2466449293,1
2466449294,1
2466449297,1
5104314255,1
5104314256,1
5104314264,1
4807796633,1
2387224474,1
2387224475,1
4169836445,1
7066617760,1
9693865890,1
5104314275,1
8042022825,1
710657963,1
2632476590,1
4719617974,1
24659907,1
3247933381,1
2632476618,1
5880186827,1
5880186828,1
1150003147,1
2632476621,1
3247933387,1
25470928,1
9704122321,1
1150003155,1
5931509715,1
5104314325,1
843376599,1
5931509720,1
5931509721,1
5460658138,1
347539416,1
3497461727,1
2632476639,1
1725360097,1
1150003170,1
2218362849,1
9693628386,1
9693628387,1
9693628388,1
9693628390,1
9693628389,1
250324965,1
9673091207,1
24659947,1
8869472239,1
8869472240,1
5104314353,1
25495542,1
25495543,1
25495544,1
8869472247,1
1150003195,1
9754527740,1
9754527741,1
9754527742,1
9754527743,1
9754527744,1
9754527745,1
9703794688,1
9703794689,1
9703794687,1
5006764037,1
5006764038,1
5006764039,1
5006764040,1
9703794690,1
9703794691,1
9703794692,1
9703794693,1
9703794694,1
9703794696,1
4344245893,1
5104314384,1
1678452753,1
8869472274,1
1150003224,1
1678452760,1
269584410,1
1678452770,1
1569343523,1
1678452780,1
1678452786,1
1678452788,1
1678452789,1
1678452790,1
1678452791,1
1678452792,1
1678452793,1
9690974262,1
1678452795,1
1678452796,1
1678452797,1
9690974264,1
1678452799,1
9690974272,1
9690974266,1
1678452802,1
9690974275,1
9690974276,1
9690974277,1
9690974278,1
9690974274,1
3073173576,1
3073173585,1
21563479,1
25495640,1
21563481,1
367102039,1
1569343577,1
1569343576,1
9699944538,1
1215563870,1
25495646,1
25503841,1
21563489,1
1215563875,1
9703827555,1
25503845,1
1215563878,1
1215563879,1
25503848,1
1215563881,1
25503851,1
1215563885,1
21563503,1
1215563890,1
1215563891,1
21563508,1
1215563894,1
1215563895,1
25503862,1
1215563897,1
5609638014,1
1215563903,1
5342251136,1
1215563905,1
4835108995,1
4835108996,1
4835108997,1
4835108998,1
7840712839,1
25503880,1
4835108999,1
4835109002,1
4835109001,1
4835109000,1
25503885,1
419350669,1
9673091208,1
9673091214,1
25495697,1
25495698,1
9673091213,1
9805219989,1
9805219990,1
9805219991,1
9805219992,1
9805219993,1
9805219994,1
4156336279,1
5517519002,1
2458257570,1
2458257573,1
3334162601,1
2458257578,1
1758554286,1
1758554289,1
1758554291,1
2140506294,1
1758554294,1
368044217,1
9694087358,1
9694087359,1
9694087360,1
9694087361,1
4688513218,1
419350723,1
9694087364,1
9694087365,1
4866705606,1
7082240198,1
4866705607,1
9694087363,1
9694087362,1
1312188619,1
1782712524,1
5090420940,1
7223298253,1
1938819279,1
367077584,1
1938819280,1
1938819282,1
6272993491,1
6272993492,1
5060405461,1
1938819286,1
1938819285,1
1938819288,1
1938819289,1
1938819290,1
1938819284,1
1938819292,1
1938819293,1
1938819294,1
5090420959,1
1938819296,1
5090420958,1
4688513241,1
1938819299,1
5090420964,1
1938819301,1
1938819302,1
5090420965,1
1938819304,1
6969936105,1
1938819306,1
6969936106,1
9027340515,1
6969936109,1
6969936112,1
1938819313,1
5468301555,1
1938819316,1
1938819317,1
1312188660,1
1938819319,1
1938819320,1
1938819325,1
1938819326,1
25495807,1
25495808,1
25495809,1
1938819330,1
1938819331,1
1938819329,1
1938819328,1
1938819335,1
1938819336,1
8263166217,1
8263166218,1
8263166219,1
1938819340,1
1569343756,1
25495822,1
25495823,1
1938819344,1
1150003472,1
1938819346,1
25495824,1
1938819348,1
1717643537,1
1938819350,1
1938819351,1
2140227862,1
1312188692,1
1312188694,1
1312188696,1
25495838,1
1046391070,1
1312188704,1
5468301601,1
4866664736,1
1782728999,1
1312188714,1
25495852,1
25495854,1
4076095791,1
25495855,1
4383369519,1
25495858,1
1312188722,1
8043350325,1
9703794686,1
1312188730,1
1312188731,1
5374183741,1
5374183742,1
1312188735,1
2140432704,1
108864,1
108867,1
1312188741,1
8043350341,1
1150003532,1
8869464398,1
4383369553,1
25498457,1
5224630617,1
4076095834,1
1312188760,1
25498458,1
1312319838,1
1312188768,1
9703794695,1
1312188774,1
2990721389,1
8814668141,1
2990721391,1
9703794697,1
1150003571,1
7824803495,1
372050298,1
372050299,1
1312188797,1
5207476606,1
5207476607,1
5207476609,1
5207476610,1
5207476611,1
25504129,1
5207476613,1
25438595,1
5207476615,1
2902624645,1
5207476617,1
5207476619,1
25504143,1
21563791,1
25504144,1
25504145,1
25504146,1
25504148,1
25504149,1
1312188821,1
3870640530,1
1312188824,1
2059790748,1
20965794,1
250325411,1
20965796,1
20965797,1
20965798,1
20965799,1
20965800,1
20965801,1
4729448871,1
20965803,1
20965804,1
20965805,1
20965806,1
25438638,1
1312188845,1
1312188843,1
4244498866,1
1312188858,1
8868194757,1
5925628361,1
1312188883,1
1312188886,1
8868194778,1
2406484452,1
2406484453,1
2406484454,1
2406484455,1
8807410152,1
471488469,1
8807410154,1
4085778923,1
2406484460,1
8807410158,1
7607077361,1
4085778934,1
9042053623,1
9042053624,1
471488472,1
7607077372,1
749947393,1
5269678593,1
749947402,1
4697287178,1
25438732,1
1365887500,1
1401416203,1
1401416208,1
1312188945,1
4689775124,1
4689775126,1
3847023130,1
9710348827,1
9710348828,1
1312188955,1
3847023131,1
25496100,1
9673189925,1
9673189926,1
4534184507,1
1312188988,1
1312188994,1
6329690691,1
4534184516,1
3474115148,1
1782729295,1
1782729296,1
3474115151,1
9684101713,1
1312189013,1
9576827481,1
9576827482,1
4658088539,1
2135411293,1
2135411294,1
2135411296,1
2135411297,1
3763407460,1
2135411308,1
1312189047,1
1312189057,1
4658088585,1
4866591373,1
4866591374,1
4866591375,1
4866591376,1
1312189073,1
25544111,1
25544112,1
9710332576,1
9710332577,1
1312189091,1
4922952362,1
1312189098,1
6280047275,1
6280047277,1
6280047278,1
6280047280,1
473262779,1
25471681,1
24660697,1
8972511963,1
8972511965,1
256766531,1
4827019220,1
8318757605,1
8318757606,1
25471732,1
25471733,1
25471734,1
529722111,1
4089236235,1
275180300,1
4089236236,1
18393873,1
1163954964,1
5207477021,1
1684835105,1
20458273,1
1684835107,1
20458275,1
20458277,1
20458276,1
4627491642,1
4627491643,1
2969439040,1
6828927809,1
1718233922,1
6218468163,1
390073160,1
4658088777,1
4138224462,1
1163955034,1
109403,1
109408,1
109409,1
109410,1
4866976610,1
4866976611,1
4866976613,1
4866976614,1
1718233957,1
109416,1
4866976617,1
109414,1
109415,1
4992781175,1
2458307450,1
4992781180,1
4992781181,1
24660863,1
4992781187,1
4992781189,1
1718233994,1
21392267,1
21392272,1
21392273,1
2453941139,1
21392278,1
2453941147,1
5141876996,1
1163955130,1
8620272571,1
2265050050,1
435104715,1
435104717,1
435104721,1
435104726,1
435104727,1
435104728,1
5238500312,1
5238500313,1
1733389278,1
1828408303,1
5473274866,1
25504755,1
25504756,1
3632581622,1
2872699894,1
25504760,1
3081980920,1
25504763,1
25504769,1
25504770,1
25504777,1
25504779,1
5334625292,1
5334625293,1
9690975244,1
9690975243,1
9690975245,1
1401908258,1
4715264001,1
25496622,1
6985395258,1
2203888698,1
4077579334,1
4715264002,1
1719422032,1
1719422038,1
1727515734,1
4331121754,1
4331121755,1
9042037852,1
9042037853,1
6108171363,1
6724775011,1
6724775012,1
6724775014,1
6724775015,1
6724775016,1
6724775017,1
6724775018,1
6724775013,1
1938819283,1
1727515754,1
7644884069,1
3076574323,1
10677374,1
10677375,1
10677376,1
10677377,1
5880188045,1
5880188046,1
5931501991,1
6995618971,1
7553887392,1
109728,1
6995618979,1
109737,1
25496748,1
7553887409,1
2990664881,1
347335859,1
7553887415,1
3741117629,1
109760,1
1319881922,1
4158000323,1
1319881924,1
347335878,1
2387209415,1
109766,1
4530195657,1
3708234957,1
25496785,1
3708234964,1
1596648671,1
21990624,1
1596648673,1
5046627553,1
21990625,1
21990628,1
21990629,1
21990630,1
21990631,1
7553887464,1
21990633,1
21990634,1
21990632,1
1951616234,1
21990637,1
21990638,1
25496815,1
1951616236,1
1951616232,1
1014803691,1
377490677,1
1014803702,1
109815,1
109816,1
1014803704,1
109818,1
2914561272,1
2642857212,1
249679102,1
21523714,1
21523715,1
21523716,1
1951616261,1
1014803714,1
1951616263,1
1014803718,1
1014803721,1
7553887498,1
21523718,1
1951616268,1
21523719,1
1951616270,1
25496847,1
25496848,1
25496849,1
25496850,1
25496851,1
1951616276,1
7553887509,1
25496854,1
25496855,1
1951616278,1
25496857,1
24661273,1
1951616283,1
5470932252,1
5470932253,1
1951616284,1
5470932255,1
5470932256,1
1951616287,1
5141228834,1
1951616291,1
1951616292,1
3876429831,1
1951616295,1
1951616297,1
7223668011,1
7223668012,1
3231501611,1
3068267824,1
6978563378,1
6978563379,1
6978563380,1
6978563381,1
6978563382,1
6978563383,1
6978563384,1
5976853817,1
5046627645,1
5565443389,1
5565443390,1
1951616319,1
5565443391,1
1951616322,1
25472324,1
1951616325,1
5565443397,1
1951616327,1
5516594509,1
5046447437,1
25496910,1
9375100241,1
9375100242,1
350629203,1
9690974263,1
3220254039,1
9820523869,1
9820523870,1
9820523871,1
9820523872,1
9413430622,1
1268903266,1
9690974265,1
1793420652,1
316763501,1
1655418222,1
316763500,1
1793420660,1
2504822137,1
316763513,1
2504822139,1
2504822145,1
9820523913,1
9820523914,1
9820523915,1
9820523916,1
2387242385,1
2387242386,1
6304787860,1
6304787861,1
316763545,1
1958800795,1
316763548,1
316763559,1
6266867111,1
316763561,1
6266867112,1
316763563,1
6266867113,1
6266867114,1
835390894,1
429346236,1
316763584,1
429346241,1
316763586,1
429346243,1
9693982149,1
316763590,1
316763595,1
4166634955,1
429346253,1
429346251,1
4166634957,1
316763600,1
4166634962,1
4512763348,1
6985379285,1
6985379286,1
1148276186,1
4328443355,1
3499544028,1
1350430181,1
585199079,1
2466442731,1
1364168178,1
5146127859,1
1364168180,1
1505332730,1
9080098305,1
9080098306,1
9080098307,1
9080098308,1
9080098309,1
249679365,1
9080098312,1
9080098313,1
9080098314,1
9042120207,1
2987912733,1
5042032158,1
4661317153,1
4661317155,1
9201323575,1
9310662201,1
9310662202,1
1148276284,1
1547013692,1
1547013698,1
283061836,1
1547013711,1
6218501713,1
6218501715,1
6218501717,1
6218501740,1
1547013743,1
338472562,1
6218501746,1
1186508405,1
8336028511,1
338472567,1
6218501751,1
6218501753,1
8336028512,1
2218364541,1
6978555518,1
2218364543,1
2218348156,1
25161345,1
6978555522,1
25161347,1
25161348,1
2990780037,1
8336028514,1
25161351,1
25161352,1
25161353,1
2990780039,1
25161346,1
25161356,1
1497452171,1
25161357,1
4344245894,1
25161360,1
25161361,1
25161362,1
25161363,1
25161365,1
25161366,1
9030037142,1
25161368,1
25161370,1
25161371,1
2360684188,1
25161372,1
1569312412,1
110238,1
25161375,1
25161377,1
25161378,1
5603454627,1
5603454628,1
25161379,1
25161381,1
25161380,1
25161383,1
25161384,1
25161386,1
25161387,1
9694031532,1
4571238064,1
4571238067,1
4571238068,1
3972566710,1
3972566713,1
3972566715,1
3972566716,1
2387226304,1
110274,1
2387226307,1
1747873474,1
2387226309,1
4697288390,1
1707790023,1
1707790024,1
2387226311,1
2387226313,1
472493763,1
1707790029,1
1721713699,1
1707790044,1
1707790052,1
1707790055,1
1707790057,1
1707790062,1
1707790063,1
1707790064,1
2632486641,1
1707790067,1
2632486645,1
2632486646,1
7223365368,1
1707790074,1
7223365371,1
1707790076,1
1707790077,1
25497340,1
7223365372,1
7223365370,1
6014302223,1
25497347,1
1707790085,1
1835355916,1
1707790096,1
1782730512,1
2538458898,1
1707790099,1
1707790100,1
1707790105,1
25505561,1
1707790107,1
2331184927,1
2331184929,1
2331184930,1
2331184931,1
2331184932,1
5006978853,1
2331184934,1
5006978855,1
5006978856,1
5006978857,1
2331184935,1
3906588452,1
25505585,1
25505607,1
25505622,1
1939558646,1
25505624,1
25505629,1
5227220835,1
7617785701,1
9693974377,1
5227220845,1
7617785710,1
5227220846,1
25505648,1
7617785713,1
7617785714,1
5227220848,1
9816821617,1
1835356021,1
25472885,1
9024139129,1
25472890,1
9024139131,1
9024139132,1
9024139133,1
9024139134,1
9024139135,1
9024139136,1
9024139137,1
9024139138,1
9024139130,1
9030029183,1
250326914,1
9024139143,1
9024139144,1
9024139145,1
9024139146,1
9024139147,1
9024139148,1
9024139149,1
9024139150,1
25505673,1
25505677,1
25505679,1
4072083344,1
4072083345,1
4661317524,1
7911231380,1
1233350862,1
1813794712,1
7911231384,1
8869040027,1
8869040028,1
4661317536,1
4860825518,1
9691082671,1
1726730162,1
1726730165,1
7797731341,1
27459165,1
8976060358,1
7797731343,1
24661966,1
25497563,1
25497564,1
25497566,1
4232015838,1
7223709662,1
7223709664,1
1939558673,1
7223709668,1
7223709669,1
5046005743,1
5046005745,1
25497596,1
250327037,1
5046005758,1
25497599,1
1236791297,1
6014302222,1
3518967818,1
25497611,1
25497612,1
25497613,1
7797731340,1
7797731342,1
3233714192,1
3233714193,1
3233714194,1
25497619,1
3233714196,1
3233714197,1
3233714198,1
595709975,1
3233714195,1
24662037,1
5046005790,1
9694072864,1
1043001378,1
1939558687,1
1726730281,1
2398924843,1
2398924845,1
1236791344,1
8784212017,1
25067326,1
2398924853,1
2398924855,1
250327100,1
5342236733,1
2398924863,1
1726730303,1
1043001410,1
1726730307,1
5342236740,1
1043001422,1
1043001423,1
1326821457,1
9197326420,1
1326821460,1
1726730329,1
1326821466,1
1617596505,1
26374236,1
2398924893,1
18468958,1
1326821471,1
2398924896,1
18468961,1
2398924898,1
18468962,1
6369390691,1
6369390692,1
18468966,1
6369390690,1
6369390696,1
6369390693,1
6369390698,1
6369390694,1
6369390700,1
6369390701,1
6369390695,1
6369390697,1
1236791408,1
6369390699,1
1726730354,1
1326821490,1
6369390702,1
1326821487,1
1326821489,1
250327159,1
5257738379,1
2934288509,1
1326821502,1
1326821504,1
2934288513,1
1155584130,1
2934288514,1
2961540,1
2934288517,1
2934288518,1
5257738381,1
1326821513,1
1236791433,1
1326821515,1
2934288523,1
2961549,1
2934288530,1
1326821524,1
1326821525,1
2961557,1
5257738384,1
18395288,1
1236791459,1
1326821539,1
1326821541,1
1326821542,1
1326821544,1
5177397418,1
5177397419,1
5177397420,1
25473199,1
25473200,1
25473201,1
25473202,1
1617596593,1
25473204,1
25473205,1
1236791478,1
25473207,1
25473206,1
1326821557,1
1326821559,1
1326821561,1
1326821564,1
1326821566,1
1617596606,1
1326821568,1
1326821569,1
1233350848,1
1233350847,1
748941508,1
1039290562,1
1617596615,1
1617596616,1
1326821577,1
1617596619,1
1326821579,1
1617596621,1
6828863692,1
6828863695,1
1236791504,1
1326821585,1
1236791506,1
1326821587,1
1617596627,1
6828863697,1
472346838,1
6828863696,1
6828863698,1
1326821593,1
1326821594,1
1326821592,1
1326821596,1
1039290586,1
5009060057,1
1039290584,1
25497824,1
9080123618,1
9080123619,1
25497828,1
25497829,1
1617596646,1
1326821607,1
9080123622,1
9080123623,1
748941546,1
9080123624,1
9080123627,1
1326821613,1
1233350889,1
1236791535,1
748941552,1
9080123628,1
1617596659,1
1326821620,1
25497845,1
748941556,1
6978531575,1
748941560,1
1939558649,1
1939558650,1
1939558651,1
1939558648,1
1617596669,1
1939558647,1
1939558655,1
1236791552,1
1939558657,1
3894948093,1
1236791555,1
1939558659,1
748941573,1
1939558660,1
1939558663,1
1939558661,1
748941577,1
1939558666,1
2387194123,1
1939558667,1
1939558664,1
1617596686,1
2387194126,1
25497872,1
2387194128,1
2387194127,1
2387194131,1
1939558672,1
2387194133,1
1939558678,1
1939558674,1
1939558671,1
1939558681,1
1939558677,1
5141877019,1
1939558684,1
4072476959,1
25481504,1
4072476960,1
25481506,1
8975700259,1
8975700260,1
8975700261,1
1617596704,1
1617596711,1
2387194149,1
2387194150,1
8975700266,1
1617596714,1
2387194156,1
2387194157,1
1939558697,1
1939558701,1
1939558704,1
1939558700,1
4696568114,1
2387194158,1
5457908028,1
7183962432,1
9693974851,1
473264457,1
1312264524,1
4195103055,1
3497472337,1
9766629717,1
1312264546,1
2642612586,1
25497968,1
5573931377,1
1771426165,1
1771426166,1
1939632502,1
1939632504,1
5573931385,1
6828921209,1
6828921211,1
6828921210,1
4401156476,1
1771426174,1
1771426172,1
1771426173,1
1312264577,1
1939632514,1
1782714747,1
1939632510,1
1939632512,1
9690878337,1
1939632519,1
367104392,1
10572172,1
2934411661,1
1939632526,1
1042862477,1
10572178,1
10572179,1
10572180,1
2934411668,1
2934411667,1
1312264600,1
1042862492,1
9823138206,1
9823138208,1
9823138209,1
1312264610,1
1312264618,1
7911297462,1
7911297463,1
33141178,1
4195111355,1
747893184,1
4195111363,1
5340811717,1
7911297478,1
372978120,1
1312264648,1
347541965,1
5973397966,1
7911297486,1
7911297487,1
347541973,1
864817628,1
2961885,1
2961891,1
1678283238,1
7797338599,1
7797338600,1
1678283242,1
1678283244,1
1678283247,1
5141877239,1
473264641,1
4017328647,1
250327576,1
2967343648,1
2967343649,1
250327591,1
5475684917,1
5340811829,1
5340811830,1
372978232,1
250327609,1
5177397821,1
5177397822,1
5177397823,1
5177397824,1
256766529,1
5177397825,1
5177397827,1
5177397828,1
5177397829,1
5177397830,1
256766533,1
5177397832,1
256766532,1
250327618,1
5177397835,1
250327619,1
1042862673,1
4530057817,1
5335233114,1
5335233113,1
9027367517,1
9027367518,1
5335233119,1
3741078112,1
3272782433,1
5335233120,1
4369519204,1
2218340965,1
1042862696,1
5904585328,1
5049840242,1
4369519219,1
5049840243,1
5049840245,1
7797330549,1
5049840248,1
4369519227,1
251892353,1
1042862726,1
3850146457,1
6458938017,1
18395811,1
8318797234,1
5265953450,1
5265953451,1
5265953452,1
1364161197,1
5265953454,1
5265953455,1
2458301100,1
5265953457,1
4691514032,1
5265953459,1
8318797235,1
4530270906,1
4530270908,1
4530270913,1
1042862785,1
1418752708,1
8785457867,1
1418752721,1
5090420614,1
3892081372,1
3892081373,1
5146186463,1
1311961826,1
3892081378,1
1020211942,1
5146186470,1
9197589238,1
1311961846,1
5146186489,1
251892475,1
2632430340,1
2612458244,1
2632430342,1
2612458246,1
1311961868,1
7906964247,1
7906964248,1
7906964249,1
7906964250,1
7906964251,1
1014649631,1
1401893666,1
1401926435,1
2480657188,1
2480657190,1
5973627687,1
9021535020,1
4136137525,1
1311961910,1
4136137529,1
4136137530,1
5927671120,1
528126781,1
5927671121,1
9856119617,1
6032044867,1
9856119620,1
9856119621,1
9856119622,1
6032044868,1
9710359368,1
1014649672,1
9856119626,1
4643337035,1
9856119628,1
9856119627,1
9856119632,1
9856119635,1
4643337044,1
9856119636,1
1655214934,1
9856119639,1
8336028504,1
8336028505,1
6525670234,1
9856119643,1
8336028507,1
8336028508,1
1311961947,1
8336028509,1
6525670238,1
6525670241,1
6525670242,1
8336028510,1
6525670235,1
6525670236,1
6525670237,1
6525670239,1
6525670240,1
8336028516,1
8336028513,1
1655214955,1
8336028515,1
438170475,1
3381130091,1
3381130090,1
3381130092,1
3381130089,1
367121266,1
9197589363,1
4663309171,1
4054356847,1
1649365881,1
27480956,1
27480957,1
27480958,1
3876713343,1
2566132609,1
2566132610,1
2566132611,1
3517985666,1
1311961985,1
1311961990,1
1311961991,1
3145798533,1
4223357836,1
26678166,1
26678167,1
26678168,1
26678169,1
26678171,1
1311962012,1
1311962013,1
2279592862,1
2279592861,1
1311962016,1
4240028580,1
4827050921,1
268997560,1
1311962043,1
9197589454,1
9197589455,1
5265830862,1
9197589457,1
8753664977,1
1311962065,1
1360122841,1
1360122845,1
1311962079,1
3644748768,1
1311962080,1
1311962082,1
3644748770,1
3644748767,1
4726152854,1
3644748774,1
2360685543,1
1360122856,1
1311962089,1
213668842,1
5042033643,1
1360122860,1
1360122861,1
213668844,1
213668839,1
2990732269,1
8373752817,1
1360122866,1
5839156209,1
5067002867,1
10572786,1
10572785,1
1360122871,1
5335245256,1
1360122873,1
5119652857,1
1758552521,1
5119652862,1
1360122879,1
5119652864,1
5119652863,1
5119652865,1
1311962111,1
1758552522,1
1360122886,1
1311962122,1
1311962130,1
251892754,1
24949780,1
1360122901,1
1360122917,1
1360122919,1
1311962151,1
319984684,1
1360122925,1
1832227886,1
1360122924,1
1360122929,1
1723388979,1
2458260532,1
1360122933,1
1832227893,1
1360122937,1
1311962169,1
1723388985,1
1723388986,1
9042129983,1
9042129984,1
9042129985,1
9042129986,1
5247857728,1
1311962182,1
4150883407,1
3272712566,1
282719,1
1233327202,1
250549348,1
8868010171,1
4688513237,1
5948183671,1
8975529082,1
8975529083,1
8975529084,1
8975529085,1
8975529086,1
1832227968,1
8975529088,1
20460680,1
20460681,1
20460682,1
20460684,1
20460686,1
20460687,1
20460688,1
20460690,1
20460691,1
20460692,1
20460694,1
20460695,1
20460696,1
20460697,1
8785441943,1
7607080091,1
6506796188,1
8785441944,1
1938953379,1
1617532073,1
1364169899,1
4938216619,1
419632303,1
1832228016,1
419632306,1
1938953395,1
419632307,1
1617532085,1
1938953399,1
1617532088,1
1617532087,1
1617532090,1
1938953403,1
1617532092,1
1938953406,1
1938953413,1
1938953414,1
27460439,1
1938953417,1
4807521484,1
1938953430,1
1938953431,1
1938953432,1
1938953433,1
251892950,1
347542743,1
1938953437,1
1054045407,1
4822267107,1
4822267109,1
1832129778,1
1832129783,1
9203578106,1
9203578107,1
4298970364,1
1832129789,1
3381130493,1
4298970368,1
1832129795,1
4298970380,1
1054045453,1
4298970384,1
8373728530,1
8373728531,1
8373728532,1
1832129813,1
338474265,1
1312453915,1
338474269,1
1832129823,1
1312453919,1
24950050,1
24950051,1
4246525220,1
1832129831,1
4246525223,1
4401149225,1
4401149224,1
4401149228,1
24950064,1
24950065,1
4401149234,1
1312453950,1
1312453954,1
24950093,1
1312453966,1
8868001103,1
8868001104,1
1832129873,1
24950097,1
1366095187,1
250549587,1
1366095189,1
1832129878,1
1366095190,1
24950101,1
24950102,1
24950105,1
24950104,1
24950107,1
24950109,1
24950110,1
24950111,1
24950112,1
24950113,1
24950114,1
24950115,1
914822492,1
24950117,1
1312453981,1
914822496,1
1312453996,1
914822508,1
1312453999,1
5927671155,1
5927671156,1
9659831673,1
9659831674,1
9659831675,1
6828863691,1
1312454015,1
1125619075,1
3550836102,1
794039687,1
6828863693,1
249558409,1
2990806410,1
2990806411,1
1678226827,1
6828863694,1
2990806413,1
9161061775,1
2990806415,1
2990806416,1
9161061778,1
9161061779,1
9161061776,1
1312454031,1
1312454038,1
9161061783,1
1723315608,1
5207487897,1
6871422362,1
5207487900,1
6871422365,1
6871422364,1
1678226846,1
1312454045,1
1312454048,1
748885412,1
2665239972,1
1832129958,1
2665239975,1
2665239976,1
2665239977,1
2665239978,1
2665239973,1
250549670,1
1312454061,1
1312454055,1
1312454058,1
1312454066,1
1312454068,1
2919962038,1
2919962039,1
2919962040,1
2919962041,1
2919962042,1
2919962043,1
2919962044,1
2919962045,1
2919962046,1
1689605567,1
250549699,1
250549700,1
1312454086,1
1312454087,1
1312454090,1
1312454100,1
28418497,1
25499095,1
9691076056,1
1125619161,1
4627445213,1
4627445215,1
4627445216,1
4627445217,1
25499104,1
1312454114,1
1678226917,1
25499115,1
422573549,1
6239229422,1
6239229423,1
21583342,1
8785024497,1
2632488435,1
4627445240,1
4627445241,1
2632488445,1
373364225,1
373364228,1
21583366,1
4627445257,1
4627445258,1
4627445259,1
4627445260,1
4627445261,1
30078473,1
950703625,1
950703626,1
8807429660,1
1782724124,1
9203537438,1
9203537439,1
8807429664,1
8807429665,1
1782724125,1
1125619235,1
2003007012,1
3215685153,1
8972441127,1
473265708,1
5006063170,1
5006063171,1
5006063172,1
5006063173,1
1828402758,1
5006063175,1
5006063176,1
5006063177,1
1828402759,1
5006063178,1
5006063179,1
5006063180,1
1828402765,1
1828402767,1
1828402760,1
1828402769,1
5006063186,1
1828402771,1
250549835,1
1828402774,1
1678227031,1
3894948091,1
4696544885,1
1569216123,1
4962956931,1
973158035,1
28800660,1
28800661,1
28800662,1
28800664,1
28800666,1
28800667,1
28800670,1
28800671,1
28800672,1
1951372959,1
6110164641,1
25497222,1
6110164647,1
6110164649,1
6110164650,1
28800689,1
6110164659,1
6110164660,1
277337783,1
7223326407,1
7223326408,1
7223326409,1
7223326410,1
7223326411,1
7223326412,1
7223326413,1
4275394254,1
7223326414,1
5875062472,1
7613626070,1
9693910743,1
7613626073,1
2775635677,1
4329502449,1
4379801334,1
7817162929,1
255678213,1
250550023,1
250550024,1
419632906,1
4569700109,1
6465896909,1
670103313,1
3644748773,1
9072449309,1
4230027057,1
4866651959,1
4866651962,1
4866651963,1
1569216316,1
4866651966,1
9781311295,1
9781311296,1
4866651969,1
367105858,1
367105859,1
9781311297,1
4866651968,1
9781311298,1
9781311299,1
1569216326,1
2140124996,1
4859246418,1
4859246419,1
4859246420,1
5141354328,1
5141354329,1
5141354330,1
5141354331,1
5141354332,1
5141354333,1
7636244312,1
7636244314,1
7636244313,1
4297054053,1
6525671279,1
8869435257,1
8869435258,1
2203268985,1
5711517565,1
104318,1
104319,1
104320,1
8869435266,1
5711517571,1
8869435268,1
104322,1
2466445190,1
5977954180,1
4428887946,1
5114681227,1
5114681230,1
1837610895,1
252729234,1
8869435290,1
269547419,1
269547420,1
2387212189,1
250550174,1
6868293535,1
25532332,1
249558966,1
9693935550,1
9693935551,1
9030121410,1
8784000965,1
469759942,1
469759943,1
9808795598,1
9808795599,1
9808795600,1
9808795601,1
9808795602,1
9808795603,1
9808795604,1
9808795605,1
9808795606,1
9808795607,1
9808795608,1
9808795609,1
9808795610,1
7223695323,1
9808795611,1
7223695324,1
7223695326,1
7223695327,1
25532384,1
2387245025,1
2387245026,1
2387245027,1
471488484,1
6696695781,1
2387245029,1
6696695783,1
471488499,1
4715263992,1
8604055550,1
4715264000,1
5736847361,1
5736847362,1
4462680067,1
4462680068,1
5736847363,1
5736847364,1
25499655,1
5816743941,1
5816743945,1
5816743942,1
5816743947,1
4715264004,1
9756243981,1
4462680078,1
350377999,1
9756243982,1
9756243983,1
9756243986,1
9756243984,1
9756243985,1
5816743950,1
5816743949,1
6014302226,1
6014302227,1
6014302228,1
9693730842,1
2632464413,1
2632464415,1
2632464416,1
6863550501,1
1419565097,1
2632464427,1
6863550510,1
25532464,1
3533830193,1
25532475,1
1736685635,1
25524297,1
2990717003,1
3739048019,1
3739048020,1
3739048021,1
4870281309,1
4870281310,1
4870281311,1
1211381855,1
25475182,1
10606709,1
32921720,1
4696545402,1
250550400,1
373364868,1
373364870,1
7617755274,1
7617755275,1
373364874,1
3965024397,1
373364878,1
3965024399,1
3519879307,1
3965024398,1
4650375309,1
9611081868,1
3528710290,1
5257738389,1
1569216662,1
1312471190,1
819132568,1
1312471193,1
5257738387,1
1312471188,1
1312471196,1
1312471197,1
1312471189,1
5257738390,1
25499808,1
25532576,1
1312471202,1
3858880675,1
3858880676,1
3858880677,1
3858880678,1
3858880674,1
1312471208,1
1312471210,1
1312471216,1
3656358065,1
8868010162,1
1312471217,1
4866807989,1
1312471222,1
1312471223,1
4682627259,1
2215139515,1
4650375357,1
2632431806,1
4682627263,1
4682627264,1
4682627261,1
4682627265,1
4682627266,1
2632431807,1
1312471252,1
8868010202,1
1312471258,1
3153656028,1
8868010205,1
3153656030,1
1312471265,1
9691101411,1
9691101412,1
1312471267,1
1312471271,1
8868010216,1
4650375402,1
8868010218,1
8868010221,1
27351282,1
27351284,1
25475331,1
25475332,1
473258249,1
1617647898,1
1617647900,1
1617647901,1
7796554012,1
1617647903,1
25632774,1
3139705121,1
6985373983,1
6985373980,1
6985373982,1
6985373984,1
1685272862,1
8868010279,1
8868010280,1
8868010281,1
1617647919,1
8868010287,1
1617647924,1
1617647928,1
9027328313,1
9027328314,1
1617647931,1
1536948541,1
1617647934,1
5816744255,1
5816744257,1
8429934918,1
1617647944,1
1617647945,1
4650375504,1
4297242961,1
2140420434,1
4650375508,1
9659603285,1
5306194265,1
25475419,1
1536948581,1
8787384680,1
3319978344,1
1536948605,1
1755265415,1
2341656968,1
1536948622,1
1755265428,1
1755265432,1
1684781470,1
367106464,1
1755265444,1
6988528038,1
6988528039,1
3741131600,1
1684781486,1
7947057586,1
473266627,1
2387220933,1
1782716888,1
321255907,1
9042041320,1
7223728617,1
212916714,1
9042041321,1
25475561,1
321255919,1
6369401334,1
8785484288,1
469776896,1
2990651905,1
1816959492,1
2990651920,1
2990651921,1
367114771,1
10607127,1
8785484312,1
10607128,1
8785484313,1
8785484315,1
8785484316,1
8785484314,1
10607129,1
10607133,1
7657257518,1
447887921,1
4085783099,1
9375078973,1
9375078974,1
4085783103,1
9375078975,1
4085783105,1
25475661,1
5238528591,1
6840965712,1
25475664,1
4297243218,1
25475663,1
25500246,1
3696548438,1
25475674,1
9729684314,1
25475678,1
9024076384,1
9024076385,1
3265436260,1
25475688,1
25475690,1
25475691,1
25475692,1
25475693,1
25475694,1
25475695,1
25475696,1
25475697,1
25475698,1
25475699,1
5736692334,1
3870640547,1
7223712382,1
3870640548,1
473258639,1
4297243295,1
4297243298,1
25475767,1
1684437690,1
25475770,1
1684437692,1
1985084095,1
1569241807,1
1569241808,1
1951616226,1
4166662878,1
4166662881,1
5471345385,1
1951616231,1
2458303223,1
419347194,1
419347195,1
419347196,1
419347197,1
419347198,1
419347199,1
419347200,1
419347201,1
419347202,1
419347203,1
9781435146,1
25500427,1
9781435148,1
9781435149,1
9781435147,1
973101839,1
5141625621,1
5141625623,1
5141625625,1
27458331,1
5141625630,1
6828931875,1
2793904931,1
9693903657,1
8975833904,1
8975833905,1
27458353,1
4077599543,1
8975833912,1
8975833913,1
8975833914,1
8975833915,1
4077599544,1
4077599545,1
475396924,1
446765895,1
473258827,1
355416911,1
355416914,1
7223704403,1
355416920,1
355416921,1
1571298141,1
5141625696,1
25066338,1
5141625698,1
25500517,1
5141625702,1
5141625703,1
9042025325,1
25500530,1
25500535,1
4860803960,1
4860803961,1
3930921860,1
1718328198,1
5041945479,1
5041945481,1
1571298192,1
1571298195,1
4948630427,1
5041945508,1
24951721,1
25066412,1
3673602988,1
7636278191,1
7947041713,1
7636278194,1
25066419,1
7636278193,1
7636278197,1
7636278195,1
6327557047,1
6327557048,1
7636278201,1
7636278199,1
7636278200,1
7636278196,1
7636278198,1
8975645638,1
8975645640,1
8975645641,1
25066450,1
25066451,1
25066453,1
25066457,1
269589467,1
5600934876,1
9310682079,1
8373623781,1
25066470,1
308837357,1
2012969971,1
9804774392,1
4866784251,1
3265436678,1
3265436680,1
10607626,1
10607629,1
3265436686,1
3265436688,1
3518995475,1
3265436692,1
8672066581,1
7236131861,1
3265436695,1
7236131864,1
7236131862,1
7236131865,1
3497483291,1
25476124,1
3735886877,1
343669791,1
7745051680,1
25476127,1
25476131,1
25476132,1
343669798,1
25476134,1
7636163631,1
24951856,1
4866653236,1
213670986,1
18398282,1
9041828942,1
9855343702,1
1684511838,1
470727776,1
2140421219,1
2140421220,1
2140421222,1
2140421223,1
2140421224,1
1718328435,1
8755805313,1
8515091589,1
1721678995,1
9691102358,1
1363483801,1
9691102362,1
4158004390,1
4867087535,1
244128953,1
25066684,1
5929540796,1
25066687,1
1782725824,1
25066694,1
748797126,1
25066696,1
9021504714,1
9021504715,1
9021504716,1
9710304459,1
9710304460,1
2142502090,1
4703542482,1
4703542483,1
1684511955,1
3519872213,1
21990626,1
21990627,1
748797145,1
873684193,1
1755708646,1
1755708647,1
1755708648,1
302013673,1
302013674,1
5573991659,1
5573991660,1
302013676,1
302013678,1
302013672,1
302013675,1
302013681,1
302013682,1
302013685,1
388455682,1
7636180236,1
7636180237,1
7636180239,1
7636180241,1
470727954,1
7636180242,1
4155841811,1
4155841820,1
4210859292,1
25066784,1
367074596,1
1787108646,1
1787108647,1
1787108648,1
1787108649,1
1787108650,1
4297211186,1
4297211187,1
9269886261,1
7900888377,1
1755708730,1
1755708732,1
251892564,1
1755708736,1
1755708737,1
1755708738,1
1755708739,1
5925584201,1
5925584203,1
5925584204,1
875789647,1
302013776,1
302013777,1
1601797458,1
1755708765,1
1755708766,1
1755708768,1
7911267686,1
7911267687,1
7911267688,1
2935373159,1
6951230826,1
7911267690,1
7567588716,1
7911267693,1
7911267692,1
7946378607,1
7946378608,1
8807431535,1
7911267696,1
7911267695,1
7911267694,1
8807431541,1
7900888437,1
1569216650,1
8807431546,1
8807431548,1
8807431550,1
8807431551,1
1852996996,1
9030155653,1
9030155654,1
4729448869,1
8807431560,1
8807431559,1
1678245252,1
3739049348,1
5006065037,1
5006065038,1
5006065039,1
5006065040,1
5006065041,1
3987750686,1
3987750687,1
9804471701,1
9804471702,1
2872704413,1
18382242,1
3215687074,1
3499556266,1
1782717878,1
25475072,1
2775653836,1
1364172237,1
24952269,1
9135848919,1
9135848920,1
9135848921,1
9135848922,1
9135848923,1
9135848924,1
9135848925,1
249560538,1
1852997088,1
5141216740,1
9030155749,1
9030155750,1
9030155751,1
5141216741,1
9030155753,1
9030155754,1
5141216745,1
9030155756,1
1913216493,1
9030155755,1
5141216746,1
9030155757,1
9030155758,1
5141216754,1
9030155759,1
9030155760,1
9030155762,1
9030155766,1
9030155763,1
9030155767,1
5055364608,1
6431923714,1
6431923715,1
5055364612,1
5055364611,1
5055364610,1
5055364614,1
3528711693,1
5141216782,1
8620105233,1
8620105234,1
8620105236,1
5141216790,1
8620105240,1
4630855193,1
8620105242,1
761830938,1
8620105244,1
8620105243,1
9693920797,1
9693920794,1
9693920795,1
9693920801,1
4630855202,1
4630855203,1
4630855204,1
4630855205,1
9693920803,1
9693920802,1
4920098343,1
4920098342,1
3528711722,1
8620105259,1
27459116,1
4920098349,1
4920098344,1
27459120,1
8620105265,1
1813618227,1
8620105268,1
8620105269,1
8620105270,1
1813618228,1
1813618229,1
1813618231,1
1813618232,1
1813618234,1
1813618230,1
1678155318,1
8620105277,1
25067068,1
1343823418,1
2387213896,1
2387213899,1
2387213902,1
2387213904,1
6110191188,1
761831000,1
5899738713,1
9756278362,1
9756278363,1
9756278364,1
6446292570,1
3704225374,1
3704225375,1
3704225376,1
8923643489,1
6327615074,1
6327615075,1
6327615076,1
3704225380,1
3704225379,1
5976850023,1
5976850024,1
3704225378,1
8923643490,1
7610670710,1
2935324280,1
27459198,1
761831039,1
3328228993,1
3328228994,1
3328228996,1
3328228998,1
4726152840,1
25509513,1
3328229004,1
4726152844,1
5504212623,1
4726152847,1
4726152848,1
4726152850,1
761831060,1
3722411669,1
25509526,1
25509527,1
6279388822,1
6279388824,1
6279388823,1
6279388821,1
4726152857,1
25509533,1
25509534,1
7610670751,1
7610670771,1
1214922421,1
1813618358,1
1214922426,1
1214922428,1
7610670780,1
7610670781,1
255860415,1
1214922429,1
9027340516,1
2146369237,1
2146369238,1
5198585559,1
2146369240,1
5198585557,1
9781190365,1
9781190366,1
9781190367,1
9781190368,1
9781190369,1
7644741346,1
7644741345,1
6218501757,1
3706494694,1
4034060007,1
1569382119,1
7644741351,1
7610670826,1
6948380395,1
4034060012,1
632438506,1
7610670830,1
4034060015,1
585129712,1
4034060017,1
4034060018,1
25067264,1
25067265,1
25067266,1
25067267,1
25067268,1
25067269,1
742399752,1
4532363026,1
3987750677,1
1722621718,1
3987750679,1
1569382170,1
7610670876,1
5218844445,1
1569382174,1
5218844446,1
3987750684,1
3987750685,1
4085767970,1
4085767971,1
8064065316,1
1312188614,1
4085767974,1
3987750692,1
25067304,1
3987750688,1
4085767978,1
8064065323,1
7610670892,1
4085767980,1
4085767983,1
4166967089,1
4085767989,1
7926554423,1
7926554424,1
4085767993,1
7610670906,1
4085767992,1
25067324,1
27459951,1
7926554430,1
7926554431,1
1326821465,1
1813618497,1
7610670913,1
21307200,1
21307201,1
30056255,1
21307202,1
7610670919,1
7610670921,1
4629462859,1
1312188622,1
4764884821,1
30056277,1
27459959,1
1312454029,1
4530339698,1
4530339699,1
4530339700,1
4530339701,1
4530339702,1
30056310,1
6369361788,1
6369361789,1
6369361790,1
8438226815,1
6369361792,1
6369361791,1
6369361794,1
6369361795,1
6369361796,1
6369361797,1
25067395,1
6273056647,1
6273056648,1
25067400,1
25067396,1
25067397,1
1326821480,1
25067398,1
1547657099,1
9804685199,1
9804685200,1
9804685201,1
9804685202,1
1547657104,1
968499092,1
968499093,1
2389802901,1
2389802904,1
9693929369,1
1587330970,1
1726783391,1
25067427,1
25632677,1
25632678,1
25632679,1
25632680,1
25632683,1
25632684,1
367091632,1
4748394420,1
9042026424,1
4370333627,1
4370333629,1
4370333637,1
4370333638,1
25067463,1
25067461,1
4370333643,1
25067469,1
25067470,1
4370333648,1
25067473,1
3813810132,1
3813810133,1
25067476,1
25067479,1
7836155864,1
7836155865,1
7836155866,1
7836155867,1
7836155868,1
7836155869,1
7836155870,1
1718566880,1
104321,2
5046314042,2
9693760971,2
24951853,2
1046306670,2
24951854,2
4922952373,2
5046314040,2
9856119641,2
268997562,2
5046314043,2
25632860,2
5046314041,2
4167762779,3
104323,3
8429225386,3
8429706219,3
8429795032,3
295977520,3
6110191186,3
4167762777,3
8429774517,3
4167762776,3
8429795033,3
8429795034,3
8429795035,3
3855607516,3
1237883773,3
2364384488,4
8030470473,4
585124778,4
1951242858,4
1951242860,4
3397689900,4
2364378222,4
2364371185,4
2364379602,4
2364379603,4
2364379604,4
2364379605,4
107613,4
107614,4
1864047135,4
25475328,5
1990912129,5
25473281,5
9700060292,5
690295047,5
9690878344,5
4872502279,5
9632417162,5
9632417163,5
4078858000,5
4078858001,5
869968536,5
4136124524,5
4777885221,5
4777885222,5
4085387943,5
9683581480,5
4085387945,5
4136124526,5
7246486955,5
283062189,5
3385332654,5
9683686963,5
3733791671,5
585127354,5
1155552319,5
1137777343,5
8030470464,5
585130362,5
9683585635,5
903630659,5
8030470469,5
8497605091,5
7638732490,5
7638732491,5
25475417,5
585148380,5
4832472797,5
9135845214,5
680069471,5
107615,5
8579240311,5
9135845216,5
9135848931,5
680069473,5
9135845213,5
6265654109,5
9135848928,5
1951242856,5
1951242857,5
1990912106,5
1951242859,5
2364384492,5
2364384490,5
680069483,5
2364387947,5
9135848938,5
9135848937,5
2364371186,5
1990912115,5
8579240307,5
8579240309,5
8579240310,5
8579240308,5
8579240312,5
8579240313,5
8579240314,5
25473279,5
2496836226,6
108420,6
3093897988,6
3093897989,6
2496836231,6
3093897991,6
1312188679,6
1255490314,6
250549636,6
2402557839,6
1280491924,6
1280491926,6
2402557597,6
2402557599,6
250325410,6
3787645606,6
3787645607,6
3787645608,6
3787645609,6
3787645610,6
2387232555,6
2387232556,6
2387232557,6
2387232559,6
3093894065,6
2387232561,6
2387232563,6
1150003513,6
806373565,6
9030284989,6
9030284990,6
3741117630,6
4749090120,6
25477197,6
1722268367,6
9856119633,6
1722268381,6
1722268384,6
1722268388,6
5492419692,6
5492419693,6
5565455857,6
5565455858,6
8236052983,6
8236052987,6
8236052988,6
8236052990,6
8236052991,6
108835,7
108837,7
4193151464,7
4305986091,7
7620902731,7
5905893978,7
4211515621,8
108903,8
25496777,8
245200970,8
1830276654,8
9189397456,8
4211515569,8
663363473,8
4211515891,8
8256049397,8
8256049399,8
1536948608,9
20626307,9
1536948612,9
25505670,9
20626311,9
1536948487,9
3796814729,9
1536948618,9
20626315,9
20626310,9
20626312,9
20626316,9
7572522511,9
1852996875,9
7572522513,9
1536948631,9
6509584413,9
20955170,9
1536948517,9
7572522534,9
109734,9
1852996517,9
7572522540,9
1536948652,9
7572522547,9
1536948536,9
1572551227,9
1852996670,9
2504847039,9
7572522566,9
4866475725,9
4866475730,9
4866475731,9
4866475733,9
4866475736,9
7572522585,9
4866475737,9
1852996954,9
1536948578,9
109411,9
109412,9
25264997,9
25264998,9
2504822135,9
1536948474,9
7572522492,9
9753609738,10
9753609739,10
9753609740,10
9753609741,10
9753609742,10
9753609743,10
9753609744,10
9680972177,10
9680972178,10
9753609745,10
25505685,10
9680972185,10
25161373,10
7824747295,10
7824747297,10
7824747298,10
7824747300,10
7824747302,10
7824747303,10
7824747304,10
7824747305,10
7824747307,10
25067307,10
7824747308,10
6967585840,10
6967585841,10
109746,10
6967585842,10
1827389620,10
1782727992,10
1722621630,10
4220613456,10
700774224,10
5201625566,10
2941549918,10
5840176866,10
25505634,10
1990694635,10
1990694638,10
1990694641,10
3130435826,10
1990694647,10
1852996856,10
9681020156,10
9681020157,10
1852996734,10
9856119640,11
373402354,11
109780,11
9856119634,11
18468953,12
9514602150,12
9514602151,12
9514602152,12
9514602153,12
5047029678,12
109785,12
25066461,12
25066462,12
6166157035,13
109788,13
24952267,13
1882379274,14
2112030869,14
1882379285,14
2112030873,14
291951643,14
275179767,14
1723340842,14
4425001783,14
110140,14
110141,14
9051462722,14
4823243100,14
6855696504,14
3247578846,14
435104742,14
6855696495,14
1882379248,14
6855696497,14
6855696498,14
6855696500,14
627985397,14
6855696502,14
6855696503,14
25472760,14
275179893,14
25472763,14
4823246342,15
1684835093,15
5609643672,15
1684835097,15
5609643675,15
25472800,15
1684835110,15
1684835245,15
1954751920,15
1684835121,15
1141415219,15
1685281076,15
110143,15
1684835138,15
1150003270,15
1684835019,15
1309067472,15
2036125649,15
2036125650,15
1684835030,15
2036125657,15
1684835042,15
4197055203,15
8868809321,15
4571194090,15
4571194091,15
1493658224,15
6014333809,15
6864015603,15
2940401398,15
1684835062,15
6014339453,15
1238259337,16
4530011788,16
9375170320,16
6261920913,16
6261920914,16
4530012691,16
4530012690,16
4530012692,16
4530012694,16
4530012695,16
4530012696,16
6261920915,16
1150003480,16
4530012699,16
4530012700,16
4530012701,16
4530012702,16
6866779806,16
4530012703,16
4530012704,16
1771453218,16
7805198627,16
1771453217,16
3499567135,16
1771453860,16
1711679380,16
3197333544,16
288193455,16
7191329809,16
28728210,16
5565487612,16
1137777341,16
3197339673,16
7191329811,16
3197339674,16
4729385030,16
4729385031,16
2737313094,16
1711679434,16
9808795596,16
3197339676,16
9375170321,16
59526352,16
2935324281,16
9375170322,16
282708,16
9375170323,16
1150003547,16
21990620,16
9375170324,16
1731225566,16
1150003423,16
9375170325,16
9375170326,16
4316306163,16
4316306164,16
249470452,16
4316306166,16
1761598585,16
28728187,16
1536039932,16
3515286914,17
3515286915,17
3515286916,17
25477774,17
28728208,17
249467025,17
806373533,17
8784181688,17
10676799,17
9782353731,17
5565466183,17
8784159562,17
1493676622,17
2496836303,17
1493676623,17
6467134930,17
6467134931,17
21990614,17
25477106,17
20625793,18
25497603,18
697037343,18
6149398571,18
5905807278,18
1556324659,18
1547657140,18
1312471226,18
1312471228,18
6301948477,18
6301948480,18
9694091974,18
9694091975,18
9694091976,18
9856119625,18
9694091978,18
9694091977,18
9694091981,18
9694091982,18
9694091983,18
25474005,18
9694104278,18
9694104279,18
9694104280,18
1312471255,18
25474015,18
25475053,18
8579276917,18
5976760443,18
5976760445,18
5976760446,18
5976760447,18
9694032608,19
9694032609,19
1561411396,19
585201189,19
585200775,19
20625800,19
585200818,19
8579276918,19
710521820,19
9694032606,19
9694032607,19
6918421504,20
6918421512,20
6918421513,20
1556097034,20
1561071632,20
1561071655,20
1561071656,20
1547013672,20
4018000435,20
1556097080,20
1547013688,20
1556097092,20
1547013705,20
1556097098,20
3385387604,20
3385387605,20
3385387606,20
3385387607,20
1556097111,20
1556097118,20
1556097120,20
1951372909,20
1556097136,20
1556097137,20
1951372915,20
1556097139,20
1556097147,20
1951372927,20
1951372930,20
1951372935,20
1556097163,20
1556097185,20
6446218921,20
6446218922,20
1590114998,20
1556097215,20
1556097217,20
9694091972,20
9694091973,20
1556097222,20
25278669,20
25278670,20
696477399,20
1556097245,20
1556097271,20
8675201272,20
2528522503,20
2528522507,20
2528522518,20
1556097306,20
2528522528,20
6985465124,20
6985465125,20
1556097321,20
6985465130,20
6985465129,20
2528522542,20
6985465145,20
5905897286,20
1556097353,20
1556324683,20
1556324684,20
9856119630,20
1556097368,20
20626282,20
1556097387,20
5189042550,20
5189042551,20
5189042552,20
24952195,20
24952196,20
811035012,20
4072083342,20
4072083343,20
1556097431,20
1556324759,20
1556324793,20
4777897927,20
4777897928,20
4117882851,20
4117882852,20
8807410149,20
4085404135,20
4085404136,20
4117882856,20
4117882857,20
4117882860,20
6918421503,20
7824803490,21
7824747299,21
7824803492,21
7824747301,21
1536948646,21
7824803493,21
4085778920,21
7824747306,21
5146186589,21
7824803500,21
1536948431,21
1536948529,21
20626301,21
5146186590,21
9856119647,21
9856119623,22
9201323564,22
21392276,22
25509525,22
2343269909,22
4462680070,23
4462680076,23
21392279,23
4208239642,23
5603454625,23
5603454626,23
4208239651,23
9201323561,23
6606135979,23
21686572,23
21686573,23
21686574,23
9201323322,23
3972566714,23
6606148797,23
6606148798,23
5374181585,23
4462683090,23
5899711453,23
5899711454,23
5788363874,23
9203541612,23
21563788,24
5907366887,24
9748953621,25
21578461,25
25477858,26
4556931602,26
4556931603,26
4556931604,26
3661703766,26
819157975,26
819157946,26
21990622,26
24950048,27
5095547180,27
5095547184,27
24950005,27
24950013,27
25071090,28
25071131,28
25471736,29
25503860,29
25472545,30
4675821944,30
4675821925,30
4675821932,30
4665353645,30
4665353644,30
762080111,30
1617596591,30
8373728533,30
25472566,30
25473048,30
25472379,30
1617596607,30
4823246341,31
4425001781,31
4425001782,31
25472767,31
7447716112,32
25472789,32
9161061774,32
25473004,33
4665353662,33
25473203,34
5067002855,34
1569486259,35
25475597,35
25475754,36
1816777875,36
1493229962,36
25495819,37
25495820,37
6354294763,37
1834657467,37
1834657469,37
25496773,38
4211515622,38
25496775,38
317930380,38
4211515637,38
1145174402,39
1599652492,39
1599652497,39
4571241384,39
9820538031,39
5504771250,39
355416887,39
355416890,39
355416892,39
3257317059,39
9820537936,39
9820537937,39
9820537940,39
9820537941,39
9820537942,39
9820537943,39
9820537944,39
9820537946,39
1165343843,39
4729480806,39
4729480807,39
4729480808,39
4571244658,39
4571244659,39
4571244660,39
4571244663,39
25497595,39
1828402762,40
25505643,40
1828402764,40
1828402763,40
25505618,40
25505662,40
3664398006,40
2142508727,40
25505593,40
25505630,40
25505695,40
1547013760,41
1556097153,41
8785024514,41
8785024515,41
1547392771,41
1547393025,41
1556097030,41
707377287,41
30056330,41
5905896973,41
1556097166,41
2454119184,41
1547392914,41
1547013653,41
1547393045,41
1547013655,41
1556097048,41
1556097177,41
1556097178,41
1556097051,41
1312471191,41
9694096799,41
1547392927,41
1556097320,41
1556097448,41
4402594986,41
6149398572,41
4920098350,41
1312453936,41
1547013554,41
4619022514,41
1547392818,41
1547392894,41
1547392951,41
4402629177,41
3830043581,41
1312471231,41
1547013699,41
8579233861,41
1547013574,41
8579233862,41
1547013704,41
1556097227,41
1547013710,41
25532494,41
9856119631,41
1547392848,41
1550763732,41
1547013589,41
1547013588,41
1547013719,41
1547013592,41
1547013593,41
1547392728,41
1547013724,41
3272782429,41
1547013597,41
3272782432,41
1547013601,41
1547013730,41
1547392865,41
1547013604,41
5580861156,41
8807410150,41
8807410151,41
1547013738,41
3272782446,41
6600283121,41
251892979,41
1312453879,41
1547013754,41
1547392764,41
25532542,41
4697525032,42
3811094142,42
26374229,42
4697525030,42
27480960,43
27480961,43
2140125056,43
7900221088,43
9678821156,43
1736734053,43
9021491075,43
9678821159,43
9678821160,43
9678821161,43
1238249904,43
7900221108,43
3486459769,43
249560091,43
7900221087,43
28193265,44
3170676207,44
3984132034,45
3984132035,45
4116809027,45
3984132037,45
4116809028,45
302013708,45
4422013486,45
249679343,45
28418929,45
4089885905,45
4244498867,45
4244498868,45
3741131608,46
149431715,46
3741131607,46
249558964,47
249559005,47
302013662,47
6332545601,48
338319877,48
9030284967,48
7151566952,48
2254629351,48
250327660,48
3093894066,48
9693971465,49
4230595026,49
377494060,49
27331469,49
435104736,50
435104732,50
435104735,50
690295042,51
9690878341,51
5122737222,51
9690878343,51
1353133536,52
4643336966,52
4643336968,52
4643336979,52
1353133533,52
1547013563,53
1547013621,53
1547013694,53
1547013567,53
1556097337,54
1556097148,54
1590088452,55
7911282822,55
1556097326,55
8675201264,55
1561071644,55
4169714270,55
1556260024,56
7911282827,56
4169714271,56
1617532089,57
1617532091,57
1828402755,58
1828402756,58
3691462888,59
9804685203,59
9804685204,59
2755124949,59
9804685206,59
9804685205,59
2914561217,60
5924603458,60
5924603459,60
5924603460,60
5924603457,60
5924611312,60
5924603444,60
5924603445,60
5924603446,60
5924603447,60
5924603449,60
8500636794,60
5924603452,60
5924603453,60
5924603454,60
5924603455,60
4938216620,61
4166634958,61
3267461735,61
9733914457,62
3817308667,62
5253290694,62
3892081362,63
3892081363,63
4879371168,64
4096485377,64
4859130051,64
9822267116,64
4421008566,64
4879371165,64
4107646656,65
2360681708,65
8026335686,66
4174200046,66
4872502280,67
5947858321,67
9691082176,67
25496750,68
5265840063,68
5609643673,69
5609643674,69
1326821507,69
6645346885,70
6711365597,70
7572833353,71
7572833350,71
