node_id,cluster_id
1236791459,0
4076126468,0
7946372934,0
7946372936,0
7946372940,0
7946372941,0
7946372942,0
3817308659,0
3817308660,0
104318,0
104320,1
373364225,1
373364868,1
373364228,1
373364870,1
6369329161,1
373364874,1
3965024397,1
373364878,1
3965024398,1
3965024399,1
6369329169,1
6369329167,1
6369329166,1
1311962013,1
20965796,1
20965797,1
8868824870,1
8868824871,1
20965803,1
2398924845,1
1311962182,1
4870281310,1
1311962082,1
1215563878,1
1215563895,1
9856119641,2
104321,2
104322,3
1718328198,3
7553887409,3
2140227862,3
1771426166,3
7836155866,3
1771426173,3
104323,4
8429795032,4
295977520,4
4167762776,4
8429795033,4
8429795034,4
8429795035,4
4864083785,5
107585,5
1312471271,5
6218501751,5
107586,6
8043350341,6
8318757605,6
9808795601,6
4726152850,6
8043350325,6
3987750692,7
5977954180,7
9673189926,7
7644741351,7
9673091208,7
6110164649,7
6110164650,7
7900888377,7
9673091213,7
9673091214,7
107602,7
7900888437,7
3850146457,7
3987750684,7
3987750685,7
3987750686,7
3987750687,7
5816744257,8
2203888698,8
5816743941,8
8429934918,8
585199079,8
5816743942,8
5816743945,8
5816744255,8
5816743949,8
8429945617,8
1505332730,8
8429945618,8
107606,8
25475770,8
1689605567,8
2364384488,9
8030470473,9
585124778,9
1951242858,9
1951242860,9
2364378222,9
2364371185,9
2364379602,9
2364379603,9
2364379604,9
2364379605,9
107613,9
107614,9
1864047135,9
1990912129,10
9632417162,10
9632417163,10
3385332654,10
1155552319,10
8030470464,10
1137777343,10
8030470469,10
7638732490,10
7638732491,10
4832472797,10
107615,10
9135848931,10
1951242856,10
1951242857,10
1990912106,10
1951242859,10
2364384492,10
2364384490,10
2364387947,10
9135848938,10
9135848937,10
2364371186,10
1990912115,10
5925584201,11
107626,11
8807410154,11
1312454055,11
107627,12
1312453981,12
8807410158,12
1951616231,12
107632,13
6458938017,13
25532576,13
9413430622,13
8753664977,14
107634,14
4729628192,15
6369361797,15
5141625703,15
7223298252,15
3644785104,15
107637,15
6369361788,15
6369361791,15
9856119648,16
107638,16
7926506529,17
7926506531,17
7926506532,17
107641,17
7926506525,17
7926506527,17
4866651968,18
1938819301,18
25505673,18
5046447437,18
3656358065,18
2012969971,18
1311961910,18
4866651959,18
7926554424,18
107643,18
7926554430,18
7926554431,18
107646,19
5006978855,19
4922952362,20
3644748774,20
107647,20
7066617760,21
5207476613,21
4627445257,21
4627445261,21
9684083984,21
107667,21
1938819316,21
9684083988,21
1828402774,21
3696548438,21
1828402771,21
9684083995,21
9754527744,22
9754527745,22
5055364610,22
5055364611,22
367077584,22
107668,22
9754527743,22
107684,23
1726730281,23
7617755275,23
957122446,23
4072476959,23
107685,24
7617785701,24
4729448871,24
7617785710,24
1726730354,24
8373690840,24
8785484288,25
4072476960,25
107686,25
8373690833,25
8373752817,25
4530339699,25
8373690834,25
4530339701,25
7613626070,25
8373690839,25
4530339702,25
7613626073,25
8373690835,25
6369329153,26
107687,26
1311961991,26
1311962089,26
6369329163,26
1054045453,26
9310662202,26
1311962169,26
1163955130,26
1054045407,26
9024076384,27
4530270913,27
9024076385,27
4822267109,27
107690,27
8373690827,27
8373690828,27
8373690829,27
8373690826,27
21563791,27
8373690831,27
1707790096,27
3497472337,27
21563508,27
21563479,27
4530270908,27
3519005409,28
107692,28
8785484316,28
8263157413,28
2294047369,29
8373651315,29
107693,29
2458257570,30
108389,30
2458257573,30
6724775018,30
9781435146,30
5265953451,30
1364172237,30
2458301100,30
1832248428,30
5265953450,30
2453941139,30
6279388822,30
6279388823,30
6279388824,30
26678169,30
26678168,31
6279388821,31
108390,31
6828863691,32
6828863692,32
6828863693,32
6828863694,32
6828863695,32
6828863696,32
6828863697,32
6828863698,32
9804578356,32
108406,32
2632464416,33
108409,33
390073160,33
2632464413,33
108420,34
9030284989,34
9030284990,34
4193151464,35
108835,35
3267461696,36
108867,36
264824452,36
3267461710,36
3267461721,36
3267461693,36
109408,37
25481504,37
6988528039,37
9694031532,37
470727954,37
9197589363,37
5207487900,37
1536948618,38
109411,38
1536948578,39
109412,39
109414,40
9030029183,40
9781190368,41
3381130086,41
3381130087,41
109415,41
4688513237,41
25248128,42
9710332577,42
9710332576,42
109416,42
25248115,42
2218344508,42
2218344510,42
1536948608,43
6509584413,43
109734,43
24952269,44
109737,44
1536948541,44
5840176866,45
1722621630,45
4220613456,45
109746,45
9681020156,45
9681020157,45
2941549918,45
9856119640,46
109780,46
9514602150,47
9514602151,47
9514602152,47
9514602153,47
109785,47
338474269,48
109815,48
109818,49
3644748770,49
4823246342,50
6864015603,50
1141415219,50
2036125657,50
110143,50
3972566716,51
237908,51
8620105234,52
3265436695,52
1813794712,52
367100073,52
8620105259,52
1214922421,52
8620105270,52
4077627063,52
1214922429,52
2140432704,52
4150883407,52
5177410511,52
237911,52
455705562,52
4034060012,52
1955520879,52
4034060017,52
4034060018,52
2265065203,52
282708,53
4316306166,53
4530012703,53
2632464415,54
282719,54
2961549,55
385311590,55
5218862786,56
9030155653,56
5925584204,56
2538458898,56
2961557,56
1939558646,56
1939558647,56
1939558648,56
2195965722,56
357999964,56
2961891,57
9856119628,57
1312454086,57
1678452792,58
10572172,58
747893184,59
7610670913,59
7610670919,59
7610670921,59
10572178,59
367106464,60
4643337035,60
10572180,60
25471732,60
1236791478,60
25471733,60
25471734,60
4630855193,60
4650375357,60
1938953377,61
9856119619,61
1985084100,61
350437608,61
10572779,61
1816038230,61
25495770,61
10572785,62
8972511963,62
25496748,62
8972441127,62
8785568224,63
10572786,63
7847748059,63
1985084095,63
10606709,64
5973397966,64
2632476639,64
9693865890,65
8868824899,65
6369329158,65
1366095189,65
10607127,65
5353604060,65
2466449286,66
2466449287,66
2466449288,66
1326821513,66
2466449289,66
2466449290,66
1326821515,66
2466449293,66
20460686,66
2466449295,66
2466449296,66
2466449297,66
20460690,66
20460692,66
1326821525,66
20460694,66
20460695,66
10607128,66
20460696,66
20460697,66
1326821539,66
1326821541,66
1326821557,66
1326821559,66
372978232,66
1326821566,66
256766529,66
372978120,66
1326821577,66
2466456399,66
2466456400,66
2466456401,66
2466456402,66
2466456403,66
20460681,66
1081508186,66
1326821471,66
1326821613,66
1081508209,66
1326821502,66
2632430342,67
1954751914,67
4530057817,67
10607129,67
2466456411,67
2466456412,67
2466456413,67
2466456414,67
10607629,68
7947057586,68
5468301555,68
2146369237,68
5470932252,68
5470932253,68
10677377,69
7082240198,69
1401416203,69
8318797237,69
212927414,69
4462680067,70
9781435147,70
5573931385,70
14672924,70
8975529085,70
8975529086,70
268997560,71
18382242,71
9042027865,72
18393873,72
1725360097,73
18395811,73
8785441943,73
8785441944,73
5976853817,73
4992781189,74
2387240745,74
18398282,74
2387240747,74
8869472239,74
1326821619,74
1326821460,74
4826555769,74
1938819330,75
1938819331,75
6369390691,75
25161351,75
2387212189,75
18468958,75
18468962,76
7926506530,76
7926506526,76
18469130,77
9856119638,77
2642878568,78
2642878569,78
18469132,78
9856119637,78
8868194778,79
20458275,79
20458277,80
250549587,80
1312188692,80
2934268020,80
4618510643,80
7926563545,80
20460680,81
6978563384,81
6978563380,81
25497828,82
9693963708,82
20460687,82
5238528591,82
25497872,82
1326821564,82
9693963701,82
9693963702,82
9693963703,82
9693963704,82
9693963705,82
9693963706,82
9693963707,82
1326821596,82
5353604061,82
20625793,83
6301948477,83
9694032608,84
9694032609,84
20625800,84
585200818,84
9694032606,84
9694032607,84
5189042552,85
20626282,85
8675201272,85
5189042551,85
7824803490,86
7824803492,86
7824803493,86
1536948646,86
4085778920,86
7824803500,86
20626301,86
1536948431,86
1536948529,86
5146186589,86
5146186590,86
9856119647,86
3796814729,87
20626310,87
20626311,87
1536948612,88
1536948517,88
7572522566,88
25264998,88
20626312,88
7572522534,88
1536948652,88
7572522540,88
4866475730,88
7572522547,88
4866475737,88
1536948631,88
1536948536,88
7572522585,88
1852996954,88
1572551227,88
20626315,89
7572522492,89
9805219994,90
9197326420,90
20955158,90
1649365881,91
20965794,91
8868824843,91
6369329164,91
2398924898,92
9781311298,92
20965801,92
7946378607,92
7946378608,92
9310682079,92
2398924893,92
2398924863,92
4369519204,93
1813618497,93
20965804,93
1326821585,93
20965805,94
20965806,94
21307200,95
9030155753,95
9856119635,95
4661317536,96
3328228994,96
3328228996,96
25524297,96
21392267,96
4663312695,96
4663312696,96
4663312697,96
4663312698,96
21392273,97
3972566713,97
4859246420,97
5603454625,98
6606135979,98
21392279,98
21523714,99
4726152840,99
4726152844,99
6465896909,99
6218501717,99
7797330549,99
9694087358,99
8042022825,100
21523718,100
1014649631,100
5335233120,101
2934288514,101
5009060057,101
21523719,101
5573991659,101
5573991660,101
4138224462,101
5335233119,101
5335233113,101
5335233114,101
2934288509,101
5165786239,101
21563489,102
21563481,102
1707790085,102
4719617974,102
25495640,103
8645592521,103
25495858,103
21578459,103
1419565097,104
21583366,104
4017328647,104
21685481,105
1837610895,105
1360122929,105
1360122933,105
1163955034,105
4331121754,106
21685483,106
4462683090,107
21686572,107
21686574,108
4462680070,108
1493676622,109
21990614,109
4556931602,110
4556931604,110
21990622,110
21990627,111
475396924,111
8672066581,111
7636180239,111
8923643490,112
21990628,112
9030155750,112
9030155754,112
1719422038,112
9856119639,112
8923643489,113
21990629,113
5875062472,113
9042053623,113
5565443389,113
5565443390,114
9693628386,114
9808795603,114
21990630,114
5042033643,115
9042025325,115
21990631,115
21990632,116
9030155751,116
1326821568,117
21990633,117
9820523913,117
1326821487,117
1326821489,117
25470166,117
1326821624,117
25497599,117
9693963680,118
9693963681,118
9693963682,118
9693963683,118
1938953413,118
1938953414,118
1938953417,118
710657963,118
9820538028,118
422573549,118
21990638,118
9161061776,118
1326821465,118
1938953403,118
1938953406,118
9693963678,118
9693963679,118
25161360,119
24659764,119
7906964247,119
7906964248,119
7906964249,119
7906964250,119
7906964251,119
24659907,120
24659947,120
24949780,120
1311961990,120
9693920801,121
9693920794,121
9693920795,121
9693920797,121
24660863,121
24950013,122
24950005,122
2389802904,123
24950050,123
2389802901,123
2279592862,123
24950064,124
5218844446,124
5227220848,125
24950065,125
5227220845,125
8807429664,126
2387226304,126
2387226307,126
2387226309,126
2387226311,126
2387226313,126
9691082671,126
24950097,126
1731216865,127
4866705606,127
8807431560,127
5925584203,127
24950101,127
24659709,127
24950105,128
5095547321,128
1951616327,128
8807431559,128
9693920803,129
24950110,129
24950111,129
24950112,130
25248126,130
24950113,131
4748394420,131
8807431541,131
385311796,131
316763501,132
24950117,132
24951853,133
4922952373,133
9693760971,134
24951854,134
24951856,135
4860803961,135
1215563870,135
2528522528,136
24952195,136
6985465124,136
6985465125,136
9694091972,136
9694091973,136
3385387604,136
3385387605,136
3385387606,136
1556324759,136
1556324793,136
24952267,137
6166157035,137
5090420610,138
25066419,138
25066451,139
25066453,139
25066461,140
25066462,140
25066470,141
1938819306,141
1938819313,141
4866653236,141
8807441176,141
4866623226,141
1852997088,142
25066784,142
25066694,142
25066696,142
4866591373,142
4866591374,142
4866591375,142
4866591376,142
3233714196,142
3233714198,142
3233714192,143
3233714193,143
3233714194,143
3233714195,143
3233714197,143
25067068,143
25067265,144
2566132609,144
1569382119,144
1569382170,144
1569382174,144
2504822145,145
25067266,145
1852996996,145
2504822137,145
6509584414,145
25067304,146
2566132610,146
2566132611,146
7824747305,147
6967585842,147
25067307,147
25067396,148
25067397,148
5146186470,148
5146186463,148
25067427,149
25067398,149
5104314275,150
25067461,150
5104314255,151
25067463,151
5104314384,152
25067469,152
25067470,152
5104314353,153
25067727,153
1569343756,153
25067479,153
1569343909,154
25067558,154
5104314096,155
25067670,155
1569312412,156
25067933,156
25067871,156
1569343523,157
5141216745,157
25067883,157
5141216790,157
4085783105,158
25067914,158
7911267690,158
7911267692,158
9659831675,158
6446292570,158
1569216123,158
1569216316,158
25161375,158
25067920,159
9659831674,159
25067936,160
5141216746,160
5141216782,160
25067935,160
25071090,161
25071131,161
25151180,162
1832129958,162
25161345,163
1771426172,163
7836164765,163
5087519104,164
25161347,164
5090420965,164
8807429665,165
25161348,165
5090420964,165
8807429660,165
5090420958,165
5090420959,165
8336028516,166
25161352,166
6739026230,166
1938819320,166
1938819325,166
2387207421,166
3816097105,167
25161353,167
9856119645,167
5247857728,168
9691101411,168
9691101412,168
25161357,168
2387194158,168
5141877019,168
25161361,169
7223298253,169
25161362,170
9856119651,170
9856119649,171
25161363,171
2387209415,172
1360122924,172
25161366,172
9024139132,172
9024139133,172
1718233922,173
8869435268,173
7553887415,173
25161368,173
7836164763,173
7836164764,173
1684511838,173
8438226815,173
25161371,174
9856119636,174
1951616276,175
1951616278,175
1951616283,175
5065949596,175
5065949598,175
1678226846,175
1951616287,175
25161377,175
25161378,175
25161379,175
1951616291,175
1951616292,175
1951616295,175
6985395258,175
5141354329,175
5473273433,175
3153656028,175
5141354333,175
3153656030,175
107628,175
5049840242,175
5049840243,175
5049840245,175
5049840248,175
1782714747,175
8807431548,175
6369361790,175
6032044867,176
25161380,176
25161381,176
8318797234,177
8318797235,177
2387220933,177
25248118,177
3381130090,178
3381130091,178
1782717878,178
25248122,178
9781190367,178
7911267688,179
7911267696,179
25265023,179
4166634955,180
7911243856,180
7911243857,180
25265077,180
3887941013,180
25265079,180
4085783099,180
2059790748,180
4077579334,181
7911267686,181
7911267693,181
25265075,181
25265078,181
25504129,182
1938819340,182
25470781,182
4383369519,182
4379801334,183
25470783,183
25471681,184
4630855202,184
4630855203,184
4630855204,184
4630855205,184
25471736,185
25503860,185
7271474849,186
25472324,186
4675821944,187
25472379,187
4675821925,187
762080111,187
1882379274,188
1882379248,188
1882379285,188
4425001783,188
25472760,188
25472763,188
3247578846,188
4425001782,189
25472767,189
7447716112,190
25472789,190
9161061774,190
25472800,191
4571194090,191
4571194091,191
2036125650,191
2940401398,191
1684835105,192
1684835107,192
3739048019,192
3739048020,192
3739048021,192
25472885,192
25473203,193
5067002855,193
9042129986,194
1215563885,194
25473204,194
25473205,194
1215563897,194
6871422364,194
1759454078,194
1759454118,195
1759454122,195
25473206,195
25473207,195
1759454104,195
1759454106,195
6871422365,195
4136124526,196
25473279,196
869968536,197
25473281,197
8579276917,198
9694104278,198
25474015,198
9694091974,199
9694091975,199
9694091976,199
9694091977,199
9694091978,199
25475053,199
1312471228,199
25475072,200
9690769059,200
7236131864,200
585180151,200
7236131865,200
6332695637,200
6332695638,200
9135848919,200
6332695639,200
9135848921,200
9135848922,200
9135848923,200
9135848924,200
9135848925,200
7236131861,200
7236131862,200
8263166218,201
25475331,201
8263157412,201
9135845216,202
9690878344,202
25475417,202
9135845213,202
9135845214,202
9856119627,203
25475419,203
25475561,204
9690878337,204
1312471265,205
9699953505,205
25475661,205
1312471252,205
1312471223,205
9690915259,206
25475663,206
4715264000,207
6014302222,207
6014302223,207
6014302226,207
6014302227,207
6014302228,207
1312932894,207
4136137529,207
9690915263,207
9690915264,207
9690915265,207
9690915271,207
9690915273,207
9690915274,207
9690915275,207
25475664,207
4167762778,207
4529881970,207
8429945717,207
9576827481,208
25475674,208
9576827482,208
6525671279,208
8784000965,209
25475678,209
4297212128,210
4297212129,210
25475692,210
4297212194,211
4298970380,211
25475693,211
4297212204,211
4298970384,211
4297212084,211
355416920,211
9823138208,212
9823138209,212
25475694,212
25475695,212
4297211186,212
4297211187,212
435104728,212
355416921,212
9823138206,212
25475696,213
25475698,213
435104726,213
1326821607,213
25475697,214
1326821594,214
1326821466,214
25475699,215
6239229422,215
6273056647,215
25475754,216
1816777875,216
4297243298,217
4297243218,217
4297212114,217
25475767,217
748797145,217
4297212119,217
4297243295,217
5931509721,218
25476124,218
5931509720,219
4920098349,219
25476127,219
3515286914,220
3515286915,220
3515286916,220
1493676623,220
25477106,220
1954751908,221
7644884069,221
26067236,221
3320743081,221
1312188689,221
1312188858,221
25477149,221
5006764040,222
25477154,222
5006764037,222
3093894065,223
25477197,223
2402557839,223
3858880674,224
5925628361,224
249558409,224
25477228,224
1042862477,224
9808795598,224
6304787860,224
25477301,224
6304787861,224
3735886877,224
25477258,225
347541973,225
3858880675,226
25477335,226
57786953,227
3673602988,227
9808795599,227
9203578107,227
9203578106,227
25477339,227
28419328,228
5257738379,228
5257738381,228
5257738384,228
9808795600,228
1039290578,228
5257738387,228
5257738389,228
5257738390,228
1039290586,228
25477371,228
806373533,229
25477774,229
819157946,230
25477858,230
4556931603,230
3661703766,230
1832052008,231
338472567,231
25495542,231
1832129783,231
25495769,232
25495618,232
1364169899,233
2453941147,233
1953202907,233
25495807,233
25495808,234
1832227968,234
1834657467,235
25495820,235
1834657469,235
6354294763,235
4275394254,236
25495822,236
447887921,236
350437528,236
5899738713,236
6828927809,237
6828931875,237
1148249927,237
6828921209,237
25495824,237
1707790105,237
6828921210,237
6828921211,237
5736847361,238
5736847362,238
5736847363,238
5736847364,238
25495852,238
749947393,239
749947402,239
25495854,239
25495855,239
470727776,240
25496100,240
3497461727,241
8263157414,241
8263157415,241
25496622,241
5006065041,241
8373651316,241
8785484315,241
8785484314,241
7223695323,241
7223695327,241
2453947049,242
8787384684,242
8787384685,242
8787384686,242
25496792,242
25496820,243
321255925,243
25496848,244
1655214955,244
4730978978,245
4730978981,245
4730978982,245
25496850,245
1655214934,245
25497563,245
9161061779,246
9804471701,246
25496854,246
5948183671,246
9804471702,246
1938953399,246
9820538016,247
9820538017,247
9820538018,247
9820538019,247
9820523915,247
9820523916,247
7947041713,247
25497340,247
1938953437,247
25497564,248
5504212623,248
9804653408,249
25497612,249
1813618228,249
1813618229,249
1813618230,249
4870281309,249
9804653406,249
9693963689,250
7075087298,250
25497619,250
25497824,251
255860415,251
2135411308,252
25499655,252
2398924843,253
25500427,253
20965799,253
25500517,254
2466445190,254
25577057,255
1726730307,255
2140421219,255
2140421224,255
25500535,255
8336028504,255
4328443355,255
25503841,256
8373690842,256
1726730303,256
7617785713,257
25503845,257
25503848,258
1726730329,258
7617785714,258
25503880,259
7617755274,259
1678452802,260
2140421220,260
2387213896,260
25504143,260
2387213904,260
1726730162,260
1726730165,260
8336028505,260
25504144,261
7607077372,261
25504145,262
25504146,262
25504148,262
1835355916,263
1707790044,263
25504149,263
4232015838,263
367105858,264
25504755,264
367105859,265
1268892466,265
1268892467,265
25504756,265
4089226784,266
4085767970,266
9684083971,266
419350723,266
9684083975,266
9684083976,266
9684083977,266
4089236235,266
4089236236,266
419350669,266
25504760,266
6509584408,266
7223709664,267
25504769,267
1707790029,267
3704225380,268
1828402765,268
1938819284,268
1938819285,268
1938819286,268
9691102358,268
25505624,268
25505561,268
25505622,268
107644,268
25505593,269
25505630,269
25505618,270
25505643,270
1828402762,270
3704225376,271
3704225379,271
4962956931,271
1828402760,271
9611081868,271
1938819282,271
1938819283,271
9691102362,271
25505629,271
3704225375,271
25505662,272
2142508727,272
1852996856,273
25505685,273
1828402763,274
1828402764,274
25505695,274
2343269909,275
9201323564,275
25509525,275
1938819346,276
25509526,276
9201323575,276
1236791552,277
9856119617,277
7946372933,277
7946372939,277
5516594509,277
9197589454,277
9197589455,277
4076126448,277
9197589457,277
9805219989,277
25509527,277
25509533,277
329983075,278
1951616263,278
1951616232,278
25532377,278
5473273373,278
25532384,279
5238587994,279
25532464,280
8807410152,280
1418752708,281
5340811717,281
1312454090,281
1312454061,281
25544110,281
1312454029,281
1312453999,281
1418752721,281
1312454031,281
5340811829,281
5340811830,281
2632464427,282
25632683,282
2331184930,283
25632774,283
446765895,283
275180300,283
9161061775,283
3076574323,283
316763600,284
316763586,284
25632859,284
9856119643,285
25632862,285
25632864,286
25632865,286
1215563890,286
5306194265,287
25634199,287
7271474855,288
7271474856,288
761831060,288
32921720,288
26374236,288
5119652864,289
5119652865,289
1953202903,289
26678171,289
5119652862,289
5119652863,289
1039290584,290
27351282,290
251757458,290
251757452,291
27351284,291
3550836102,291
2967343648,292
1312454048,292
1312454114,292
1547013698,292
9710359368,292
5335245256,292
27458331,292
1547013692,292
1312453919,292
27458353,293
367114771,293
5342236740,293
5931501991,293
9080098305,294
9080098306,294
9080098307,294
9080098308,294
1014803714,294
1014803718,294
9080098312,294
9080098313,294
9080098314,294
27459116,294
3528711693,294
27459120,294
302013776,294
255051289,294
9703794686,294
1014803736,295
3528738434,295
2935392676,295
9080098309,295
3528738438,295
1014803721,295
3073173585,295
3528710290,295
27459638,295
9030037142,295
2914561272,295
27459165,295
9693974851,296
9703794692,296
9703794693,296
9080123623,296
27459198,296
1014649672,297
3247933387,297
27459830,297
9694087359,297
27459905,298
1312471267,298
1312471210,298
1312471217,298
1312471190,298
1312471197,298
27459945,299
6218501753,299
27459951,299
1043001423,299
27459969,300
1043001410,300
1043001378,300
27459970,300
27459959,300
27459966,300
2934288530,301
27459971,301
3906588452,301
2934288518,301
9694087361,302
27460198,302
27460250,303
7487734942,303
4054356847,303
2969439040,304
2612458246,304
9080123627,304
27460439,304
5904585328,304
377490677,304
3220254039,304
3486459766,305
27480957,305
7815143581,305
27480960,306
9678821156,306
9678821159,306
9678821160,306
9678821161,306
3486459769,306
3892081378,307
4344245894,307
7817162929,307
1014803704,307
28418138,307
3892081373,307
2140124996,308
249679365,308
7797338599,308
7797338600,308
1014803691,308
302013681,308
4244498866,308
28418141,308
28418144,309
4344245892,309
4344245893,309
9693910743,309
28418497,310
3858880678,310
429346253,311
9693971450,311
9693971451,311
9693971452,311
28418877,311
28418880,312
4629462859,312
4534184516,312
28418879,312
3984132034,313
3984132035,313
302013708,313
28418929,313
4244498867,313
4244498868,313
28728210,314
7191329811,314
1755708646,315
1755708647,315
1755708648,315
28800660,315
973128725,315
9693929369,315
1401908258,316
28800661,316
250550174,316
1311962043,317
28800662,317
1755708737,318
1755708738,318
1755708739,318
9693903657,318
28800664,318
2990651920,319
2990651921,319
28800666,319
5041945508,319
1755265444,320
5041945479,320
2990721389,320
1755265428,320
1755265432,320
28800670,320
5046314073,321
5046314090,321
28800671,321
28800672,322
9856119642,322
5046314091,323
5046314092,323
28800689,323
5224630617,323
5046314077,323
4077599544,324
30078473,324
8373690817,325
8373690818,325
7223668011,325
5006063180,325
5006063179,325
5006065037,325
5006065038,325
1782730512,325
5006065039,325
4764884821,325
33141178,325
1148276284,325
59526352,326
4530012690,326
6261920915,326
7223326407,327
7223326408,327
212916714,327
7223326410,327
2218362316,327
1939558700,327
7223326413,327
7223326414,327
1939558674,327
2218362332,327
1939558687,327
347335859,328
8868010205,328
213668839,328
250549699,329
250549700,329
8868010279,329
8868010280,329
8868010281,329
8868010218,329
213668842,329
213668844,329
8868010221,329
1685272862,329
245200970,330
4211515891,330
8256049399,330
1771453217,331
4530012691,331
249470452,331
4530012692,331
1731225566,331
347539416,332
7815533546,332
7815533548,332
249558966,332
7900221088,333
249560091,333
7900221087,333
250325410,334
3787645606,334
3787645607,334
3787645608,334
3787645609,334
3787645610,334
5492419692,334
9856119632,335
250325411,335
9710304459,335
250327037,336
1310663631,336
9693628387,337
9693628388,337
347335878,337
2642612586,337
250327576,337
250327618,338
9030155756,338
7151566952,339
250327660,339
338319877,339
250550400,340
973101839,340
2387242386,340
8869472274,340
8869472247,340
5609638014,340
3528738439,341
3528738440,341
9375100241,341
9375100242,341
251757533,341
251892475,342
5925626141,342
3930921860,343
3708234957,343
4230027057,343
251892564,343
843376599,343
4835109000,344
255678213,344
4072083345,345
259252667,345
1678452753,346
473266627,346
268124583,346
4378043667,347
269547419,347
4378043661,347
4378043662,347
8785484312,348
269589467,348
6293128709,348
8373690824,348
9051462722,349
6855696495,349
6855696498,349
627985397,349
275179893,349
275179767,349
6855696504,349
9856119626,350
283061836,350
302013672,351
3486459762,351
6345441358,351
5247852872,352
316763500,352
316763513,352
9693730842,352
5046005758,352
7836155865,353
316763548,353
1782724125,353
316763559,354
316763561,354
2990806411,354
2990806413,354
1758554286,354
2990806415,354
2990806416,354
9041828942,354
1759454163,354
316763584,355
5046627553,355
1215563891,355
5046627645,355
316763595,356
316763590,356
5006978857,357
1311961826,357
319984684,357
5006065040,358
5006063173,358
8785567902,358
321255919,358
6108171363,359
8975700260,359
343669791,359
1832228016,360
343669798,360
7815143559,361
347541965,361
7911297463,361
3735889430,362
347542743,362
354886082,363
1312188741,363
1312189098,363
1312188660,363
1312188694,363
1312188955,363
419347200,364
419347201,364
2919962045,364
419347202,364
2919962046,364
419347203,364
473262779,364
3267461709,364
3267461749,364
354935735,364
2919962041,364
2919962042,364
2919962043,364
2919962044,364
419347197,364
419347198,364
419347199,364
1165343843,365
4729480808,365
4571241384,365
355416887,365
9820538031,365
9820537936,365
4571244658,365
9820537940,365
9820537941,365
9820537942,365
4571244663,365
9820537943,365
355416890,365
9820537944,365
9820537937,366
1145174402,366
355416892,366
367104392,367
5114681227,367
5114681230,367
471488484,368
1547013743,368
367121266,368
3708234964,368
1312453950,368
1312454015,368
4034060007,369
419632906,369
4034060015,369
368044217,369
8620272571,369
2360684188,369
373402354,370
9856119634,370
1312932832,371
7644741346,371
9703827555,371
6110164647,371
377490664,371
9080123628,371
1312932879,371
1312932849,371
4534184507,371
4210859292,371
2919962038,372
2919962039,372
2919962040,372
419347194,372
419347195,372
419347196,372
419632306,373
419632303,373
5055364608,374
5177397825,374
5177397827,374
5055364612,374
2360685543,374
5177397835,374
5177397420,374
8620105233,374
419632307,374
8620105236,374
8620105269,374
8620105268,374
2265065207,374
1239549084,374
5177397823,374
9703794696,375
429346241,375
9703794695,375
3987750679,375
435104715,376
435104717,376
1723340842,377
435104742,377
7918978033,378
438170475,378
4860803960,379
1835356021,379
441958990,379
1938819296,380
3474115148,380
1655418222,380
3816097103,380
2140420434,380
470729237,380
1938819290,380
2215139515,380
1938819293,380
471488469,381
3145798533,381
471488472,382
1550763620,382
471488499,383
1493722803,383
9703794689,384
472493763,384
9080123619,384
6969936109,384
6969936112,384
25161386,385
473258827,385
3644748773,385
473264641,386
4627445258,386
4627445259,386
4627445260,386
4627445240,386
4627445241,386
5207476609,387
5207476610,387
1938819299,387
5207476611,387
1938819302,387
1938819304,387
5207476617,387
5207476619,387
473265708,387
9684083982,387
9684083983,387
9684083987,387
9684083992,387
9684083993,387
4627491642,387
8975529088,388
9203541381,388
5374174120,388
1832248458,388
7203717550,388
5374174224,388
8975529082,388
8975529083,388
8975529084,388
5374183741,388
529722111,388
4078858000,389
585127354,389
585129712,390
1312471258,390
4085387945,391
585148380,391
585201189,392
8579276918,392
4462680068,393
7840712839,393
4462680078,393
1360122901,393
595709975,393
5573994014,393
5573994017,393
5573994019,393
1360122919,393
1360122925,393
1938953395,393
1360122937,393
8975645638,393
8975645640,393
8975645641,393
4512763348,393
1360122841,393
5460658138,393
1360122860,393
5839156209,393
1360122866,393
1360122871,393
8869472240,394
632438506,394
20460684,394
4992781175,394
3068267824,395
670103313,395
1233350889,396
675734610,396
1233350862,396
675734622,396
680069483,397
680069471,397
690295042,398
9690878343,398
7824747303,399
9753609739,399
9753609738,399
7824747307,399
9753609740,399
9753609741,399
9753609742,399
9753609743,399
700774224,399
9680972177,399
9680972178,399
9753609745,399
1827389620,399
9753609744,399
1782727992,399
4715263992,400
4136137530,400
4715264004,400
722208263,400
819132568,401
748941508,401
748941552,402
4195111363,402
4195111355,403
748941556,403
4661317153,404
761830938,404
4661317155,404
1617647901,404
761831000,405
761831039,405
763372884,406
7911243861,406
1312264648,407
1312264577,407
9042133642,407
794039687,407
2496836226,408
2496836231,408
1255490314,408
1150003513,408
806373565,408
873684193,409
1939632514,409
9030155760,410
9030155762,410
914822492,410
4992781180,410
9042037853,410
914822496,411
5927671121,411
914822508,411
5927671156,411
950703625,412
950703626,412
5146186489,412
1726783391,412
2990780037,413
2990780039,413
1758554289,413
1758554291,413
968499093,413
1758554294,413
1755708768,414
1758552678,414
1758552682,414
1759454351,414
973128722,414
1755708765,414
1755708766,414
5006978856,415
973158035,415
7223709668,415
3894948091,416
3894948093,416
1014803686,416
8373623781,417
1020211942,417
1617596711,417
9027340515,418
9027340516,418
1042862673,418
9766629717,418
9027367517,418
9027367518,418
1042862696,419
3858880677,419
109766,420
7911297486,420
1042862726,420
8515091589,421
1043001422,421
4866976610,422
4866976617,422
1939558666,422
2218364543,422
5473274866,422
2218364541,422
1733389278,422
1046391070,422
1148276186,423
7223695324,423
6978577985,424
1150003147,424
8975833904,424
8975833905,424
6978563378,424
6978563379,424
6978563382,424
1150003155,425
9808795611,425
1150003224,426
1150003170,426
1309067472,427
1684835245,427
1150003270,427
1150003472,428
9042129984,428
1150003480,429
1150003547,429
5565487612,429
4682627266,430
1150003532,430
9024139146,431
1163954964,431
8620105240,432
8620105242,432
8620105243,432
8620105244,432
9754453026,432
9754453027,432
9754453028,432
9754453029,432
9754453030,432
9754453031,432
9754453032,432
9754453033,432
5177397419,432
8620105265,432
3972566710,432
1214922426,432
5177397821,432
5177397822,432
5177397828,432
5177397830,432
1707790023,432
5177397832,432
6951230826,432
2360681713,432
25632856,433
1215563903,433
1215563879,433
9855343702,434
25632858,434
1215563894,434
1782716888,435
1233327202,435
9710304460,435
1787108646,435
1233350848,436
9080123624,436
2872699894,436
1236791506,437
4378043283,437
4378043789,437
1236791555,438
5880186828,438
5880186827,438
4167762777,439
3855607516,439
1237883773,439
1238249904,440
1736734053,440
2140125056,440
1238259337,441
3499567135,441
1268892338,442
1268900660,442
1722268384,443
1722268388,443
2387232555,443
2387232556,443
2387232557,443
2387232559,443
2402557599,443
2387232561,443
1722268367,443
1280491924,443
1280491926,443
8236052983,443
8236052987,443
1722268381,443
8236052990,443
8236052991,443
3741131600,444
1309067471,444
6871422362,445
1311961868,445
1311961947,446
1311962012,446
1311962111,446
1311962016,447
1938819328,447
8336028512,447
6369390693,447
1782728999,447
1311962122,447
6369390702,447
8336028511,447
2387207423,447
4726152857,448
1312188619,448
8318757606,448
25477153,449
1312188622,449
1312188735,449
1312188704,450
1312188883,450
1312188797,450
6985373984,451
1312188714,451
2406484453,451
1312188824,452
1312189057,452
1312188722,452
1312188845,453
8868001103,453
8868001104,453
1312188731,453
1312188988,453
1312188768,454
4726152854,454
25477156,455
1312188774,455
9781190369,456
1312188821,456
3499500263,456
1939558664,457
2218344498,457
1312188886,457
2218344503,457
2218362336,458
2218362849,458
2218362306,458
1939558659,458
4866976611,458
2218340965,458
4866976613,458
1939558663,458
4866976614,458
9021504716,458
9021535020,458
1365887500,458
1312264600,458
8869435258,458
2387224475,458
2387224474,458
9030121410,459
1312264610,459
6985373983,459
1782718791,459
3741078112,460
5006764038,460
1312319838,460
5006764039,460
3870640547,461
3870640548,461
1312335310,461
9030155759,461
3870640530,461
3381130089,462
1678245252,462
9781190366,462
1312454038,462
1312454058,463
7911243863,463
1312471193,464
1493722804,464
1312471222,464
9690974275,465
9690974276,465
9690974277,465
4920098342,465
4920098343,465
6266867112,465
6266867113,465
6266867114,465
6266867111,465
9699944538,465
1312471196,465
1312471208,466
9694087362,466
6470264535,466
1319881922,467
4730978979,467
1319881924,467
4730978983,467
25496851,467
9820523872,468
9820537921,468
9820537922,468
108393,468
9820523914,468
4571238064,468
1326821457,468
4571238067,468
4571238068,468
1938953430,468
1938953431,468
1938953432,468
9820523869,468
9820523870,468
9820523871,468
1326821579,469
1326821524,469
2466456405,469
2466456407,469
2466456408,469
9820537934,470
109403,470
1326821542,470
1326821544,471
8868010287,471
1326821569,472
2466449291,472
2466449294,472
1326821490,472
4807796633,472
20965800,473
6369329165,473
1782729295,473
1326821587,473
2398924853,473
2398924855,473
1326821592,474
2387245025,474
9030155758,474
1939632519,474
9693963699,475
1326821620,475
6272993491,475
1343823418,476
250550023,476
1721713699,477
9030155749,477
1350430181,477
9042053624,477
6985373982,477
1353133536,478
4643336966,478
4643336968,478
4643336979,478
1353133533,478
1360122873,479
1360122845,479
1360122886,479
4076095791,479
9856119620,480
1360122917,480
1360122856,480
1360122861,480
9805219992,480
4076095834,480
2458273291,481
1953202962,481
8975700259,481
8975700261,481
2458257578,481
5265953452,481
1364161197,481
5265953454,481
5265953457,481
5265953459,481
2458260532,481
2458256449,481
1832129873,481
1832129878,481
6724775014,481
6724775015,481
6724775016,481
6724775017,481
1364168178,481
1364168180,481
2458303223,481
8336028514,482
1401926435,482
9021504714,482
9021504715,482
2387194123,482
2387194131,482
6369401334,482
1493658224,483
1685281076,483
1547013554,484
8785024515,484
8807410151,485
1547013589,485
9856119631,485
1547013592,486
1547013724,486
1547013621,487
1547013694,487
1547013567,487
4402629177,488
1547013655,488
1547013672,489
1547013705,489
9856119630,489
1547013699,490
1550763732,490
1547013704,491
1547013653,491
9694096799,491
1547013760,492
8785024514,492
1547392728,493
1547392818,493
1547392764,493
1547392894,493
1547393025,494
1547392771,494
1547392914,494
1547392951,494
1547392927,494
1556097034,495
1556097147,495
4777897927,496
4777897928,496
1556097098,496
1556097137,496
1951372915,496
1556097118,496
5905897286,497
1556097111,497
1556097136,498
6918421512,498
6918421503,498
1556097337,499
1556097148,499
1556097153,500
1556097448,500
1556097227,500
1556097177,500
1556097051,500
1556097178,501
1556097166,501
1556097185,502
1951372935,502
1556097306,503
4085404135,503
1556097321,504
24952196,504
1556097217,505
1556097431,505
1556260241,506
1556260235,506
5976760443,507
1556324659,507
2528522503,508
6985465130,508
1556324683,508
1556324684,508
2528522518,508
9659831673,509
1569216326,509
5473273425,510
24950114,510
1569216662,510
1569343576,511
5104314098,511
5104314325,511
7946372937,512
1596648673,512
7946372938,512
7946372935,512
1599652497,513
5504771250,513
1601832328,514
4297054053,514
3519872213,515
1609966653,515
3265436678,516
3265436680,516
3265436686,516
3265436688,516
1617532087,516
1617532088,516
1617532090,516
2775635677,516
4697288390,517
5146127859,517
367102039,517
1617596505,517
4696545402,517
4665353645,518
8373728533,518
1617596591,518
1617596593,519
3328228993,519
4661317524,519
3328228998,519
1617596616,520
1617596615,520
1617596627,521
1617596646,521
1617596659,521
25475182,522
1617596686,522
8373690820,523
9856119621,523
1617596714,523
8785503918,523
8785503919,523
8373690843,523
8373690844,523
1617647898,524
1617647900,524
8373728532,524
1617647928,525
1617647931,525
1617647924,525
1617647944,526
8373728530,526
1617647945,527
8373690845,527
8373690846,527
1832666032,528
8787692633,528
1637578546,528
8787692634,528
2387207425,529
2387207426,529
6369390690,529
6369390695,529
9021498664,529
6369390699,529
1938819317,529
1678155318,529
1938819319,529
1938819326,529
1951616261,530
1951616284,530
1678226917,530
1951616270,530
6369361792,531
1678227031,531
5141354328,531
5141354330,531
5141354331,531
5141354332,531
8807431550,531
3215685153,532
1678283238,532
1678283242,532
1678283244,532
1678283247,532
4726152848,532
6218501713,532
6218501746,532
6218501715,532
4726152847,532
6470264536,532
4688513241,532
5342236733,532
1678452770,533
4085767980,533
4085767983,533
4085767992,533
3267461747,533
2620105428,533
1678452760,533
9684083967,533
1678452786,534
3474115151,534
7610670751,534
7610670876,535
1678452789,535
7610670826,536
7610670780,536
7610670781,536
1678452790,536
7610670906,537
1678452791,537
1678452793,538
7607077361,538
1678452795,539
8336028508,539
8336028507,540
1678452796,540
5006978853,540
2140421222,541
8785457867,541
1793420652,541
9024139149,541
9024139150,541
3497483291,541
1678452797,541
1678452799,541
1684437690,542
4077495821,542
6124650606,542
7836155864,543
1684511955,543
1782724124,543
8868809321,544
1684835019,544
1684835030,544
1684835042,545
1684835138,545
1684835110,545
6014333809,545
1684835121,545
1684835093,545
1684835062,545
1684835097,545
7223728617,546
8336028509,546
1707790052,546
1771426165,546
1707790055,547
1707790057,547
4650375309,547
1707790063,547
1707790064,547
4650375508,547
3518967818,548
9024139147,548
1707790062,548
6327615074,549
6327615075,549
6327615076,549
4658088585,549
4650375504,549
1707790067,549
4658088539,549
1955520890,549
3972566715,549
1711679434,550
9375170322,550
9375170324,550
1718233994,551
1718233957,551
5043864464,552
1718328435,552
7836155867,552
7836155868,552
7836155870,552
250549835,553
1718566997,553
1718567007,553
7911231384,554
7911267694,554
1722621718,554
7911267695,554
1723315608,555
7636244313,555
9030155763,555
9804685199,556
9804685200,556
9804685201,556
9804685202,556
1723388986,556
7620895974,557
25161384,557
1727515734,557
1755708730,558
1755708732,558
4682627265,559
3763407460,559
4246525220,559
5041784423,559
5067002867,559
968499092,559
6978531575,559
8975833912,559
8975833913,559
8975833915,559
1759454429,559
6369329152,560
7553887498,560
7553887509,560
9310662201,560
1771426174,560
4530012704,561
1771453218,561
4530012695,561
9375170323,562
1771453860,562
9375170326,562
1771458658,563
4144358217,563
1771458655,563
6280047278,563
5160943794,563
1939632504,563
9375078973,563
5160943806,563
9375078975,563
5006063170,564
1782712524,564
7223695326,564
1782718792,565
6985373980,565
6985379286,565
1782725824,566
2387194148,566
2387194150,566
2387194126,566
2387194127,566
7836155869,566
2387194128,566
9781190365,566
2398924896,567
6369329154,567
20965798,567
4428887946,567
1782729296,567
2293833760,568
5880188045,568
6840965712,568
8373690832,568
1810130457,568
25497611,569
1813618227,569
6369329155,570
4076095242,570
25497613,570
6369329170,570
4076095253,570
1813618231,570
1813618232,570
1813618234,570
3320947996,570
5041784633,571
1813618358,571
1816038239,572
1816038199,572
4158000323,573
1816959492,573
1536948605,574
1828402758,574
4211515569,575
8256049397,575
1830276654,575
1832248457,576
5573931377,576
5374183742,576
1913216493,577
355416911,577
9684101713,578
3704225378,578
1938819279,578
4401156476,579
1938819292,579
4729448869,579
1938819294,579
6369390692,580
1938819335,580
1938819336,580
6369390698,580
6369390701,580
2387207417,580
2387207418,580
25509513,581
9197589238,581
1938819350,581
1939558657,582
1939558660,582
1939558661,582
2218362310,582
4866784251,582
7223365372,582
7223326409,582
2218362314,582
7223326411,582
1939558667,582
7223365370,582
1939558678,582
7223365368,582
1939558649,582
1939558650,582
1939558651,582
1939558684,582
7223365371,582
1939558672,583
4866807989,583
2218344501,583
1939558671,583
1939558673,584
2218344509,584
2218344518,584
3139705121,585
2218344516,585
2218344522,585
1939558677,585
1939558681,585
1939558697,586
2218362321,586
1939558701,586
1939632512,587
4826555773,587
25632677,588
1939632526,588
2466456404,588
2466456406,588
2466456409,588
4018000435,589
1951372927,589
7824803494,590
7824803495,590
7824803501,590
4166634957,590
9072449309,590
1951372959,590
7745051680,591
2378843909,591
1951616234,591
1951616236,591
1951616268,591
1951616297,592
5473273435,592
8807431546,593
24950109,593
1951616325,593
8807431551,593
1953096696,594
7796554012,594
1954751916,595
5060405461,595
1954751918,595
1954751920,596
6014339453,596
2003007012,597
9710348828,597
4835108998,597
2135411296,598
6525670241,598
2632430340,598
2135411294,598
9808795607,598
9808795608,598
6525670237,598
6525670238,598
2135411297,599
6525670242,599
2331184934,599
4703542482,599
4703542483,599
9808795606,599
5471345385,600
308837357,600
2146369238,600
9161061783,600
9846850972,600
9846850973,600
9846850974,600
2146369240,601
5468301601,601
24661273,602
2195965723,602
9694087363,603
9694087364,603
3816097109,603
3816097110,603
4430996023,603
2203268985,603
6332545601,604
9030284967,604
3093894066,604
2254629351,604
2293833763,605
4156336279,605
1723388979,606
2331184927,606
2331184931,607
2331184932,607
2331184935,607
6525670234,607
6525670235,607
6525670236,607
3265436260,608
2341656968,608
4697287178,608
8620082704,608
6327557047,608
8336028515,609
2387194149,609
8336028513,610
2387194133,610
2387194157,610
2387232563,611
8236052988,611
2387245026,612
2387245027,612
2387245029,612
4749090120,613
2402557597,613
3093897991,613
2406484452,614
2406484460,614
2406484454,614
2406484455,614
2453947051,615
4211515660,615
6866516260,615
8787384683,615
2466442731,616
9024139134,616
9024139135,616
2528522507,617
2528522542,617
6863550501,618
9756243981,618
9756243982,618
9756243983,618
9756243984,618
9756243985,618
2586616722,618
9756243986,618
6863550510,618
9756278362,618
9756278363,618
9756278364,618
6110164660,619
6110164659,619
2612458244,619
1125619161,620
2632431807,620
2632486641,621
3586606038,621
3586606039,621
2665239972,622
6509684093,622
2665239977,623
2665239978,623
9684083981,623
9804685203,624
9804685204,624
2755124949,624
9804685206,624
9804685205,624
108864,625
2775653836,625
2793874522,626
7797731341,626
7797731343,626
2914561217,627
5924603460,627
5165786242,628
2934288523,628
5165786245,628
2935324280,629
2935373161,629
5929540796,630
2935373159,630
2990806410,631
316763563,631
8975833914,631
4246525223,631
3247825561,632
3247825562,632
3741131606,632
4430996033,633
3247933381,633
2265050050,634
3267461729,634
9684083978,634
4938216619,634
3272782433,635
3272712566,635
3272782432,636
3272782429,636
4663309171,637
3328229004,637
3381130092,638
3381130493,638
8976060358,638
6985465129,639
3385387607,639
7911297478,640
7911297487,640
3486459764,640
3486459765,640
27480956,640
3517985666,641
9024139131,641
4691514032,642
3519013665,642
5006063178,642
3644748769,643
3519288132,643
4430996024,644
4155841820,644
3632581622,644
3673602993,645
7815143465,645
9693628389,646
3741117629,646
9856119633,647
5492419693,647
3741117630,647
3813810132,648
5055364614,648
5207476606,649
5207476615,649
5207477021,649
3813810133,649
9754527740,649
9754527741,649
9754527742,649
3816097104,650
8336028510,650
4688513218,651
3816097108,651
8579233861,652
8579233862,652
6600283121,652
4619022514,652
3830043581,652
3892081372,653
9693935550,653
9693935551,653
5374181585,654
3972566714,654
3984132037,655
4422013486,655
3987750688,656
5269678593,656
9673189925,656
9673091207,656
6110191188,656
4530195657,657
4077495854,657
4077495855,657
4077495858,657
4077495862,657
4077495872,658
4077495883,658
4077495951,658
4077495957,658
4077495964,658
6463234329,659
5227220846,659
4077599543,659
5238587992,659
4077599545,659
4085767971,660
4085767974,660
4085767978,660
4085767989,660
4085767993,660
9729684314,660
4085778923,661
4143767990,661
4085778934,661
7246486955,662
4136124524,662
4085387943,662
28418921,663
5816743947,663
4136137525,663
9693971447,663
6327557048,664
4166662878,664
6868293535,664
8429225386,665
4167762779,665
6110191186,665
8675201264,666
7911282822,666
1556097326,666
4169714270,666
4208239642,667
4462680076,667
5788363874,668
4208239651,668
317930380,669
4211515637,669
4211515622,669
4211515634,670
4211515644,670
4211515645,670
9693971464,671
9703794697,671
4223357836,671
4297242961,672
4158004390,672
4298970368,673
4298970364,673
4316306164,674
1137777341,674
5342251136,675
4329502449,675
5177397824,676
8755805313,676
4367041960,676
4367041962,676
9691076056,676
4370333637,677
4370333638,677
4370333643,677
4370333627,677
4370333629,677
4401149224,678
5927671120,678
7636278191,679
7636278194,679
4401149234,679
7636278197,679
7636278201,679
4826555771,679
4879371168,680
4879371165,680
4421008566,680
4823246341,681
4425001781,681
4530011788,682
4729385030,682
4729385031,682
4530012696,683
6261920913,683
7183962432,684
4530270906,684
8373690830,684
1938819344,685
4530339698,685
8373690836,685
4530339700,685
8373690837,685
4571244659,686
4729480806,686
4729480807,686
4627445216,687
4627445217,687
4627445213,687
4627445215,687
4627491643,688
5207476607,688
4665352264,689
4665352262,689
4675822097,690
4675822100,690
4682627259,691
6978555518,691
6978563383,691
4682627264,692
1150003571,692
8785484313,693
8373690819,693
4689775124,693
4689775126,693
5006063175,694
5006063176,694
8263166217,694
5006063177,694
4691460851,694
4696568114,695
4696544885,695
1828408303,695
4697525032,696
26374229,696
4697525030,696
4715264001,697
4715264002,697
9135848928,698
4777885222,698
4807521484,699
7636278193,699
7636278195,699
7636278196,699
7636244312,699
9042037852,699
1707790074,700
4822267107,700
4826555768,701
25632870,701
2387242385,702
4826555770,702
7223326412,703
4835108997,703
250327100,704
4835108999,704
4859246419,705
2140506294,705
20460688,706
4860825518,706
4864083784,707
6218501740,707
4866475736,708
4866475731,708
4866475733,708
4866651969,709
4866651962,709
7926554423,709
25504779,710
4866651963,710
4866651966,710
9027328313,711
9027328314,711
8807431535,711
4867087535,711
25475328,712
9700060292,712
4872502279,712
8579240313,712
8579240314,712
9690974272,713
4920098344,713
9690974263,713
9690974264,713
9690974265,713
9690974266,713
8989843465,714
1596655163,714
5041784501,714
5041784634,715
1366095190,715
5046314041,716
5046314042,716
5046314043,716
25632860,716
5095547184,717
5095547180,717
8814668141,718
5104314222,718
5141228834,719
7911231380,719
5141216740,719
9856119650,720
25067400,720
5141625621,720
5141625623,720
5141625625,720
5141625630,720
6369361796,721
7223298254,721
5141625702,721
6280047280,722
9808795602,722
5160943803,722
9375078974,722
5177352922,723
5177352923,723
5177352932,723
5177352933,723
5207487897,724
10572179,724
9693982149,724
5238500312,725
5238500313,725
9733914457,726
5253290694,726
4429088632,727
8972511965,727
5265830862,727
25496750,728
5265840063,728
6724775011,729
6724775012,729
6724775013,729
5265953455,729
2458307450,729
5334625292,730
5334625293,730
7797731342,730
5517519002,731
9703794691,731
27460210,731
5573994016,732
6329690691,732
5603454627,733
5603454628,733
5609643672,734
5609643675,734
5609643673,735
5609643674,735
8373690825,736
5880188046,736
5899711453,737
5899711454,737
4305986091,738
5905893978,738
7620902731,738
5924603457,739
5924603458,739
5924603459,739
5924611312,739
5924603444,739
5924603445,739
5924603446,739
5924603447,739
5924603449,739
8500636794,739
5924603452,739
5924603453,739
5924603454,739
5924603455,739
5976760445,740
5976760446,740
5976760447,740
5976850024,741
5976850023,741
6032044868,742
25161383,742
6149398571,743
9694091982,743
9694091983,743
9704122321,744
6218468163,744
6272993492,745
6239229423,745
6261920914,746
4530012702,746
6280047275,747
5160943798,747
5160943793,748
6280047277,748
4076095262,749
6369329159,749
6369329171,750
104319,750
1366095187,751
6369329172,751
6369361794,752
6369361795,752
6369361789,752
18468961,753
6369390697,753
6369390700,753
6369390694,753
4077495826,754
6407948171,754
6407948172,755
1832129789,755
9693974377,756
6431923714,756
6446218921,757
6446218922,757
8784181688,758
6467134930,758
8784159562,759
6467134931,759
6696695781,760
6696695783,760
6645346885,761
6711365597,761
6855696497,762
6855696500,762
6855696503,762
1536039932,763
6866779806,763
6967585840,764
7824747297,764
302013777,765
6969936105,765
6969936106,765
6978555522,766
4682627263,766
256766533,767
6978563381,767
6995618971,768
21523716,768
6995618979,769
1939632502,769
9693963696,770
9693963697,770
9693963698,770
7075087299,770
7191329809,771
1711679380,771
7223709669,772
7223709662,772
8869435257,773
8869435266,773
7567588716,773
8318797236,774
7636163631,774
7636180236,775
7636180237,775
1787108647,775
7636180241,776
7636180242,776
1787108650,776
2624005734,777
7636278198,777
7644741345,778
1233350847,778
9694072864,779
7797731340,779
1566269623,779
7805198627,780
4530012700,780
9680972185,781
7824747295,781
6967585841,782
7824747298,782
7824747306,783
7824747299,783
7824747301,783
7824747304,784
7824747308,784
25161373,784
7824747302,784
4166634962,785
7911243858,785
7911282827,786
4169714271,786
9690915268,787
9690915267,787
8064065316,787
8263157416,788
8785503917,788
8579240307,789
8579240308,789
8579240312,790
9683686963,790
8579240309,790
8579240310,791
8579240311,791
1939558655,792
8579522887,792
1587330970,793
8783914189,793
8604055550,793
8784212017,794
4826555767,794
8868010162,795
8868010171,795
9024139136,796
9024139137,796
9024139143,796
9024139144,797
9024139138,797
9024139145,798
9024139148,798
24950107,799
9030155654,799
9030155757,800
9042120207,800
9042041320,801
9042041321,801
28800667,801
25473202,802
9042129983,802
1311962080,803
9042129985,803
9805219993,804
9197322310,804
9805219991,804
9203537438,805
9203537439,805
9375170320,806
9375170321,806
9375170325,806
9684083979,807
1678452780,807
25496910,808
9690974262,808
9690974274,809
25497222,809
9693971465,810
377494060,810
9694104280,811
9856119625,811
1547657140,811
9694104279,811
9080123618,812
9703794687,812
9703794690,813
9080123622,813
21990624,814
9710348827,814
1832129813,815
9781311295,815
9804774392,816
1723388985,816
9808795610,817
2480657190,817
9820537946,818
3257317059,818
