node_id,cluster_id
6866516260,0
2453947051,0
4211515660,0
8787384683,0
1832666032,0
1637578546,0
8787692633,0
8787692634,0
104315,0
1236791552,1
4076126468,1
1816959492,1
9781435148,1
9805219989,1
25509527,1
25509533,1
25509534,1
1236791459,1
9856119617,1
4158000323,1
7946372933,1
7946372934,1
7946372935,1
7946372936,1
7946372937,1
7946372938,1
7946372939,1
7946372940,1
7946372941,1
7946372942,1
9197589455,1
9197589454,1
9197589457,1
5516594509,1
3644748768,1
1596648673,1
109409,1
4076126448,1
1236791408,1
3817308659,1
3817308660,1
104318,1
6369329152,2
6369329153,2
1236791297,2
9754527745,2
9754527744,2
6369329161,2
6369329162,2
6369329163,2
6369329164,2
3518967818,2
6369329166,2
6369329167,2
3233714192,2
6369329169,2
3233714194,2
3233714193,2
3233714195,2
3233714197,2
3233714196,2
3233714198,2
1678452753,2
9756243986,2
9756243985,2
2293833760,2
2293833763,2
6863550501,2
1726730281,2
1419565097,2
2398924845,2
6863550510,2
1236791344,2
1678452788,2
1678452789,2
1678452791,2
1678452793,2
1678452795,2
1678452796,2
1678452797,2
1678452799,2
1726730303,2
1678452802,2
1726730307,2
25632855,2
25632856,2
25632857,2
25632858,2
25632859,2
1726730329,2
21563479,2
25632862,2
4870281310,2
1215563870,2
18468958,2
18468962,2
1215563875,2
6369390691,2
6369390692,2
1215563878,2
1215563879,2
18468966,2
1215563881,2
6369390698,2
6369390696,2
6369390700,2
6369390701,2
6369390694,2
6369390695,2
6369390697,2
6369390699,2
6369390702,2
1215563891,2
1726730354,2
21563508,2
1215563894,2
1215563895,2
25503862,2
32921720,2
1215563903,2
5342251136,2
18468961,2
373364868,2
373364870,2
25503880,2
7617755274,2
373364874,2
3519879307,2
7617755275,2
3965024397,2
373364878,2
3965024398,2
3965024399,2
25503885,2
9611081868,2
4650375309,2
25495698,2
4156336279,2
8785567902,2
367100073,2
5177397419,2
5177397420,2
3656358065,2
1236791478,2
2140506294,2
368044217,2
2215139515,2
490946748,2
4650375357,2
1782712524,2
367077584,2
1236791506,2
1938819283,2
1938819284,2
1938819285,2
1938819286,2
1938819282,2
1938819288,2
1938819289,2
1938819290,2
472346838,2
1938819292,2
1938819293,2
1938819294,2
1938819296,2
1938819299,2
1938819301,2
1938819302,2
1938819304,2
1938819306,2
4650375402,2
1938819313,2
1938819316,2
1938819317,2
1938819319,2
1938819320,2
1938819325,2
1938819326,2
1938819328,2
1938819329,2
1938819330,2
1938819331,2
1236791555,2
25475331,2
25475332,2
1938819335,2
1938819336,2
8263166217,2
8263166218,2
2387194123,2
8263166219,2
1938819340,2
2387194126,2
2387194127,2
2387194128,2
1938819344,2
1617596686,2
2387194131,2
2387194133,2
4072476959,2
4072476960,2
1617596704,2
2387194148,2
2387194149,2
2387194150,2
1782728999,2
1617596711,2
1617596714,2
2387194156,2
2387194157,2
4383369519,2
6739026230,2
7183962432,2
2140432704,2
108864,2
1617647944,2
1617647945,2
4650375504,2
3497472337,2
2140420434,2
4383369553,2
237908,2
4650375508,2
237911,2
1081508200,2
1955520879,2
1771426165,2
1955520887,2
1955520890,2
4401156476,2
1771426174,2
5207476606,2
5207476607,2
5207476609,2
5207476610,2
5207476611,2
25504129,2
5207476613,2
5207476615,2
367104392,2
5207476617,2
5207476619,2
25504143,2
25504144,2
21563791,2
10572178,2
10572179,2
10572180,2
367106464,2
20965794,2
20965796,2
20965797,2
4729448869,2
4729448871,2
268124583,2
20965803,2
33141178,2
747893184,2
8373690817,2
8373690818,2
8373690819,2
8373690820,2
473266627,2
8373690824,2
8373690825,2
8373690826,2
8373690827,2
8373690828,2
8373690829,2
8373690830,2
8373690831,2
8373690832,2
8373690833,2
8373690834,2
8373690835,2
8373690836,2
8373690837,2
8373690838,2
8373690839,2
8373690840,2
8373690841,2
8373690842,2
8373690843,2
8373690844,2
8373690845,2
8373690846,2
864817628,2
8785568228,2
7223728617,2
321255919,2
7607077361,2
6369401334,2
7607077372,2
8785484288,2
21563481,2
473264641,2
4017328647,2
25503851,2
4689775124,2
470729237,2
4689775126,2
8785484312,2
8785484313,2
8785484314,2
8785484315,2
8785484316,2
268124704,2
21563489,2
5475684917,2
5177397821,2
5177397822,2
5177397823,2
5177397824,2
5177397825,2
5177397827,2
5177397828,2
5177397829,2
5177397830,2
5177397832,2
5177397835,2
3474115148,2
3267461709,2
441958990,2
441958992,2
6840965712,2
3696548438,2
4658088539,2
9024076384,2
9024076385,2
5736692334,2
3267461749,2
7223712382,2
4658088585,2
2294047369,2
4866591373,2
4866591374,2
4866591375,2
4866591376,2
18395811,2
4922952362,2
4691514032,2
1268892338,2
4530270906,2
473262779,2
4530270908,2
25471681,2
4530270913,2
8785457867,2
3519005409,2
1311961826,2
1020211942,2
4691460851,2
25471732,2
25471733,2
25471734,2
419347194,2
419347195,2
419347196,2
419347197,2
419347198,2
419347199,2
419347200,2
419347201,2
419347202,2
419347203,2
1163954964,2
8807441176,2
5207477021,2
3519013665,2
1401926435,2
1268900644,2
5006063178,2
5973627687,2
25503841,2
5006063179,2
1268900660,2
1311961910,2
4627491642,2
4627491643,2
25503845,2
390341443,2
9856119621,2
4643337035,2
25503848,2
7223704403,2
8336028504,2
8336028505,2
9856119643,2
8336028508,2
8336028509,2
8336028510,2
8336028507,2
8336028511,2
8336028512,2
8336028513,2
8336028515,2
8336028516,2
25500517,2
9856119645,2
8336028514,2
6369390690,2
25500535,2
4860803960,2
4860803961,2
1649365881,2
1268892541,2
6369390693,2
1311961991,2
6369361795,2
21392272,2
21392273,2
2586616722,2
4378043283,2
1311962013,2
1311962016,2
4240028580,2
354935735,2
1163955130,2
8620272571,2
5177410511,2
455705562,2
269589467,2
1311962082,2
8373623781,2
3644748774,2
25066470,2
2360685543,2
1311962089,2
8373752817,2
2012969971,2
25504769,2
9756243981,2
3265436678,2
9756243982,2
3265436680,2
1311962122,2
25504779,2
9756243983,2
3265436686,2
3265436688,2
9756243984,2
1311962130,2
3518995475,2
3265436692,2
3265436695,2
3497483291,2
7926506525,2
7926506526,2
7926506527,2
7926506529,2
7926506530,2
7926506531,2
7926506532,2
9754453026,2
9754453027,2
9754453031,2
9754453032,2
9754453033,2
9754453030,2
9754453028,2
319984684,2
1360122924,2
9754453029,2
25496622,2
24951856,2
4866653236,2
1311962169,2
1311962182,2
4150883407,2
9855343702,2
2140421219,2
2140421220,2
2140421222,2
2140421223,2
2140421224,2
107641,2
107643,2
107644,2
107646,2
107647,2
8755805313,2
5880188045,2
5880188046,2
107667,2
107668,2
9691102358,2
8785441943,2
8785441944,2
9691102362,2
7607080091,2
1239549084,2
107684,2
107685,2
107686,2
107687,2
107688,2
1617532073,2
107690,2
107692,2
107693,2
419632303,2
419632306,2
419632307,2
1617532085,2
1617532087,2
1617532088,2
1617532090,2
1782725824,2
25066694,2
2387209415,2
25066696,2
9021504714,2
9021504715,2
1054045407,2
5046627553,2
4822267107,2
4822267109,2
2360681713,2
2387207417,2
2387207418,2
2387207420,2
2387207421,2
2387207423,2
2387207425,2
2387207426,2
388455682,2
7553887498,2
1054045453,2
9684083981,2
9684083983,2
9684083982,2
9684083984,2
8373728530,2
9684083987,2
9684083988,2
7553887509,2
9684083992,2
9684083993,2
9684083995,2
25066784,2
9021498664,2
7223668011,2
7223668012,2
5976853817,2
5046627645,2
5046447437,2
3816097102,2
3816097103,2
3816097104,2
3816097105,2
26374236,2
6951230826,2
1793420652,2
1655418222,2
4378043789,2
5006065038,2
5006065037,2
5006065040,2
5006065041,2
5006065039,2
5207487897,2
748885412,2
2665239973,2
2665239975,2
4367041960,2
2665239977,2
4367041962,2
2665239978,2
2665239976,2
2919962038,2
2919962039,2
2919962040,2
2919962041,2
2919962042,2
2919962043,2
2919962044,2
2919962045,2
2919962046,2
316763584,2
316763586,2
9693982149,2
316763590,2
316763595,2
2775653836,2
316763600,2
9691076056,2
1148276186,2
4328443355,2
4627445213,2
4627445215,2
1852997088,2
4627445216,2
4627445217,2
2466442731,2
4627445240,2
4627445241,2
5055364608,2
373364225,2
5055364610,2
5055364611,2
373364228,2
6293128709,2
5055364612,2
5055364614,2
21583366,2
4627445257,2
4627445258,2
4627445259,2
4627445260,2
4627445261,2
8620105233,2
8620105234,2
8620105236,2
8620105240,2
4630855193,2
1810130457,2
8620105243,2
8620105244,2
8620105242,2
4630855202,2
4630855203,2
4630855204,2
4630855205,2
8620105259,2
473265708,2
8620105265,2
8620105268,2
8620105269,2
1678155318,2
8620105270,2
9310662201,2
9310662202,2
25067068,2
1148276284,2
5006063170,2
5006063171,2
5006063172,2
5006063173,2
5006063175,2
2387213896,2
1828402760,2
5006063176,2
2387213899,2
5006063177,2
1828402765,2
2387213902,2
1828402767,2
2387213904,2
1828402769,2
5006063186,2
1828402771,2
5006063180,2
1828402774,2
9756278362,2
9756278363,2
9756278364,2
3704225375,2
3704225376,2
25577057,2
6327615074,2
3704225379,2
3704225380,2
6327615076,2
6327615075,2
5976850023,2
5976850024,2
7610670710,2
4962956931,2
25161351,2
25161352,2
25161353,2
973158035,2
761831060,2
25161365,2
25161366,2
2360684188,2
8263157412,2
8263157413,2
8263157414,2
8263157415,2
8263157416,2
7271474856,2
7271474855,2
8785503917,2
8785503918,2
8785503919,2
8785503920,2
1214922421,2
3972566710,2
4077627063,2
3972566713,2
1214922426,2
3972566715,2
3972566716,2
1214922428,2
1214922429,2
1707790023,2
1707790029,2
7613626070,2
7613626073,2
9781190365,2
2775635677,2
1707790052,2
1707790055,2
4034060007,2
1707790057,2
4034060012,2
1707790062,2
1707790063,2
1707790064,2
4329502449,2
4034060017,2
1707790067,2
2265065203,2
4034060015,2
4379801334,2
2265065207,2
4034060018,2
4866623226,2
1707790074,2
1707790076,2
1707790085,2
419632906,2
8868824843,2
1707790096,2
1782730512,2
25505561,2
7610670876,2
5006978853,2
8868824870,2
8868824871,2
5006978855,2
5006978856,2
5006978857,2
7610670892,2
4866651959,2
7926554424,2
7926554423,2
7610670906,2
4866651962,2
4866651963,2
25470781,2
7926554430,2
7926554431,2
4866651968,2
4866651969,2
7610670913,2
9781311299,2
25470784,2
4866651966,2
25470783,2
7610670919,2
9781311296,2
7610670921,2
9781311297,2
4859246418,2
4859246419,2
4859246420,2
4764884821,2
25505622,2
25505624,2
25505629,2
7617785701,2
108391,2
7617785710,2
25505648,2
7617785713,2
7617785714,2
4530339698,2
4530339700,2
1835356021,2
4530339702,2
4530339699,2
4530339701,2
9024139129,2
8373651316,2
8373651315,2
9024139132,2
9024139133,2
6369361789,2
9024139134,2
104320,2
9024139135,2
9024139138,2
9024139136,2
9024139137,2
6369361794,2
2466445190,2
9024139143,2
9024139144,2
25505673,2
9024139145,2
9024139147,2
9024139148,2
9024139146,2
9024139149,2
9024139150,2
5114681227,2
5114681230,2
957122446,2
25505677,2
1813794712,2
2387212189,2
7066617760,2
1726730162,2
1726730165,2
4719617974,2
5880186827,2
5880186828,2
25470928,2
3813810132,2
3813810133,2
7223695323,2
7223695324,2
7836155869,2
7223709662,2
3497461727,2
7223709664,2
1725360097,2
7223695327,2
7223695326,2
7223709668,2
7223709669,2
25475182,2
9754527740,2
9754527741,2
9754527742,2
9754527743,2
104321,3
5046314042,3
9693760971,3
24951853,3
24951854,3
4922952373,3
5046314040,3
9856119641,3
268997562,3
5046314043,3
25632860,3
5046314041,3
25161345,4
104322,4
25161346,4
8869435268,4
1718328198,4
1718233994,4
1721678995,4
2140227862,4
25161368,4
8869435290,4
7836164763,4
7836164764,4
7836164765,4
5046005790,4
9693730842,4
28800672,4
7553887409,4
28800689,4
7553887415,4
1718233922,4
5247852872,4
25066450,4
25066451,4
25066453,4
5224630617,4
7836155866,4
9856119642,4
5046314077,4
1684511838,4
24950117,4
1718233957,4
1717650794,4
5046314091,4
316763500,4
316763501,4
5046314092,4
1771426166,4
316763513,4
1771426172,4
1771426173,4
5046005758,4
8438226815,4
4167762779,5
104323,5
8429225386,5
8429706219,5
8429795032,5
295977520,5
6110191186,5
4167762777,5
8429774517,5
4167762776,5
8429795033,5
8429795034,5
8429795035,5
3855607516,5
1237883773,5
107584,6
251892754,6
251892950,6
30056310,6
3847023130,6
3847023131,6
5218862786,7
1401416203,7
1365887500,7
2961540,7
8869435258,7
3215685153,7
1043001378,7
4866705606,7
7657257518,7
7636163631,7
2218344498,7
2218344501,7
4430996023,7
2218344503,7
2218344505,7
2218344508,7
5342236733,7
2218344510,7
2218344511,7
2218344509,7
107585,7
4430996033,7
1043001410,7
107587,7
3247932481,7
3247932486,7
107586,7
107588,7
2218344518,7
2218344516,7
2218344522,7
1043001422,7
1043001423,7
6218501713,7
6218501715,7
6218501717,7
4866976614,7
2297373047,7
2218340965,7
6218501740,7
6218501746,7
7797330549,7
6218501751,7
6218501753,7
2218348156,7
6218501757,7
2218364541,7
2218364543,7
10677376,7
2934288513,7
5165786242,7
10677377,7
4835108995,7
2934288517,7
2934288518,7
5165786245,7
4726152840,7
4835109001,7
8515091589,7
2934288523,7
4726152844,7
4835109000,7
1497452171,7
4726152847,7
4726152848,7
2934288530,7
4726152850,7
2961557,7
4726152854,7
1312471193,7
4726152857,7
9710332576,7
9710332577,7
27460259,7
1312471208,7
3715515059,7
1493722804,7
4866807989,7
1312471222,7
8807431551,7
9694087358,7
9694087362,7
9694087363,7
9694087364,7
9694087365,7
4688513218,7
7082240198,7
7223326407,7
7223326409,7
7223326410,7
1312188619,7
7223326411,7
7223326413,7
7223326414,7
7223326408,7
9021504716,7
4688513237,7
6470264535,7
6470264536,7
4688513241,7
9781190366,7
9781190367,7
9781190368,7
9781190369,7
8318757605,7
8318757606,7
1312471271,7
3499500263,7
1939558646,7
1939558647,7
7223365368,7
1939558649,7
7223365370,7
1939558651,7
2642857212,7
3381130493,7
1939558650,7
7223365372,7
7223365371,7
1939558657,7
21523714,7
21523715,7
1939558660,7
255678213,7
1939558661,7
1939558663,7
1939558664,7
1939558659,7
1939558666,7
1939558667,7
1939558671,7
1939558672,7
1939558673,7
1939558674,7
2538458898,7
1939558677,7
1939558678,7
1939558681,7
2195965722,7
24661273,7
1939558684,7
2195965723,7
1046391070,7
1939558687,7
3139705121,7
2793904931,7
3906588452,7
1939558697,7
24659709,7
1939558700,7
1939558701,7
9021535020,7
1939558704,7
8043350325,7
25068862,7
30056255,7
8043350341,7
1951616325,7
8579522887,7
4864083784,7
4864083785,7
1951616327,7
5925584203,7
5925584204,7
8807431546,7
4195103055,7
3816097106,7
3816097107,7
3816097108,7
3816097109,7
3816097110,7
30056277,7
24950101,7
24950102,7
24950105,7
24950104,7
357999964,7
24950109,7
24950107,7
1312188768,7
1939558648,7
4866976610,7
4866976611,7
4866976613,7
3381130086,7
3381130087,7
109415,7
3381130089,7
3381130090,7
3381130091,7
3381130092,7
27459945,7
109416,7
27459951,7
25248112,7
4866976617,7
25248113,7
25248115,7
25248114,7
25248117,7
25248118,7
27459959,7
25248120,7
2203268985,7
25248122,7
25248123,7
25248124,7
25248119,7
27459966,7
25248127,7
25248128,7
27459969,7
27459970,7
27459971,7
1678245252,7
3145798533,7
9030155653,7
1939558655,7
8807431560,7
8807431559,7
3517719434,7
9030155654,7
1312188821,7
1312454038,7
1312264600,7
2387224474,7
2387224475,7
8318797234,7
8318797235,7
1312454068,7
8318797236,7
1782717878,7
212927414,7
8318797237,7
5095547321,7
2218362306,7
3247933381,7
8976060358,7
2387220933,7
2218362310,7
2218362314,7
2218362316,7
6465896909,7
9808795601,7
2218362321,7
471488469,7
1312188886,7
25066457,7
2218362332,7
1733389278,7
2218362336,7
2218362849,7
1731216865,7
1678283238,7
1678283242,7
212916714,7
1678283244,7
1678283247,7
5473274866,7
25069046,7
4866784251,7
5269678593,8
9703794691,8
9703794692,8
9703794693,8
9703794694,8
9703794695,8
9693971464,8
9703794697,8
9703794696,8
9690975243,8
9690975244,8
9690975245,8
1312932879,8
9673189925,8
9673189926,8
4534184507,8
107602,8
6110191188,8
28418144,8
9703827555,8
5904585328,8
27460210,8
27459198,8
4344245892,8
4344245893,8
9673091207,8
9673091208,8
9673091213,8
9673091214,8
3850146457,8
5517519002,8
27460250,8
7487734942,8
6110164641,8
6110164647,8
6110164649,8
6110164650,8
6110164659,8
6110164660,8
1233350847,8
1233350848,8
9693910743,8
7644741345,8
7644741346,8
7644741351,8
377490664,8
9080123624,8
9080123623,8
9080123627,8
9080123628,8
6969936105,8
6969936106,8
377490677,8
2612458244,8
2612458246,8
3987750677,8
3987750679,8
3987750684,8
3987750685,8
3987750686,8
3987750687,8
3987750688,8
4210859292,8
3987750692,8
7900888377,8
2969439040,8
9693974851,8
302013777,8
3220254039,8
27460439,8
4054356842,8
4054356847,8
7900888437,8
5977954180,8
4223357836,8
429346236,8
429346241,8
1312932832,8
1312932849,8
2872699894,8
4715264000,9
4715264001,9
4715264002,9
4715264004,9
5816743941,9
5816743942,9
722208263,9
5816743945,9
5816743947,9
5816743949,9
5816743950,9
6014302223,9
6014302222,9
8429945617,9
8429945618,9
6014302226,9
6014302227,9
6014302228,9
9856119626,9
4715263992,9
1312932894,9
109728,9
4164428578,9
8064065316,9
25476134,9
3231501611,9
4166967089,9
4136137525,9
4136137529,9
2203888698,9
25475770,9
9690915259,9
4136137530,9
1689605567,9
5816744255,9
5816744257,9
9690915265,9
9690915264,9
9690915263,9
9690915267,9
8429934918,9
9690915271,9
9690915268,9
9690915273,9
9690915274,9
429346251,9
9690915275,9
9856119627,9
1233350862,9
25475663,9
25475664,9
283061836,9
675734610,9
5931509715,9
675734613,9
107606,9
4167762778,9
1312471258,9
25475419,9
28418909,9
675734622,9
585199079,9
28418921,9
1233350889,9
585129712,9
9816821617,9
4529881970,9
8429945717,9
9693971447,9
9693971448,9
1505332730,9
2364384488,10
8030470473,10
585124778,10
1951242858,10
1951242860,10
2364378222,10
2364371185,10
2364379602,10
2364379603,10
2364379604,10
2364379605,10
107613,10
107614,10
1864047135,10
25475328,11
1990912129,11
9700060292,11
690295047,11
9690878344,11
4872502279,11
9632417162,11
9632417163,11
4777885222,11
9683581480,11
283062189,11
3385332654,11
9683686963,11
3733791671,11
1155552319,11
1137777343,11
8030470464,11
585130362,11
8030470469,11
7638732490,11
7638732491,11
25475417,11
4832472797,11
9135845214,11
680069471,11
107615,11
8579240311,11
9135845216,11
9135848931,11
680069473,11
9135845213,11
9135848928,11
1951242856,11
1951242857,11
1990912106,11
1951242859,11
2364384492,11
2364384490,11
680069483,11
2364387947,11
9135848938,11
9135848937,11
2364371186,11
1990912115,11
8579240307,11
8579240309,11
8579240310,11
8579240308,11
8579240312,11
8579240313,11
8579240314,11
5141216782,12
4077593104,12
5141216790,12
5473273373,12
5473273376,12
7745051680,12
1569343523,12
7926686250,12
25532464,12
385311796,12
6985395258,12
25532475,12
5473273425,12
1678227031,12
5238587992,12
5473273433,12
5238587994,12
5473273435,12
1569343577,12
3272782433,12
329983075,12
107626,12
107627,12
107628,12
5049840242,12
5049840243,12
107634,12
5049840245,12
5049840248,12
2961549,12
25161360,12
25161361,12
25161362,12
25161363,12
1569216662,12
1569312412,12
25161377,12
25161378,12
25161379,12
25161380,12
25161381,12
25161383,12
4867087535,12
7223298253,12
1569241807,12
1569241808,12
24660697,12
25067737,12
3153656028,12
3153656030,12
1951616231,12
1951616232,12
1951616234,12
1951616236,12
1951616261,12
2378843909,12
1951616263,12
1951616268,12
1951616270,12
1951616276,12
1951616278,12
7906964247,12
7906964248,12
6463234329,12
7906964250,12
1951616283,12
1951616284,12
5218844445,12
5218844446,12
1951616287,12
7906964251,12
7906964249,12
24950050,12
1951616291,12
1951616292,12
24950051,12
1951616295,12
1951616297,12
24950064,12
24950065,12
24659764,12
4077599543,12
4077599545,12
9027328314,12
9027328313,12
1951616319,12
6032044867,12
6032044868,12
5925584201,12
8390582613,12
5141354328,12
5141354329,12
5141354330,12
5141354331,12
5141354332,12
1312453981,12
5141354333,12
25067871,12
24950113,12
24950114,12
24950115,12
9856119649,12
9856119651,12
385311590,12
5141625698,12
25067883,12
1312453996,12
5227220845,12
5227220846,12
8807431535,12
5227220848,12
8807431541,12
3272712566,12
1782714747,12
8807431548,12
6369361790,12
8807431550,12
6369361792,12
1678226827,12
4072083344,12
4072083345,12
2389802901,12
2389802904,12
5065949596,12
1312454045,12
5065949598,12
1678226846,12
2279592861,12
25067936,12
2279592862,12
25067935,12
25067933,12
1312454055,12
25532332,12
4748394420,12
259252667,12
1312454087,12
8753664977,12
25532377,12
3644748767,12
25532384,12
1678226917,12
8807410152,12
5141216745,12
8807410154,12
5141216746,12
8807410158,12
8785024497,12
5141216754,12
473258249,13
1312454029,13
1312454031,13
473258639,13
3887941013,13
2059790748,13
25532576,13
6458938017,13
7926686249,13
1312454058,13
7926686252,13
1312454061,13
25544110,13
25265075,13
5340811829,13
5340811830,13
25265077,13
25265079,13
25265078,13
4085783099,13
1418752708,13
5340811717,13
4077579334,13
1312454090,13
4166634955,13
2142502090,13
7911243856,13
1418752721,13
7911243857,13
4166634962,13
763372884,13
7911243861,13
7911243858,13
7911243863,13
763372886,13
9413430622,13
7911267686,13
7620895976,13
1727515754,13
7911267693,13
1312453999,13
107632,13
5141625696,14
4729628192,14
9856119650,14
6369361796,14
6369361797,14
5141625702,14
5141625703,14
25067400,14
7223298252,14
7223298254,14
3644785104,14
107637,14
5141625621,14
5141625623,14
5141625625,14
6369361788,14
5141625630,14
6369361791,14
9856119648,15
5141877239,15
5141876996,15
5198585557,15
107638,15
5198585559,15
25067324,15
5119652864,16
5119652865,16
25495808,16
1832227968,16
9781435146,16
2458273291,16
1953202962,16
2453941139,16
6279388821,16
6279388822,16
6279388823,16
6279388824,16
26678169,16
26678168,16
2453941147,16
26678171,16
26678166,16
26678167,16
343669791,16
2458257570,16
8975700259,16
8975700260,16
2458257573,16
8975700261,16
343669798,16
5265953450,16
5265953451,16
5265953452,16
1364161197,16
2458257578,16
5265953455,16
2458301100,16
5265953457,16
5265953454,16
5265953459,16
2458260532,16
1832228016,16
25495858,16
2458256449,16
25495807,16
8645592521,16
1364172237,16
1832129873,16
6108171363,16
1832129878,16
1953202903,16
25495640,16
1953202907,16
21578459,16
25495646,16
6724775011,16
6724775012,16
108389,16
6724775013,16
6724775014,16
8787384680,16
6724775017,16
6724775018,16
6724775015,16
6724775016,16
1832248428,16
108390,16
1364168178,16
1364168180,16
2458303223,16
5119652857,16
2458307450,16
1364169899,16
5119652862,16
5119652863,16
9804578356,17
9820537921,17
9820537922,17
1736685635,17
9820537934,17
1326821457,17
4297243218,17
9576827481,17
9576827482,17
25475674,17
1326821465,17
25475692,17
25475693,17
1326821487,17
1326821489,17
1363483801,17
4297243295,17
9820538016,17
9820538017,17
4297243298,17
9820538018,17
9820538019,17
4158004390,17
1326821542,17
9820538028,17
4571238064,17
4571238067,17
4571238068,17
4297212084,17
25475767,17
1938953403,17
1938953406,17
1326821568,17
1938953413,17
748797126,17
1938953414,17
1938953417,17
6828863691,17
6828863692,17
6828863693,17
6828863694,17
6828863695,17
6828863696,17
6828863697,17
4297212114,17
6828863698,17
1938953430,17
4297212119,17
1938953431,17
748797145,17
1326821593,17
1938953432,17
25470166,17
1938953437,17
1938953433,17
4297212128,17
4297212129,17
21990633,17
21990634,17
21990637,17
21990638,17
1326821624,17
4298970364,17
25497340,17
4298970368,17
25497347,17
4298970380,17
4298970384,17
4297212194,17
4297212204,17
355416911,17
4297242961,17
355416914,17
1601797458,17
355416920,17
109403,17
9820523869,17
9820523870,17
9820523871,17
9820523872,17
4297054053,17
108393,17
6525671279,17
108406,17
1601832328,17
9820523913,17
9820523914,17
9820523915,17
9820523916,17
9161061776,17
9693963678,17
9693963679,17
9693963680,17
9693963681,17
9693963682,17
9693963683,17
710657963,17
7947041713,17
422573549,17
1913216493,17
25497596,17
25497599,17
469776896,18
2466456409,18
6369329155,18
6369329156,18
25632774,18
6369329158,18
6369329159,18
8989843465,18
25497611,18
25497612,18
25497613,18
6369329170,18
6369329172,18
10607127,18
10607128,18
10607129,18
2632464413,18
10607133,18
2632464416,18
1125619235,18
2632464427,18
1723388979,18
1813618227,18
1813618228,18
1813618229,18
1813618230,18
372978232,18
1723388985,18
1813618231,18
1596655163,18
1813618232,18
1813618234,18
256766529,18
1366095187,18
5238528591,18
1366095189,18
4530057817,18
1366095190,18
4870281309,18
2135411294,18
1326821471,18
2135411296,18
2135411297,18
4369519204,18
25475688,18
25475690,18
25475691,18
1326821490,18
3076574323,18
4369519219,18
10606709,18
4369519227,18
1326821502,18
1326821504,18
1155584130,18
20460681,18
1326821513,18
1326821515,18
20460686,18
20460687,18
20460688,18
20460690,18
20460691,18
1326821524,18
1326821525,18
3722411669,18
20460695,18
20460696,18
20460697,18
20460692,18
20460694,18
6506796188,18
1326821539,18
1326821541,18
1326821557,18
5041784501,18
1326821559,18
1813618358,18
25473207,18
25473206,18
1326821564,18
2632431806,18
2632431807,18
1326821566,18
1326821569,18
255860415,18
110274,18
1326821577,18
1326821579,18
1081508186,18
1326821585,18
4703542482,18
4703542483,18
5060405461,18
1326821596,18
25497824,18
25497828,18
25497829,18
1326821613,18
2632486641,18
2632486645,18
2632486646,18
25497845,18
2632430340,18
2632430342,18
4076095242,18
275180300,18
25497872,18
4076095253,18
3320947996,18
4076095262,18
2331184927,18
2331184929,18
2331184930,18
2331184931,18
2331184932,18
2331184934,18
2331184935,18
2480657190,18
5041784633,18
5041784634,18
1813618497,18
8868824899,18
446765895,18
390073160,18
2466456399,18
2466456400,18
2466456401,18
2466456402,18
2466456403,18
2466456404,18
2466456405,18
2466456406,18
2466456407,18
2466456408,18
5306194265,18
6525670234,18
6525670235,18
6525670236,18
6525670237,18
6525670238,18
6525670239,18
6525670240,18
6525670241,18
6525670242,18
2466456414,18
2466456413,18
2466456412,18
9804653408,18
9804653406,18
25497968,18
1081508209,18
632447859,18
108409,18
372050299,18
5711517571,18
1125619075,18
2466449286,18
2466449287,18
2466449288,18
2466449289,18
2466449290,18
2466449291,18
2466449293,18
2466449294,18
9161061775,18
1939632526,18
2466449297,18
2466449296,18
2466449295,18
25634199,18
1759454104,18
4807796633,18
1759454106,18
6871422365,18
9693865890,18
25632677,18
1759454118,18
1954751914,18
25632683,18
25632684,18
1954751916,18
1954751918,18
4860825518,18
20965804,18
1759454122,18
20965805,18
20965806,18
1954751924,18
9693963701,18
9693963702,18
9693963703,18
9693963704,18
9693963705,18
9693963706,18
9693963707,18
9693963708,18
469759942,18
469759943,18
372978120,18
435104715,18
2632476621,18
5973397966,18
435104717,18
9808795605,18
3586606038,18
3586606039,18
9808795606,18
1125619161,18
9808795608,18
25499095,18
9808795607,18
4571940314,18
4571940315,18
2632476639,18
25499104,18
9808795609,18
2466456411,18
9808795610,18
5353604060,18
5353604061,18
25499115,18
2632488435,18
9804774392,18
2632488445,18
2496836226,19
108420,19
3093897988,19
3093897989,19
2496836231,19
3093897991,19
1312188679,19
1255490314,19
2402557839,19
1280491924,19
1280491926,19
2402557597,19
2402557599,19
2387232555,19
2387232556,19
2387232557,19
2387232559,19
3093894065,19
2387232561,19
2387232563,19
1150003513,19
806373565,19
9030284989,19
9030284990,19
3741117630,19
4749090120,19
25477197,19
1722268367,19
9856119633,19
1722268381,19
1722268384,19
1722268388,19
5492419693,19
5565455857,19
5565455858,19
8236052983,19
8236052987,19
8236052988,19
8236052990,19
8236052991,19
4193151464,20
108835,20
4305986091,21
5905893978,21
7620902731,21
108837,21
9684083971,22
264824452,22
9684083975,22
9684083976,22
9684083977,22
9684083978,22
9684083979,22
4089236235,22
419350669,22
4089236236,22
3267461759,22
3876713343,22
1678452760,22
6509584408,22
20955164,22
4089226784,22
1678452770,22
4085767971,22
4085767970,22
4085767974,22
4085767978,22
4938216619,22
4085767980,22
1678452780,22
4085767983,22
367091632,22
4085767989,22
4085767992,22
2265048377,22
4085767993,22
25504760,22
3267461693,22
3267461696,22
2265050050,22
108867,22
419350723,22
1828402758,22
1828402759,22
262078536,22
3267461710,22
1938819280,22
2620105428,22
3267461721,22
9729684314,22
3267461728,22
3267461729,22
3267461737,22
3267461742,22
3267461747,22
3267461752,22
3267461756,22
1536948605,22
3267461758,22
9684083967,22
4211515621,23
108903,23
25496777,23
245200970,23
1830276654,23
9189397456,23
4211515569,23
663363473,23
4211515891,23
8256049397,23
8256049399,23
25509513,24
470727954,24
1938819346,24
1938819348,24
1938819350,24
1938819351,24
25509526,24
5207487900,24
25481504,24
25481506,24
6988528038,24
6988528039,24
9694031532,24
9201323575,24
1236791504,24
894485202,24
109408,24
109410,24
1236791535,24
9197589363,24
9197589238,24
1536948608,25
1536948612,25
25505670,25
20626311,25
1536948487,25
3796814729,25
1536948618,25
20626315,25
20626310,25
20626312,25
1852996875,25
1536948631,25
6509584413,25
1536948517,25
7572522534,25
109734,25
7572522540,25
1536948652,25
7572522547,25
1536948536,25
1572551227,25
2504847039,25
7572522566,25
4866475725,25
4866475730,25
7572522585,25
4866475737,25
1852996954,25
1536948578,25
109411,25
109412,25
25264998,25
2504822135,25
1536948474,25
7572522492,25
9694072864,26
24950112,26
109414,26
30078473,26
24951721,26
5334625292,26
7797731341,26
7797731342,26
7797731343,26
7797731340,26
5334625293,26
1566270189,26
1566269623,26
4077599544,26
2793874522,26
2961885,26
25248126,26
9030029183,26
7824803494,27
7824803495,27
109737,27
9072449309,27
24952269,27
7824803501,27
4166634957,27
5104314264,27
1536948541,27
1951372959,27
9753609738,28
9753609739,28
9753609740,28
9753609741,28
9753609742,28
9753609743,28
9753609744,28
9680972177,28
9680972178,28
9753609745,28
9680972185,28
25161373,28
7824747295,28
7824747297,28
7824747298,28
7824747300,28
7824747302,28
7824747303,28
7824747304,28
7824747305,28
7824747307,28
25067307,28
7824747308,28
6967585840,28
6967585841,28
109746,28
6967585842,28
1827389620,28
1782727992,28
1722621630,28
4220613456,28
700774224,28
5201625566,28
2941549918,28
5840176866,28
9681020156,28
9681020157,28
5006764037,29
5006764038,29
5006764039,29
5006764040,29
1312189073,29
1312188945,29
1312188689,29
1312188696,29
25477149,29
25477150,29
25477151,29
25477152,29
25477153,29
25477154,29
26067235,29
25477156,29
26067237,29
1312189091,29
26067239,29
26067236,29
3320743081,29
1954751908,29
1312188843,29
26067238,29
26067234,29
1312188730,29
1312188858,29
9693935550,29
1312188735,29
109760,29
9693935551,29
1312188994,29
1312188614,29
1312188622,29
1312189013,29
1312188760,29
3892081372,29
1312319838,29
3741078112,29
7644884069,29
1312188774,29
1042862726,30
7815143559,30
249558409,30
25477258,30
1042862477,30
6304787860,30
6304787861,30
3735889430,30
1042862492,30
7815143581,30
3735886877,30
3858880674,30
3858880675,30
3858880676,30
3858880677,30
7815143465,30
3673602988,30
3673602993,30
25477300,30
25477301,30
7911297462,30
7911297463,30
5929540796,30
109766,30
5925628361,30
57786953,30
347541965,30
7911297486,30
9808795598,30
7815143503,30
1042862673,30
9808795599,30
9766629717,30
347541973,30
347542743,30
25477335,30
25477339,30
9027367517,30
9027367518,30
9027340515,30
9027340516,30
2935373159,30
1042862696,30
302013673,30
2935373161,30
302013676,30
25477228,30
302013678,30
3486459766,30
2935324280,30
9203578106,30
9203578107,30
27480957,30
9856119640,31
373402354,31
109780,31
9856119634,31
9514602150,32
9514602151,32
9514602152,32
9514602153,32
109785,32
6166157035,33
109788,33
24952267,33
4077495951,34
1832129813,34
4077495957,34
1810130458,34
4077495964,34
338474269,34
1832129823,34
4077495971,34
1832129831,34
4077495854,34
4077495855,34
4077495858,34
4077495862,34
4077495867,34
9781311295,34
4077495872,34
4530195657,34
4077495883,34
109815,34
109816,34
1360122879,34
109818,35
8975700266,35
3644748770,35
9051462722,36
275179767,36
435104742,36
1723340842,36
4823243100,36
6855696495,36
6855696497,36
6855696498,36
6855696500,36
2112030869,36
6855696502,36
6855696503,36
6855696504,36
2112030873,36
627985397,36
291951643,36
110140,36
275179893,36
4823246342,37
1150003270,37
1684835245,37
1493658224,37
2036125649,37
1309067472,37
6864015603,37
1141415219,37
1685281076,37
2036125657,37
110143,37
1312189057,38
250326914,38
4835108998,38
4835108999,38
7636180236,38
7636180237,38
20458276,38
18469132,38
1571298192,38
7636180241,38
7636180242,38
1571298195,38
1312188692,38
1401416208,38
1312188694,38
1312188824,38
9710348827,38
9710348828,38
1312188955,38
110238,38
1312188704,38
20458273,38
250325411,38
2003007012,38
20458275,38
1787108646,38
1787108647,38
1787108648,38
1787108649,38
1787108650,38
3334162601,38
20458277,38
2490721964,38
1312188845,38
1312189098,38
1312188722,38
4618510643,38
8868010162,38
1312188731,38
250327100,38
1312188988,38
8868010171,38
354886082,38
8868194757,38
1312188741,38
9710304459,38
9710304460,38
8868001103,38
9856119632,38
8868001104,38
250549587,38
1312188883,38
9856119637,38
1782716888,38
7926563545,38
8868194778,38
1571298141,38
21990624,38
21990625,38
1233327202,38
21990626,38
2642878568,38
2642878569,38
250549670,38
2934268020,38
1312188660,38
250327159,38
1312188797,38
1238259337,39
4530011788,39
6261920913,39
6261920914,39
4530012691,39
4530012690,39
4530012692,39
4530012694,39
4530012695,39
4530012696,39
6261920915,39
1150003480,39
4530012699,39
4530012700,39
4530012701,39
4530012702,39
6866779806,39
4530012703,39
4530012704,39
1771453218,39
7805198627,39
1771453217,39
3499567135,39
5565487612,39
3197339673,39
3197339674,39
4729385030,39
4729385031,39
9808795596,39
3197339676,39
59526352,39
282708,39
1150003547,39
1731225566,39
1150003423,39
249470452,39
4316306166,39
1536039932,39
25499808,40
25438595,40
2632476618,40
25438732,40
2632476590,40
25438638,40
1953096696,40
7796554012,40
282719,40
2632464415,40
367114771,41
27458331,41
1312453919,41
1312454048,41
2967343648,41
3215687074,41
2967343649,41
5931501991,41
27458353,41
1547013692,41
1312453950,41
1547013698,41
5342236740,41
1312454086,41
5335245256,41
9710359368,41
9856119628,41
3708234964,41
471488472,41
3585762393,41
1312454114,41
5227220835,41
2961891,41
471488484,41
1550763620,41
1547013743,41
367121266,41
1312454015,41
1678452792,42
10572172,42
25495617,43
25495618,43
9856119619,43
1985084100,43
1938953377,43
350437608,43
10572779,43
5060391417,43
25495695,43
25496819,43
25496820,43
25496821,43
1816038230,43
321255925,43
25495769,43
25495770,43
8972441127,44
25496748,44
21583342,44
10572785,44
8972511963,44
8785568224,45
10572786,45
7847748059,45
1985084095,45
5470932256,46
10607629,46
7947057586,46
5468301555,46
2146369237,46
5470932252,46
5470932253,46
5470932255,46
9782353731,47
8784159562,47
6467134930,47
6467134931,47
8784181688,47
10676799,47
4835108996,48
2902624645,48
4835108997,48
18393873,48
1717643537,48
6985373980,48
6985373982,48
6985373983,48
6985373984,48
1312264610,48
1721713699,48
1312188714,48
1312264618,48
21307200,48
9030121410,48
1782718791,48
1782718792,48
1144619335,48
7223326412,48
9856119635,48
6985379285,48
6985379286,48
9042027865,48
9042027866,48
2406484452,48
1350430181,48
2406484454,48
2406484455,48
9030155749,48
2406484453,48
9030155753,48
2406484460,48
9042053624,48
10677374,48
1312264577,49
1311961985,49
794039687,49
9042133642,49
5043864464,49
28800661,49
28800662,49
25161371,49
1782724124,49
28800667,49
316763548,49
1782724125,49
250550174,49
1401908258,49
1311962151,49
9042026424,49
1311962043,49
1312264648,49
1312264524,49
1684511955,49
9856119636,49
7836155864,49
7836155865,49
7836155867,49
7836155868,49
7836155870,49
9042041320,49
9042041321,49
1718328435,49
10677375,49
8975529088,50
4462680067,50
4462680068,50
9203541381,50
7840712839,50
1832248457,50
1832248458,50
9781435147,50
4462680078,50
5374174224,50
1360122901,50
595709975,50
14672924,50
5573994014,50
5573994016,50
5573994017,50
5603454627,50
5603454628,50
5573994019,50
1832129958,50
1360122919,50
5374174120,50
1360122925,50
7203717550,50
1938953395,50
1360122937,50
5374183741,50
5374183742,50
6329690691,50
8975645638,50
8975645640,50
8975645641,50
25151180,50
4512763348,50
1360122841,50
5460658138,50
5600934876,50
1360122860,50
5573931377,50
5839156209,50
1360122866,50
1360122871,50
5573931385,50
8975529082,50
8975529083,50
8975529084,50
8975529085,50
8975529086,50
529722111,50
7553887392,51
18382242,51
8869435266,51
7567588716,51
24950093,51
3533830193,51
268997560,51
8869435257,51
18395288,52
25161370,52
250550400,53
1939632514,53
4992781187,53
3739049348,53
4992781189,53
1939632519,53
20460684,53
973101839,53
9042120207,53
2387242385,53
2387242386,53
8869472274,53
3870640530,53
25477148,53
3870640547,53
3870640548,53
4401149224,53
2387240745,53
4401149225,53
2387240747,53
4401149228,53
4992781175,53
7636278191,53
4401149234,53
7636278194,53
7636278197,53
7636278199,53
7636278200,53
1326821561,53
7636278201,53
256766531,53
18398282,53
1312335310,53
5927671120,53
1326821460,53
1326821592,53
5238500312,53
5238500313,53
914822492,53
9042037853,53
2387245025,53
873684193,53
2387245026,53
2387245027,53
2387245029,53
1326821480,53
632438506,53
9030155757,53
9030155758,53
8869472239,53
9030155759,53
9030155760,53
8869472240,53
1326821619,53
9030155762,53
2990732269,53
5927671155,53
8869472247,53
4826555769,53
4826555770,53
4826555771,53
4992781180,53
5609638014,53
25066461,54
18468953,54
25066462,54
5047029678,54
18469130,55
9856119638,55
6978555522,56
1758554289,56
2990780037,56
2990780039,56
20460680,56
20460682,56
2990806410,56
2990806411,56
2990806413,56
2990806415,56
2990806416,56
968499092,56
968499093,56
4246525220,56
4246525223,56
316763559,56
316763561,56
316763563,56
1758554286,56
8975833904,56
8975833905,56
6978563378,56
6978563379,56
6978563380,56
6978563381,56
6978563382,56
6978563383,56
6978563384,56
8975833913,56
8975833912,56
8975833915,56
4682627259,56
4682627261,56
8975833914,56
4682627263,56
4682627264,56
6978577985,56
4682627266,56
4682627265,56
256766532,56
256766533,56
1758554291,56
1150003147,56
1150003532,56
9041828942,56
1759454163,56
1758554294,56
1759454429,56
3763407460,56
5041784423,56
1150003571,56
5067002867,56
6978531575,56
6978555518,56
6301948480,57
20625793,57
6301948477,57
5976760445,57
5976760446,57
5976760447,57
9694032608,58
9694032609,58
585200775,58
20625800,58
585200818,58
710521820,58
9694032606,58
9694032607,58
5189042552,59
20626282,59
8675201272,59
5189042551,59
7824803490,60
7824747299,60
7824803492,60
7824747301,60
1536948646,60
7824803493,60
4085778920,60
7824747306,60
5146186589,60
7824803500,60
1536948431,60
1536948529,60
20626301,60
5146186590,60
9856119647,60
20626307,61
1852996517,61
1852996670,61
7572522513,62
20626316,62
7572522511,62
1360122886,63
1236791433,63
20955158,63
9805219991,63
9805219992,63
9805219993,63
9805219994,63
9805219990,63
1360122917,63
4076095791,63
4370333627,63
1609966653,63
4370333629,63
9856119620,63
4370333637,63
9197322310,63
4370333638,63
4370333643,63
4370333648,63
9197326420,63
3519872213,63
4076095834,63
1360122845,63
1596648671,63
1360122856,63
21685484,63
1360122861,63
21685485,63
1360122873,63
6369329154,64
6369329160,64
4428887946,64
25500427,64
6369329165,64
6369329171,64
20965798,64
20965799,64
20965800,64
20965801,64
2398924843,64
2398924853,64
2398924855,64
2398924863,64
9781311298,64
2241962700,64
1782729295,64
1782729296,64
1326821587,64
2398924893,64
9310682079,64
2398924896,64
2398924898,64
7946378607,64
7946378608,64
104319,64
1755265415,65
250550023,65
250550024,65
5041945479,65
5041945481,65
1755265428,65
1755265432,65
28800670,65
1755265444,65
1343823418,65
21307201,65
21307202,65
8869464398,65
1312264546,65
21990631,65
873809385,65
5042033643,65
9042025325,65
2990721389,65
4661317536,66
3328228993,66
3328228994,66
3328228996,66
3328228998,66
25524297,66
5177397418,66
21392267,66
3328229004,66
1617596593,66
4663309171,66
4661317524,66
4663312695,66
4663312696,66
4663312697,66
4663312698,66
1617532092,66
9856119623,67
9201323564,67
21392276,67
25509525,67
2343269909,67
25495809,68
25495822,68
350377999,68
25495824,68
25495823,68
21392278,68
350437528,68
1707790105,68
6828931875,68
1938953379,68
1832052008,68
1832227886,68
447887921,68
1832227893,68
6828927809,68
1148249927,68
338472567,68
4275394254,68
5899738713,68
1832129783,68
338472562,68
25495542,68
25495543,68
6828921209,68
6828921210,68
6828921211,68
5603454625,69
5603454626,69
6606135979,69
21392279,69
9703794688,70
9703794689,70
9703794690,70
9080098306,70
9080098307,70
9080098308,70
9080098309,70
3876429831,70
9080098312,70
9080098313,70
9080098314,70
3528711693,70
255051289,70
3528711722,70
27459116,70
27459120,70
27459638,70
9375078973,70
9375078974,70
9375078975,70
3073173576,70
3073173585,70
27459165,70
1771458655,70
1771458658,70
27460198,70
9080098305,70
251892353,70
3528738434,70
3528738438,70
3528738439,70
3528738440,70
5257738379,70
5257738381,70
5257738384,70
3528710290,70
5257738387,70
5257738389,70
9030037142,70
5257738390,70
6995618971,70
6995618979,70
3858880678,70
6280047275,70
6280047277,70
6280047278,70
6280047280,70
5160943793,70
5160943794,70
5160943797,70
5160943798,70
5160943803,70
5160943806,70
9694087359,70
9694087360,70
9694087361,70
5160943807,70
472493763,70
1039290562,70
1039290578,70
1039290584,70
1039290586,70
9080123618,70
9080123619,70
9080123622,70
3706494694,70
6969936109,70
6969936112,70
27351282,70
27351284,70
27459830,70
2914561272,70
251892475,70
25477371,70
249679102,70
28419328,70
1014803714,70
21523716,70
1014803718,70
1014803721,70
1014803736,70
5925626141,70
5925626142,70
1014649672,70
4144358216,70
4144358217,70
302013776,70
9375100241,70
9375100242,70
1939632502,70
1939632504,70
3550836102,70
251757452,70
2934411661,70
251757458,70
2934411667,70
2934411668,70
2872704413,70
2935392676,70
4827050921,70
3499556266,70
28418497,70
3247933387,70
9808795600,70
9808795602,70
251757533,70
9703794686,70
9703794687,70
5335233120,71
2934288514,71
250324965,71
21523718,71
5165786239,71
21523719,71
8042022825,71
5573991659,71
5573991660,71
5335233119,71
4138224462,71
5335233113,71
252729234,71
5009060057,71
5335233114,71
2934288509,71
1014649631,71
1617596646,72
1617596615,72
1617596616,72
1617596621,72
21563503,72
1617596627,72
1617596659,72
1617596669,72
1617596606,72
25498458,73
9659603285,73
21578454,73
9748953621,74
21578461,74
4378043682,75
269547419,75
4331121754,75
21685481,75
21685483,75
4378043661,75
4378043662,75
1837610895,75
1360122929,75
25500530,75
4378043667,75
1360122933,75
25500246,75
1163955034,75
4331121755,75
269547420,75
5788363874,76
4208239651,76
4462680070,76
9201323561,76
9203541612,76
21686572,76
21686574,76
4462680076,76
9201323322,76
5374181585,76
4462683090,76
6606148797,76
3972566714,76
4208239642,76
6606148798,76
5899711453,76
5899711454,76
3515286914,77
3515286915,77
3515286916,77
5565466183,77
1493676622,77
1493676623,77
28728208,77
25477106,77
21990614,77
1771453860,78
3197333544,78
1711679434,78
9375170320,78
9375170321,78
9375170322,78
9375170323,78
9375170324,78
9375170325,78
9375170326,78
1711679380,78
7191329809,78
7191329811,78
28728210,78
28728187,78
21990620,78
4556931602,79
4556931604,79
21990622,79
21990627,80
475396924,80
8672066581,80
7636180239,80
250327591,81
1326821544,81
8868010287,81
250327609,81
5565443389,81
5565443390,81
250327618,81
5565443397,81
5875062471,81
5875062472,81
9808795603,81
9808795604,81
1719422038,81
9856119639,81
8923643489,81
8923643490,81
9693628386,81
21990628,81
21990629,81
9030155750,81
21990630,81
9030155754,81
9030155755,81
9030155756,81
9042053623,81
21990632,82
9030155751,82
1718566880,82
24659907,83
1311961990,83
24659947,83
6948380395,83
24949780,83
9693920801,84
9693920794,84
9693920795,84
9693920797,84
24660863,84
1312453954,85
1556260235,85
24661966,85
25544111,85
1312453966,85
1556260241,85
1312454066,85
25544112,85
1312454100,85
24662037,85
1312453915,85
24950048,86
5095547180,86
5095547184,86
24950005,86
24950013,86
3517985666,87
5090420610,87
25161348,87
5090420614,87
8807429660,87
8807429664,87
8807429665,87
9691082671,87
25066419,87
2387226304,87
3499500226,87
2387226307,87
2387226309,87
2387226311,87
2387226313,87
5090420940,87
24950097,87
5090420958,87
5090420959,87
5090420964,87
9024139130,87
9024139131,87
9693920802,88
9693920803,88
24950110,88
24950111,88
6918421504,89
1951372930,89
24952195,89
24952196,89
2528522503,89
1951372935,89
6918421512,89
6918421513,89
2528522507,89
1556097163,89
4072083342,89
4072083343,89
1561071632,89
2528522518,89
1556324759,89
1556097431,89
1556097092,89
1556097306,89
2528522528,89
1556097185,89
6985465124,89
6985465125,89
1561071655,89
1547013672,89
6985465129,89
6985465130,89
1556097321,89
1561071656,89
2528522542,89
4018000435,89
1590114998,89
1547013688,89
6985465145,89
1556324793,89
1556097080,89
1556097217,89
9694091972,89
9694091973,89
1556097222,89
4777897927,89
4777897928,89
1547013705,89
1556097353,89
1556324683,89
1556324684,89
25278669,89
25278670,89
1556097098,89
9856119630,89
3385387604,89
3385387605,89
3385387606,89
3385387607,89
696477399,89
1556097368,89
6918421503,89
1556097118,89
4117882851,89
4117882852,89
8807410149,89
4085404135,89
4117882856,89
4117882857,89
4085404136,89
4117882860,89
1556097136,89
1556097137,89
1951372915,89
1951372927,89
5087519104,90
25066338,90
25161347,90
5090420965,90
25066412,90
3704225378,91
1536948581,91
4085778923,91
1536948622,91
1938819279,91
9684101713,91
4085778934,91
4143767990,91
25066684,91
25067264,92
25067265,92
2566132609,92
25067266,92
1852996996,92
2504822145,92
25067267,92
1569382119,92
6509584414,92
2504822137,92
1569382170,92
2504822139,92
1569382174,92
25066687,92
25067304,93
2566132610,93
2566132611,93
25161356,93
25067395,94
25067396,94
25067397,94
5146186470,94
950703625,94
950703626,94
5146186463,94
5146186489,94
25067326,94
1726783391,94
9856119646,95
25067427,95
25067398,95
1951616322,96
5104314275,96
25067461,96
25067463,96
25067469,96
25067470,96
5104314255,96
5104314256,96
5104314384,96
25067473,96
25067476,96
1186508405,96
1569343909,97
25067558,97
1569343756,97
25067727,97
5104314096,97
5104314353,97
25067728,97
5104314098,97
25067636,97
5104314325,97
25067670,97
25067479,97
1569343576,97
25067914,98
1569216650,98
25067920,98
7911231380,98
1722621718,98
7911231384,98
25067803,98
1569216123,98
25161375,98
5141228834,98
1569216316,98
4085783103,98
4085783105,98
1569216326,98
6446292570,98
1951616226,98
5141216740,98
5141216741,98
7911267687,98
7911267688,98
7911267690,98
7911267692,98
7911267694,98
7911267695,98
7911267696,98
9659831673,98
9659831674,98
9659831675,98
25265023,98
25071090,99
25071131,99
5247857728,100
9691101411,100
9691101412,100
25161357,100
2387194158,100
5141877019,100
25248125,101
1211381855,101
25471736,102
25503860,102
7271474849,103
321255907,103
25472324,103
25472545,104
4675821944,104
4675821925,104
4675821932,104
4665353645,104
4665353644,104
762080111,104
1617596591,104
8373728533,104
25472566,104
25473048,104
25472379,104
1617596607,104
1882379274,105
1882379248,105
1882379285,105
4425001783,105
25472760,105
25472763,105
3247578846,105
4823246341,106
4425001781,106
4425001782,106
25472767,106
7447716112,107
25472789,107
9161061774,107
25472800,108
4571194090,108
4571194091,108
1954751920,108
2036125650,108
2940401398,108
6014339453,108
1684835105,109
1684835107,109
1684781486,109
3739048019,109
3739048020,109
3739048021,109
25472885,109
4948630427,109
4675822093,110
4675822095,110
4675822097,110
8373728531,110
4675822100,110
8373728532,110
1617647898,110
761830938,110
1617647900,110
1617647901,110
1617647903,110
4661317153,110
4661317155,110
1617647919,110
1617647924,110
1617647928,110
1617647931,110
1617647934,110
4665352262,110
4665352264,110
761831000,110
25472890,110
761831039,110
25473004,111
4665353662,111
1311962080,112
9042129985,112
9042129986,112
1401893666,112
1311961868,112
1215563885,112
25473199,112
25473200,112
25473204,112
25473205,112
1215563897,112
6871422362,112
6871422364,112
1759454078,112
9042129984,113
875789647,113
1150003472,113
25473201,113
25473202,113
1311961947,113
1311962012,113
9042129983,113
1311962111,113
25473203,114
5067002855,114
25473281,115
9683585635,115
903630659,115
8497605091,115
4777885221,115
4085387943,115
4085387945,115
7246486955,115
4136124524,115
4136124526,115
4078858000,115
4078858001,115
869968536,115
585127354,115
585148380,115
6265654109,115
25473279,115
697037343,116
5905807278,116
8579276917,116
9694104278,116
25474005,116
25474015,116
25497603,117
9694091974,117
9694091975,117
9694091976,117
9694091977,117
9694091978,117
6149398571,117
9856119625,117
9694091981,117
25475053,117
9694091983,117
9694091982,117
9694104279,117
1547657140,117
1312471255,117
9694104280,117
1312471226,117
1312471228,117
25475072,118
25497222,118
1547657104,118
1312471188,118
1312471189,118
7236131861,118
7236131862,118
7236131864,118
7236131865,118
1312471196,118
1312471202,118
9690769059,118
25476132,118
4920098342,118
6266867111,118
6266867112,118
6266867113,118
6266867114,118
8064065323,118
4920098343,118
4920098344,118
1312471216,118
9690974262,118
277337783,118
1312471223,118
9690974264,118
9690974266,118
9690974263,118
9690974265,118
9690974272,118
9690974274,118
9690974275,118
9690974276,118
9690974277,118
9690974278,118
25475661,118
25496910,118
1312471252,118
6332695637,118
6332695638,118
9135848919,118
9135848920,118
9135848921,118
9135848922,118
9135848923,118
9135848924,118
6332695639,118
9135848925,118
9699944538,118
9699953505,118
1312471265,118
585180151,118
25475561,119
9690878337,119
1569486259,120
25475597,120
6696695781,121
8784000965,121
25475678,121
6696695783,121
9823138208,122
9823138209,122
1326821607,122
1326821594,122
25475694,122
25475695,122
25475696,122
25475697,122
4297211186,122
4297211187,122
25475698,122
435104726,122
435104728,122
355416921,122
1326821466,122
9823138206,122
7075087297,123
7075087298,123
7075087299,123
6273056647,123
6273056648,123
9693963689,123
6239229422,123
6239229423,123
9693963696,123
435104721,123
9693963698,123
25475699,123
1326821620,123
9693963699,123
6272993491,123
6272993492,123
9693963697,123
25497619,123
25475754,124
1816777875,124
1493229962,124
25476131,125
4920098349,125
5931509720,125
5931509721,125
25476124,125
25476127,125
806373533,126
25477774,126
819157946,127
25477858,127
4556931603,127
3661703766,127
25495544,128
269550333,128
25495697,129
9856119622,129
1834657467,130
25495820,130
1834657469,130
6354294763,130
470727776,131
5736847361,131
5736847362,131
5736847363,131
5736847364,131
25496100,131
749947393,131
749947402,131
25495852,131
25495854,131
25495855,131
350629203,131
269584410,131
317930380,132
4211515637,132
4211515622,132
25496775,132
25496779,133
25496780,133
1816038211,134
1985084135,134
25496783,134
25496786,134
25496787,134
5265830862,135
25496815,135
25496785,135
4429088632,135
1958800795,135
8972511965,135
25496781,136
25496788,136
25496797,136
25496798,136
25496799,136
2453947049,137
8787384684,137
8787384685,137
8787384686,137
4211515634,137
25496792,137
4211515644,137
4211515645,137
25496800,138
1816038214,138
323260106,138
1816038224,138
5014591889,138
1816038199,138
1816038233,138
1816038237,138
1816038239,138
25496817,139
25496818,139
5426506500,139
1832129795,140
6407948171,140
4077495820,140
4077495821,140
6407948172,140
25496847,140
25496848,140
25496849,140
4077495826,140
25496850,140
9781435149,140
25496851,140
5504212623,140
9161061778,140
25496854,140
9161061779,140
9804471702,140
9804471701,140
25496855,140
25496857,140
9203537438,140
9203537439,140
4730978978,140
4730978979,140
4942595236,140
4730978981,140
4730978982,140
4730978983,140
4730978984,140
1938953399,140
1684437690,140
1684437692,140
1319881922,140
1319881924,140
1655214934,140
25497563,140
25497564,140
25497566,140
1655214955,140
6124650606,140
1832129778,140
4076126707,140
5948183671,140
1832129789,140
2135411308,141
5711517565,141
5457908028,141
25499655,141
25504145,142
25504146,142
25504148,142
1835355916,143
1793420660,143
25504149,143
1707790044,143
4232015838,143
25504770,144
367105858,144
367105859,144
25504777,144
1268892466,144
25504755,144
1268892467,144
25504756,144
25504763,144
7572833379,145
7572833380,145
7572833381,145
25505607,145
25505679,145
25505585,145
1828402762,146
25505643,146
25505618,146
3664398006,146
25505593,146
25505630,146
1828402763,147
1828402764,147
2142508727,147
25505662,147
25505695,147
1852996856,148
25505685,148
1852996734,148
1556097153,149
8785024515,149
1556097030,149
5905896973,149
1556097166,149
1556097177,149
1556097178,149
1556097051,149
1556097320,149
1556097448,149
1547013554,149
1556097227,149
1547013710,149
25532494,149
9856119631,149
1547013589,149
1547013719,149
8807410150,149
8807410151,149
1556097048,150
25532542,150
2480657188,151
4826448085,151
25632678,151
2135411293,151
25632864,152
25632865,152
1215563905,152
1215563890,152
244128953,152
25632863,152
28418880,153
27459905,153
1312471267,153
429346243,153
4534184516,153
742399752,153
1312471210,153
4629462859,153
429346253,153
1312471217,153
1312471197,153
1312471190,153
9693971449,153
9693971450,153
9693971451,153
9693971452,153
28418877,153
28418879,153
1042862785,154
7911297478,154
302013672,154
302013674,154
302013675,154
7815533548,154
7815533546,154
6345441358,154
7911297487,154
3486459762,154
3486459764,154
3486459765,154
249558966,154
347539416,154
3081980920,154
27480956,154
27480960,155
27480961,155
9678821156,155
9678821159,155
9678821160,155
9678821161,155
3486459769,155
28193265,156
3170676207,156
249679365,157
4344245894,157
7817162929,157
4244498866,157
2140124996,157
28418138,157
28418141,157
3892081373,157
3892081378,157
1014803686,157
7797338599,157
7797338600,157
1014803691,157
302013681,157
302013682,157
1014803702,157
1014803704,157
3894948091,157
3894948093,157
4430996024,158
28418859,158
4155841820,158
3632581622,158
3984132034,159
3984132035,159
4116809027,159
3984132037,159
4116809028,159
302013708,159
4422013486,159
249679343,159
28418929,159
4244498867,159
4244498868,159
1755708768,160
2990651905,160
1755708646,160
1755708647,160
1755708648,160
1758552521,160
1758552522,160
1758552678,160
1758552682,160
2990717003,160
1759454351,160
2990664881,160
973128722,160
28800660,160
973128725,160
9693929369,160
1755708765,160
1755708766,160
1755708737,161
1755708738,161
1755708739,161
5041945508,161
9693903657,161
2990651920,161
2990651921,161
28800666,161
28800664,161
1755708730,161
1755708732,161
5565443391,161
5046314090,162
28800671,162
1311962065,162
1311961846,162
5046314073,162
1311962079,162
707377287,163
30056330,163
1547393045,163
1312471191,163
6149398572,163
4619022514,163
3830043581,163
1312471231,163
8579233861,163
8579233862,163
1547013574,163
1547013588,163
1547013592,163
1547013724,163
1547013597,163
1547392865,163
5580861156,163
6600283121,163
251892979,163
1547013754,163
3741131608,164
149431715,164
213668839,165
347335859,165
354886099,165
9269886261,165
8868010205,165
250549699,166
250549700,166
8868010279,166
8868010216,166
8868010280,166
8868010218,166
213668842,166
8868010281,166
8868010221,166
213668844,166
8868010202,166
1685272862,166
1719422032,167
213670986,167
1312189047,167
2642878644,168
213672005,168
249559005,169
302013662,169
7900221088,170
249560091,170
9021491075,170
7900221087,170
250325410,171
250549636,171
3787645606,171
3787645607,171
3787645608,171
3787645609,171
3787645610,171
5492419692,171
250327037,172
1310663631,172
9693628387,173
9693628388,173
250327619,173
347335878,173
2642612586,173
250327576,173
7151566952,174
250327660,174
338319877,174
3930921860,175
3708234957,175
4230027057,175
4155841811,175
251892564,175
843376599,175
316763545,176
5046005745,176
5046005743,176
1145174402,177
4571241384,177
9820538031,177
355416887,177
355416890,177
355416892,177
3257317059,177
9820537936,177
9820537937,177
9820537940,177
9820537941,177
9820537942,177
9820537943,177
9820537944,177
9820537946,177
1165343843,177
4729480806,177
4729480807,177
4729480808,177
4571244658,177
4571244659,177
4571244660,177
4571244663,177
20955169,178
367074596,178
9693971465,179
4230595026,179
377494060,179
27331469,179
435104736,180
435104732,180
435104735,180
7918978033,181
438170475,181
6218468163,182
1550763749,182
1547013711,182
9704122321,182
471488499,182
4847781268,182
1493722803,182
4847781269,182
1550763764,182
1550763708,182
1747873474,183
473219610,183
8814668141,183
5104314222,183
25161386,184
473258827,184
3644748773,184
473264457,185
1268903266,185
1561411396,186
585201189,186
8579276918,186
3068267824,187
670103313,187
690295042,188
9690878341,188
5122737222,188
9690878343,188
4195111363,189
748941508,189
748941546,189
748941552,189
819132568,189
1684781470,189
4195111355,190
748941556,190
811035012,191
5905897286,191
6446218921,191
6446218922,191
1556097034,191
1556097387,191
1556097139,191
1556097111,191
1556097271,191
1556097147,191
1556097215,191
1723315608,192
3247825561,192
3247825562,192
7636278193,192
7636278195,192
7636278196,192
7636278198,192
4807521484,192
1309067471,192
3741131600,192
5927671121,192
3741131606,192
7636244312,192
7636244313,192
7636244314,192
9042037852,192
914822496,192
2624005734,192
914822508,192
9030155763,192
5927671156,192
9030155766,192
9030155767,192
4826555772,192
1150003170,193
8784212017,193
1150003155,193
4826555767,193
1150003224,193
9808795611,193
4826555768,194
1150003195,194
25632870,194
1238249904,195
7900221108,195
1736734053,195
2140125056,195
1547013760,196
1547013601,196
1547013730,196
8785024514,196
1547013604,196
1547013704,196
1312453936,196
1547013653,196
1312453879,196
1547013593,196
9694096799,196
1353133536,197
4643336966,197
4643336968,197
4643336979,197
1353133533,197
1547013621,198
1547013694,198
1547013567,198
4402629177,199
4402594986,199
1547013655,199
1547013699,200
1550763732,200
1547393025,201
1547392771,201
4920098350,201
1547392848,201
1547392818,201
1547392914,201
1547392951,201
1547392728,201
1547392764,201
1547392894,201
1547392927,201
1556097337,202
1556097148,202
1556097245,203
5189042550,203
1951372909,203
5976760443,204
1556324659,204
1590088452,205
1561071644,205
1599652497,206
5504771250,206
1599652492,206
1617532089,207
1617532091,207
2341656968,208
4697287178,208
8620082704,208
4169836445,208
6868293535,208
4696568114,208
6327557047,208
6327557048,208
8620105277,208
4697288390,208
367102039,208
1617596505,208
4166662878,208
4166662881,208
3265436260,208
1828408303,208
5146127859,208
4696544885,208
4696545402,208
1678452786,209
3474115151,209
7610670751,209
7610670826,210
7610670830,210
7610670771,210
1678452790,210
7610670780,210
7610670781,210
1684835042,211
4197055203,211
1684835138,211
1684835110,211
8868809321,211
1684835019,211
6014333809,211
1684835121,211
1684835093,211
1684835030,211
1684835062,211
5609643672,211
1684835097,211
5609643675,211
1707790024,212
4658088777,212
250549835,213
1718566997,213
1718567007,213
9804685199,214
9804685200,214
9804685201,214
9804685202,214
1723388986,214
7620895974,215
25161384,215
1727515734,215
1755708736,216
4992781181,216
2990721391,216
1761598585,217
4316306163,217
4316306164,217
1137777341,217
1828402755,218
1828402756,218
1832248440,219
2576893628,219
1939632512,220
108418,220
4826555773,220
1939632510,220
1990694641,221
1990694635,221
1990694647,221
3130435826,222
1990694638,222
6431923714,223
6431923715,223
5471345385,223
9693974377,223
308837357,223
2146369238,223
9161061783,223
9846850972,223
9846850973,223
9846850974,223
2146369240,224
5468301601,224
10607626,224
6332545601,225
9030284967,225
3093894066,225
2254629351,225
2665239972,226
6509684093,226
2935324281,227
2737313094,227
288193455,227
3691462888,228
9804685203,228
9804685204,228
2755124949,228
9804685206,228
9804685205,228
2914561217,229
5924603458,229
5924603459,229
5924603460,229
5924603457,229
5924611312,229
5924603444,229
5924603445,229
5924603446,229
5924603447,229
5924603449,229
8500636794,229
5924603452,229
5924603453,229
5924603454,229
5924603455,229
4938216620,230
4166634958,230
3267461735,230
3272782432,231
1547013738,231
3272782429,231
3272782446,231
3644748769,232
3519288132,232
9693628389,233
3741117629,233
9693628390,233
9733914457,234
3817308667,234
5253290694,234
3892081362,235
3892081363,235
8675201264,236
7911282822,236
1556097326,236
4169714270,236
8026335686,237
4174200046,237
4879371168,238
4879371165,238
4421008566,238
4697525032,239
26374229,239
4697525030,239
4827019220,240
835390894,240
4866475736,241
4866475731,241
4866475733,241
5177352922,242
5177352923,242
5177352932,242
5177352933,242
25496750,243
5265840063,243
5609643673,244
5609643674,244
6645346885,245
6711365597,245
7572833353,246
7572833350,246
7911282827,247
4169714271,247
1587330970,248
8783914189,248
8604055550,248
8869040027,249
8869040028,249
9691082176,250
4872502280,250
