node_id,cluster_id
3817308660,0
7946372941,0
104318,0
104320,1
20965796,1
1215563878,1
20965803,1
3965024397,1
373364878,1
6369329169,1
4167762776,2
8429795033,2
8429795034,2
104323,2
107585,3
6218501751,3
107586,4
8043350341,4
5977954180,5
3987750692,5
7644741351,5
6110164650,5
9673091214,5
107602,5
3850146457,5
8429934918,6
2203888698,6
5816743941,6
107606,6
2364384488,7
8030470473,7
585124778,7
1951242858,7
1951242860,7
2364378222,7
2364371185,7
2364379602,7
2364379603,7
2364379604,7
2364379605,7
107613,7
107614,7
1864047135,7
1990912129,8
9135848931,8
8030470469,8
7638732491,8
2364384492,8
1951242859,8
3385332654,8
2364371186,8
1990912115,8
107615,8
107626,9
8807410154,9
1312454055,9
107632,10
6458938017,10
9413430622,10
8753664977,11
107634,11
9856119648,12
107638,12
7926506529,13
7926506531,13
7926506532,13
107641,13
7926506525,13
7926506527,13
2012969971,14
107643,14
7926554430,14
7926554431,14
4922952362,15
3644748774,15
107647,15
107667,16
1938819316,16
1726730281,17
7617755275,17
107684,17
4072476959,17
1726730354,18
107685,18
7617785710,18
4729448871,18
8785484288,19
4072476960,19
107686,19
8373690833,19
8373752817,19
8373690834,19
7613626070,19
7613626073,19
6369329153,20
107687,20
1311961991,20
1311962089,20
6369329163,20
1054045453,20
9310662202,20
1311962169,20
1163955130,20
1054045407,20
107690,21
8373690827,21
8373690828,21
8373690829,21
3519005409,22
107692,22
8785484316,22
8263157413,22
2294047369,23
8373651315,23
107693,23
26678168,24
6279388821,24
108390,24
6828863691,25
6828863692,25
6828863693,25
6828863694,25
6828863695,25
6828863696,25
6828863697,25
6828863698,25
9804578356,25
108406,25
2632464416,26
108409,26
390073160,26
2632464413,26
108420,27
9030284989,27
9030284990,27
4193151464,28
108835,28
3267461696,29
108867,29
264824452,29
3267461710,29
3267461721,29
3267461693,29
109408,30
9694031532,30
5207487900,30
25481504,30
1536948618,31
109411,31
1536948578,32
109412,32
109414,33
9030029183,33
9781190368,34
109415,34
25248128,35
9710332577,35
9710332576,35
109416,35
25248115,35
2218344508,35
2218344510,35
1536948608,36
6509584413,36
109734,36
24952269,37
109737,37
1536948541,37
9856119640,38
109780,38
9514602150,39
9514602151,39
9514602152,39
9514602153,39
109785,39
109818,40
3644748770,40
4077627063,41
3265436695,41
4150883407,41
237911,41
282708,42
4316306166,42
4530012703,42
2632464415,43
282719,43
9030155653,44
5925584204,44
2538458898,44
2961557,44
1939558647,44
1939558648,44
2195965722,44
2961891,45
1312454086,45
7610670921,46
10572178,46
7610670919,46
4630855193,47
4643337035,47
10572180,47
1236791478,47
350437608,48
10572779,48
10572785,49
8972511963,49
25496748,49
8972441127,49
8785568224,50
10572786,50
1985084095,50
9693865890,51
8868824899,51
6369329158,51
1366095189,51
10607127,51
5353604060,51
2466449286,52
2466449287,52
2466449288,52
1326821513,52
2466449289,52
2466449290,52
1326821515,52
2466449293,52
20460686,52
2466449295,52
2466449296,52
2466449297,52
20460690,52
20460692,52
1326821525,52
20460694,52
20460695,52
10607128,52
20460696,52
20460697,52
1326821539,52
1326821541,52
1326821557,52
1326821559,52
372978232,52
1326821566,52
256766529,52
372978120,52
1326821577,52
2466456399,52
2466456400,52
2466456401,52
2466456402,52
2466456403,52
20460681,52
1081508186,52
1326821471,52
1326821613,52
1081508209,52
1326821502,52
10607129,53
2466456412,53
2466456413,53
2466456414,53
7947057586,54
10607629,54
9042027865,55
18393873,55
18398282,56
4992781189,56
8869472239,56
18468958,57
25161351,57
18468962,58
7926506530,58
18469130,59
9856119638,59
2642878568,60
2642878569,60
18469132,60
20458277,61
250549587,61
1312188692,61
2934268020,61
4618510643,61
7926563545,61
20460680,62
6978563384,62
6978563380,62
25497828,63
9693963708,63
20460687,63
5238528591,63
1326821564,63
9693963701,63
9693963702,63
9693963703,63
9693963706,63
9693963707,63
1326821596,63
9694032608,64
9694032609,64
20625800,64
585200818,64
9694032606,64
9694032607,64
20626301,65
1536948646,65
9856119647,65
3796814729,66
20626310,66
7572522566,67
20626312,67
1536948652,67
4866475730,67
7572522547,67
1536948631,67
7572522585,67
20626315,68
7572522492,68
9805219994,69
9197326420,69
20955158,69
1649365881,70
20965794,70
8868824843,70
6369329164,70
373364225,71
1311962082,71
373364868,71
20965797,71
373364228,71
8868824871,71
8868824870,71
6369329161,71
373364870,71
373364874,71
1311962182,71
2398924845,71
3965024398,71
6369329167,71
3965024399,71
6369329166,71
1215563895,71
1311962013,71
2398924898,72
20965801,72
7946378607,72
7946378608,72
2398924893,72
9310682079,72
4369519204,73
1813618497,73
20965804,73
1326821585,73
20965805,74
20965806,74
21307200,75
9030155753,75
9856119635,75
4661317536,76
3328228994,76
3328228996,76
21392267,76
4663312696,76
4663312697,76
4663312698,76
5603454625,77
6606135979,77
21392279,77
21523714,78
4726152840,78
4726152844,78
6465896909,78
6218501717,78
7797330549,78
9694087358,78
8042022825,79
21523718,79
1014649631,79
5335233120,80
2934288514,80
5009060057,80
21523719,80
5573991659,80
5573991660,80
4138224462,80
5335233119,80
5335233113,80
5335233114,80
2934288509,80
5165786239,80
21563791,81
8373690826,81
4530270908,81
21563479,81
21563481,82
21563489,82
4719617974,82
4530270913,83
21563508,83
8373690831,83
1419565097,84
21583366,84
4017328647,84
21685481,85
1837610895,85
4331121754,86
21685483,86
4462683090,87
21686572,87
21686574,88
4462680070,88
1493676622,89
21990614,89
4556931602,90
4556931604,90
21990622,90
8923643490,91
21990628,91
9030155754,91
1719422038,91
9856119639,91
8923643489,92
5565443389,92
21990629,92
9042053623,92
5565443390,93
9693628386,93
21990630,93
9042025325,94
21990631,94
21990632,95
9030155751,95
21990633,96
1326821489,96
25497599,96
9693963680,97
9693963681,97
9693963682,97
9693963683,97
1938953413,97
1938953414,97
1938953417,97
710657963,97
9820538028,97
21990638,97
9161061776,97
1938953403,97
1938953406,97
9693963678,97
9693963679,97
24659907,98
24659947,98
1311961990,98
9693920801,99
9693920794,99
9693920795,99
9693920797,99
24660863,99
24950013,100
24950005,100
2389802904,101
24950050,101
2279592862,101
24950064,102
5218844446,102
24950065,103
5227220845,103
8807429664,104
2387226304,104
2387226307,104
2387226309,104
2387226311,104
2387226313,104
9691082671,104
24950097,104
5925584203,105
24950101,105
24950105,106
5095547321,106
1951616327,106
8807431559,106
9693920803,107
24950110,107
24950111,107
24950112,108
25248126,108
24950113,109
4748394420,109
8807431541,109
385311796,109
316763501,110
24950117,110
24951853,111
4922952373,111
9693760971,112
24951854,112
24952195,113
6985465124,113
6985465125,113
3385387605,113
3385387606,113
1556324759,113
24952267,114
6166157035,114
5090420610,115
25066419,115
25066451,116
25066453,116
1852997088,117
25066784,117
25066694,117
25066696,117
4866591373,117
4866591374,117
4866591375,117
4866591376,117
3233714196,117
3233714198,117
3233714192,118
3233714193,118
3233714194,118
3233714195,118
3233714197,118
25067068,118
25067265,119
2566132609,119
1569382119,119
1569382170,119
1569382174,119
2504822145,120
25067266,120
1852996996,120
2504822137,120
6509584414,120
25067304,121
2566132610,121
2566132611,121
7824747305,122
6967585842,122
25067307,122
25067396,123
25067397,123
5146186470,123
5146186463,123
5104314275,124
25067461,124
5104314255,125
25067463,125
5104314384,126
25067470,126
5104314353,127
25067727,127
1569343756,127
25067479,127
1569343909,128
25067558,128
5104314096,129
25067670,129
1569312412,130
25067871,130
1569343523,131
5141216745,131
25067883,131
5141216790,131
25067936,132
5141216782,132
25161345,133
1771426172,133
7836164765,133
25161347,134
5090420965,134
8336028516,135
25161352,135
6739026230,135
1938819320,135
1938819325,135
2387207421,135
5247857728,136
9691101411,136
9691101412,136
25161357,136
2387194158,136
5141877019,136
25161360,137
7906964248,137
7906964250,137
7906964247,137
25161361,138
7223298253,138
25161362,139
9856119651,139
2387209415,140
1360122924,140
25161366,140
9024139132,140
9024139133,140
1718233922,141
8869435268,141
7553887415,141
25161368,141
7836164763,141
7836164764,141
1684511838,141
8438226815,141
25161371,142
9856119636,142
25161378,143
25161379,143
8807431548,143
1678226846,143
6032044867,144
25161380,144
25161381,144
25248122,145
9781190367,145
7911267688,146
7911267696,146
25265023,146
7911243857,147
25265077,147
3887941013,147
25265079,147
4085783099,147
2059790748,147
1938819340,148
25470781,148
4383369519,148
4379801334,149
25470783,149
25471681,150
4630855202,150
4630855203,150
4630855204,150
4630855205,150
367106464,151
25471733,151
4650375357,152
25471734,152
25471736,153
25503860,153
7271474849,154
25472324,154
4675821944,155
25472379,155
4675821925,155
762080111,155
1882379274,156
1882379248,156
1882379285,156
4425001783,156
25472763,156
3247578846,156
4425001782,157
25472767,157
7447716112,158
25472789,158
9161061774,158
25472800,159
4571194090,159
4571194091,159
2940401398,159
1684835105,160
1684835107,160
3739048019,160
3739048020,160
3739048021,160
25472885,160
25473203,161
5067002855,161
9042129986,162
1215563885,162
25473204,162
25473205,162
1759454078,162
1759454122,163
6871422365,163
25473206,163
1759454106,163
1759454118,164
25473207,164
869968536,165
25473281,165
8579276917,166
9694104278,166
25474015,166
9694091975,167
9694091976,167
9694091977,167
9694091978,167
25475053,167
1312471228,167
25475072,168
9690769059,168
7236131864,168
585180151,168
6332695637,168
6332695638,168
9135848919,168
6332695639,168
9135848921,168
9135848922,168
9135848923,168
9135848924,168
9135848925,168
7236131861,168
7236131862,168
8263166218,169
25475331,169
8263157412,169
9135845216,170
9690878344,170
25475417,170
9135845213,170
9135845214,170
25475561,171
9690878337,171
1312471265,172
9699953505,172
25475661,172
1312471252,172
1312471223,172
9690915259,173
25475663,173
4715264000,174
9690915271,174
9690915273,174
9690915274,174
9690915275,174
6014302222,174
6014302223,174
25475664,174
6014302226,174
6014302227,174
6014302228,174
8429945717,174
4136137529,174
4167762778,174
1312932894,174
9690915263,174
9576827481,175
25475674,175
9576827482,175
8784000965,176
25475678,176
4297212128,177
4297212129,177
25475692,177
4297212194,178
4297212084,178
25475693,178
4297212204,178
435104728,179
4297211186,179
4297211187,179
25475694,179
9823138208,180
355416921,180
9823138209,180
25475695,180
25475696,181
25475698,181
1326821607,181
25475697,182
1326821594,182
1326821466,182
25475699,183
6239229422,183
6273056647,183
25475754,184
1816777875,184
4297243298,185
4297243218,185
4297212114,185
25475767,185
748797145,185
4297243295,185
5816744257,186
5816744255,186
5816743942,186
585199079,186
5816743949,186
8429945617,186
8429945618,186
25475770,186
1689605567,186
5931509721,187
25476124,187
3515286914,188
3515286915,188
3515286916,188
1493676623,188
25477106,188
1954751908,189
7644884069,189
3320743081,189
1312188858,189
25477149,189
25477197,190
2402557839,190
5925628361,191
6304787860,191
25477301,191
3858880675,192
25477335,192
57786953,193
25477339,193
9203578107,193
28419328,194
25477371,194
5257738387,194
5257738390,194
806373533,195
25477774,195
25477858,196
3661703766,196
1832052008,197
338472567,197
25495542,197
1832129783,197
25495640,198
25495858,198
25495770,199
1816038230,199
1364169899,200
1953202907,200
25495807,200
1834657467,201
25495820,201
1834657469,201
6354294763,201
4275394254,202
25495822,202
447887921,202
350437528,202
5899738713,202
6828927809,203
1148249927,203
25495824,203
1707790105,203
6828921210,203
5736847361,204
5736847362,204
5736847363,204
5736847364,204
25495852,204
749947393,205
749947402,205
25495854,205
25495855,205
470727776,206
25496100,206
25496622,207
5006065041,207
8785484314,207
7223695323,207
7223695327,207
25496820,208
321255925,208
4730978978,209
4730978981,209
4730978982,209
25496850,209
1655214934,209
25497563,209
9161061779,210
9804471701,210
25496854,210
5948183671,210
9804471702,210
1938953399,210
9820538016,211
9820538017,211
9820538018,211
9820538019,211
9820523915,211
9820523916,211
7947041713,211
25497340,211
1938953437,211
25497564,212
5504212623,212
9804653408,213
25497612,213
1813618228,213
1813618229,213
1813618230,213
9804653406,213
9693963689,214
7075087298,214
25497619,214
25497872,215
9693963704,215
2398924843,216
25500427,216
20965799,216
25500517,217
2466445190,217
8336028504,218
1726730307,218
25500535,218
25503841,219
8373690842,219
1726730303,219
7617785713,220
25503845,220
25503848,221
1726730329,221
7617785714,221
25503880,222
7617755274,222
1726730162,223
25504143,223
25504144,224
7607077372,224
1835355916,225
25504149,225
4232015838,225
367105859,226
1268892466,226
1268892467,226
25504756,226
25504760,227
4085767970,227
9684083971,227
7223709664,228
25504769,228
1707790029,228
25505561,229
107644,229
9691102358,229
25505593,230
25505630,230
25505618,231
25505643,231
1828402762,231
3704225380,232
1828402765,232
1938819284,232
1938819285,232
25505622,232
1938819286,232
25505624,232
3704225376,233
3704225379,233
1828402760,233
9611081868,233
1938819282,233
25505629,233
3704225375,233
25505673,234
1311961910,234
1852996856,235
25505685,235
1828402763,236
1828402764,236
25505695,236
2343269909,237
9201323564,237
25509525,237
25509526,238
9201323575,238
9856119617,239
7946372933,239
7946372939,239
4076126448,239
9197589457,239
9805219989,239
25509527,239
25509533,239
25532384,240
5238587994,240
1418752708,241
5340811717,241
1312454090,241
1312454061,241
25544110,241
1312454029,241
1312453999,241
1418752721,241
1312454031,241
5340811829,241
5340811830,241
2140421224,242
25577057,242
2140421219,242
4328443355,242
2632464427,243
25632683,243
9856119643,244
25632862,244
25632864,245
25632865,245
7271474856,246
26374236,246
7271474855,246
27351282,247
251757458,247
251757452,248
27351284,248
3550836102,248
2967343648,249
1312454048,249
1312454114,249
9710359368,249
5335245256,249
27458331,249
1312453919,249
9080098305,250
9080098306,250
9080098307,250
9080098308,250
1014803714,250
1014803718,250
9080098312,250
9080098313,250
27459116,250
3528711693,250
255051289,250
1014803736,251
2935392676,251
9080098309,251
3528738438,251
1014803721,251
27459638,251
2914561272,251
27459165,251
9693974851,252
9703794692,252
27459198,252
9080123623,252
3247933387,253
27459830,253
9694087359,253
27459905,254
1312471267,254
1312471210,254
1312471217,254
1312471197,254
27459945,255
6218501753,255
27459951,255
27459969,256
27459966,256
2934288530,257
27459971,257
3906588452,257
2934288518,257
9694087361,258
27460198,258
27460250,259
4054356847,259
2969439040,260
2612458246,260
9080123627,260
27460439,260
5904585328,260
3220254039,260
3486459766,261
27480957,261
7815143581,261
27480960,262
9678821156,262
9678821159,262
9678821160,262
9678821161,262
3486459769,262
3892081378,263
4344245894,263
7817162929,263
1014803704,263
28418138,263
3892081373,263
7797338599,264
1014803691,264
302013681,264
4244498866,264
28418141,264
28418144,265
4344245892,265
4344245893,265
9693910743,265
28418497,266
3858880678,266
9693971450,267
9693971451,267
28418877,267
28418880,268
4629462859,268
4534184516,268
28418879,268
3984132034,269
3984132035,269
302013708,269
28418929,269
4244498867,269
1755708646,270
1755708647,270
1755708648,270
28800660,270
973128725,270
9693929369,270
1755708737,271
1755708738,271
1755708739,271
9693903657,271
28800664,271
2990651920,272
2990651921,272
28800666,272
1755265444,273
5041945479,273
2990721389,273
1755265428,273
1755265432,273
28800670,273
5046314073,274
5046314090,274
28800671,274
28800672,275
9856119642,275
4077599544,276
30078473,276
5006063179,277
5006063180,277
5006065037,277
5006065038,277
33141178,277
1148276284,277
59526352,278
4530012690,278
6261920915,278
1401416203,279
8318797237,279
212927414,279
347335859,280
8868010205,280
213668839,280
250549699,281
250549700,281
8868010279,281
8868010280,281
8868010281,281
8868010218,281
213668842,281
213668844,281
8868010221,281
1685272862,281
245200970,282
4211515891,282
8256049399,282
3858880674,283
249558409,283
9808795598,283
6304787861,283
3735886877,283
7815533548,284
249558966,284
7900221088,285
249560091,285
7797338600,286
2140124996,286
249679365,286
250325410,287
3787645606,287
3787645607,287
3787645608,287
3787645609,287
3787645610,287
5492419692,287
9856119632,288
250325411,288
9710304459,288
250327576,289
9693628387,289
9693628388,289
347335878,289
250327618,290
9030155756,290
7151566952,291
250327660,291
338319877,291
250550400,292
2387242386,292
8869472247,292
251892475,293
5925626141,293
4230027057,294
251892564,294
3708234957,294
4072083345,295
259252667,295
1678452753,296
268124583,296
4378043667,297
269547419,297
4378043661,297
4378043662,297
8373690824,298
269589467,298
9051462722,299
6855696495,299
6855696498,299
627985397,299
275179893,299
275179767,299
6855696504,299
3076574323,300
275180300,300
25632774,300
446765895,300
9856119626,301
283061836,301
295977520,302
8429795035,302
8429795032,302
302013672,303
3486459762,303
6345441358,303
302013776,304
9080098314,304
27459120,304
9703794686,304
5247852872,305
316763500,305
316763513,306
9693730842,306
5046005758,306
7836155865,307
316763548,307
1782724125,307
316763561,308
2990806411,308
2990806413,308
1758554286,308
2990806415,308
2990806416,308
9041828942,308
316763600,309
316763586,309
316763595,310
316763590,310
5006978857,311
1311961826,311
319984684,311
5006065040,312
5006063173,312
8785567902,312
321255919,312
1951616232,313
329983075,313
5473273373,313
1951616263,313
8975700260,314
343669791,314
1832228016,315
343669798,315
3735889430,316
347542743,316
354886082,317
1312188741,317
1312189098,317
1312188694,317
1312188955,317
1165343843,318
4729480808,318
355416887,318
9820538031,318
4571244663,318
4571241384,319
4571244658,319
9820537941,319
9820537942,319
9820537943,319
9820537944,319
355416890,319
355416920,320
4298970384,320
4298970380,320
367114771,321
5342236740,321
377490664,322
9080123628,322
4210859292,322
419347194,323
419347195,323
419347200,324
473262779,324
3267461749,324
419347199,324
4089226784,325
419350723,325
9684083975,325
9684083976,325
9684083977,325
4089236236,325
419350669,325
419632306,326
419632303,326
5055364608,327
5177397825,327
5177397827,327
5055364612,327
5177397835,327
419632307,327
8620105236,327
8620105269,327
8620105268,327
1239549084,327
5177397823,327
419632906,328
8620272571,328
4034060007,328
9703794696,329
429346241,329
9703794695,329
3987750679,329
1723340842,330
435104742,330
470727954,331
9197589363,331
6988528039,331
1655418222,332
3816097103,332
2140420434,332
470729237,332
1938819290,332
2215139515,332
471488469,333
3145798533,333
471488472,334
1550763620,334
471488499,335
1493722803,335
9703794689,336
472493763,336
9080123619,336
6969936109,336
6969936112,336
25161386,337
473258827,337
3644748773,337
473264641,338
4627445258,338
4627445259,338
4627445260,338
4627445240,338
4627445241,338
1938819299,339
1938819302,339
1938819304,339
5207476619,339
473265708,339
9684083982,339
9684083992,339
4627491642,339
8975529082,340
8975529083,340
529722111,340
4085387945,341
585148380,341
4462680068,342
7840712839,342
1360122901,342
595709975,342
5573994014,342
5573994017,342
5573994019,342
1360122919,342
1360122925,342
1938953395,342
1360122937,342
8975645638,342
8975645641,342
4512763348,342
1360122841,342
1360122860,342
5839156209,342
1360122866,342
1360122871,342
8869472240,343
632438506,343
20460684,343
4992781175,343
3068267824,344
670103313,344
1233350889,345
675734610,345
1233350862,345
675734622,345
690295042,346
9690878343,346
7824747303,347
9753609739,347
9753609738,347
7824747307,347
9753609740,347
9753609741,347
9753609742,347
9753609743,347
700774224,347
9680972177,347
9680972178,347
9753609745,347
1827389620,347
9753609744,347
1782727992,347
4715263992,348
4136137530,348
4715264004,348
722208263,348
819132568,349
748941508,349
748941552,350
4195111363,350
4661317153,351
761830938,351
4661317155,351
1617647901,351
761831000,352
761831039,352
2496836226,353
806373565,353
2496836231,353
3930921860,354
843376599,354
873684193,355
1939632514,355
9030155760,356
9030155762,356
914822492,356
4992781180,356
9042037853,356
914822496,357
5927671121,357
914822508,357
950703625,358
950703626,358
5146186489,358
1726783391,358
2990780037,359
2990780039,359
1758554289,359
1758554291,359
968499093,359
1758554294,359
1755708768,360
1759454351,360
973128722,360
1755708765,360
1755708766,360
5006978856,361
973158035,361
3894948091,362
3894948093,362
1014803686,362
8373623781,363
1020211942,363
1617596711,363
9808795600,364
1039290578,364
5257738379,364
5257738384,365
1039290586,365
9027340515,366
9027340516,366
1042862673,366
9766629717,366
9027367517,366
9027367518,366
1042862696,367
3858880677,367
109766,368
7911297486,368
1042862726,368
8515091589,369
1043001422,369
4866976610,370
4866976617,370
1939558666,370
2218364543,370
5473274866,370
2218364541,370
1733389278,370
1046391070,370
1150003147,371
8975833904,371
8975833905,371
6978563379,371
6978563382,371
1150003155,372
9808795611,372
1309067472,373
1150003270,373
1150003472,374
9042129984,374
1150003480,375
1150003547,375
5565487612,375
1150003513,376
1255490314,376
4682627266,377
1150003532,377
1360122929,378
1163955034,378
1360122933,378
2140432704,379
1214922421,379
8620105240,380
8620105242,380
8620105243,380
8620105244,380
9754453026,380
9754453027,380
9754453028,380
9754453029,380
9754453030,380
9754453031,380
9754453032,380
9754453033,380
8620105265,380
3972566710,380
1214922426,380
5177397821,380
5177397822,380
5177397828,380
5177397830,380
1707790023,380
5177397832,380
6951230826,380
2360681713,380
4034060018,381
8620105259,381
1214922429,381
9855343702,382
25632858,382
1215563894,382
1782716888,383
1233327202,383
9710304460,383
1787108646,383
1233350848,384
2872699894,384
7946372936,385
1236791459,385
7946372934,385
1236791506,386
4378043283,386
4378043789,386
1236791552,387
5516594509,387
9197589454,387
9197589455,387
1236791555,388
5880186828,388
5880186827,388
1238249904,389
1736734053,389
1238259337,390
3499567135,390
1268892338,391
1268900660,391
2387232559,392
1280491924,392
8236052983,392
8236052987,392
8236052990,392
3741131600,393
1309067471,393
1311961947,394
1311962012,394
1311962111,394
1311962016,395
1938819328,395
8336028512,395
6369390693,395
1782728999,395
1311962122,395
6369390702,395
8336028511,395
2387207423,395
4726152857,396
1312188619,396
8318757606,396
25477153,397
1312188622,397
1312188735,397
1312188704,398
1312188883,398
1312188797,398
1312188714,399
2406484453,399
1312188824,400
1312189057,400
1312188722,400
8868001104,401
1312188731,401
8868001103,401
1312188768,402
4726152854,402
25477156,403
1312188774,403
9781190369,404
1312188821,404
3499500263,404
1312188988,405
1312188845,405
1939558664,406
2218344498,406
1312188886,406
2218344503,406
1312264648,407
1312264577,407
9042133642,407
2218362336,408
2218362306,408
1939558659,408
1939558663,408
9021504716,408
1312264600,408
9030121410,409
1312264610,409
6985373983,409
1782718791,409
3870640547,410
3870640548,410
1312335310,410
9030155759,410
3870640530,410
1547013743,411
3708234964,411
471488484,411
1312454015,411
3381130089,412
1678245252,412
9781190366,412
1312454038,412
1312454058,413
7911243863,413
9690974275,414
9690974276,414
9690974277,414
4920098342,414
4920098343,414
6266867112,414
6266867113,414
6266867114,414
6266867111,414
9699944538,414
1312471196,414
1312471208,415
9694087362,415
6470264535,415
1312932832,416
7644741346,416
1312932879,416
1312932849,416
4534184507,416
1319881922,417
4730978979,417
1319881924,417
4730978983,417
25496851,417
9820523872,418
9820537922,418
4571238064,418
1326821457,418
4571238068,418
1938953430,418
1938953431,418
1938953432,418
9820523869,418
9820523870,418
9820523871,418
1326821568,419
1326821487,419
1326821579,420
1326821524,420
2466456405,420
2466456407,420
2466456408,420
9820537934,421
109403,421
1326821542,421
1326821544,422
8868010287,422
1326821569,423
2466449291,423
2466449294,423
1326821490,423
4807796633,423
20965800,424
6369329165,424
1782729295,424
1326821587,424
2398924853,424
2398924855,424
1326821592,425
2387245025,425
9030155758,425
1939632519,425
4826555769,426
1326821619,426
9693963699,427
1326821620,427
6272993491,427
1343823418,428
250550023,428
1721713699,429
9030155749,429
1350430181,429
9042053624,429
6985373982,429
1353133536,430
4643336966,430
4643336968,430
4643336979,430
1353133533,430
1360122873,431
1360122845,431
9856119620,432
1360122917,432
1360122856,432
1360122861,432
9805219992,432
4076095834,432
1360122886,433
4076095791,433
6724775016,434
2458257578,434
1364161197,434
2458256449,435
8975700259,435
8975700261,435
6724775014,435
6724775015,435
6724775017,435
2458273291,435
5265953457,435
1364168178,435
5265953459,435
1364168180,435
2458303223,435
4866976613,436
4866976614,436
1365887500,436
2387224474,436
2387224475,436
8869435258,436
8336028514,437
1401926435,437
9021504714,437
9021504715,437
2387194123,437
2387194131,437
6369401334,437
1493658224,438
1685281076,438
5816743945,439
1505332730,439
7824803490,440
7824803492,440
7824803500,440
1536948431,440
5146186589,440
4085778920,441
1536948529,441
7824803493,441
5146186590,441
1536948517,442
7572522534,442
7572522540,442
1536948536,442
4866475737,442
1572551227,442
1852996954,443
1536948612,443
1547013592,444
1547013724,444
4402629177,445
1547013655,445
1547013699,446
1550763732,446
1547013704,447
1547013653,447
9694096799,447
1547013760,448
8785024514,448
1547392728,449
1547392818,449
1547392894,449
1547393025,450
1547392771,450
1547392914,450
1547392951,450
1547392927,450
1556097034,451
1556097147,451
4777897927,452
4777897928,452
1556097098,452
1556097137,452
1951372915,452
1556097118,452
5905897286,453
1556097111,453
1556097337,454
1556097148,454
1556097153,455
1556097448,455
1556097227,455
1556097177,455
1556097051,455
1556097178,456
1556097166,456
1556324684,457
2528522503,457
1556324793,458
9694091973,458
4085783105,459
7911267690,459
6446292570,459
9659831675,459
1569216316,459
5473273425,460
24950114,460
1569216662,460
1569343576,461
5104314098,461
5104314325,461
7946372937,462
1596648673,462
7946372938,462
7946372935,462
1599652497,463
5504771250,463
1601832328,464
4297054053,464
3265436678,465
3265436680,465
3265436686,465
1617532087,465
1617532088,465
1617532090,465
4697288390,466
5146127859,466
367102039,466
1617596505,466
4696545402,466
4665353645,467
8373728533,467
1617596591,467
1617596593,468
3328228993,468
4661317524,468
3328228998,468
1617596659,469
1617596646,469
25475182,470
1617596686,470
8373690820,471
9856119621,471
1617596714,471
8785503918,471
8785503919,471
8373690843,471
8373690844,471
1617647898,472
1617647900,472
8373728532,472
1617647928,473
1617647931,473
1617647924,473
1617647944,474
8373728530,474
1617647945,475
8373690845,475
8373690846,475
1832666032,476
8787692633,476
1637578546,476
8787692634,476
2387207425,477
2387207426,477
6369390690,477
6369390695,477
9021498664,477
6369390699,477
1938819317,477
1678155318,477
1951616261,478
1951616284,478
1678226917,478
1951616270,478
6369361792,479
1678227031,479
5141354328,479
5141354330,479
5141354331,479
8807431550,479
1678283242,480
1678283244,480
1678283247,480
4726152848,480
6218501713,480
6218501746,480
6218501715,480
6470264536,480
5342236733,480
1678452770,481
4085767980,481
4085767983,481
4085767992,481
2620105428,481
1678452760,481
9684083967,481
1678452786,482
7610670751,482
7610670876,483
1678452789,483
7610670826,484
7610670780,484
7610670781,484
1678452790,484
7610670906,485
1678452791,485
1678452793,486
7607077361,486
1678452795,487
8336028508,487
8336028507,488
1678452796,488
2140421222,489
8785457867,489
9024139149,489
9024139150,489
1678452797,489
1684437690,490
6124650606,490
1684511955,491
1782724124,491
8868809321,492
1684835019,492
1684835030,492
1684835138,493
1684835110,493
1684835121,493
1684835093,493
1684835062,493
1684835097,493
7223728617,494
8336028509,494
1707790052,494
1771426165,494
1707790055,495
1707790057,495
4650375309,495
1707790063,495
1707790064,495
4650375508,495
3518967818,496
9024139147,496
1707790062,496
1707790067,497
6327615075,497
1707790096,498
9024076385,498
9024076384,498
4822267109,498
1711679434,499
9375170322,499
9375170324,499
5043864464,500
1718328435,500
7836155867,500
7836155868,500
7836155870,500
250549835,501
1718566997,501
1722268384,502
1722268388,502
2387232555,502
2387232556,502
2387232557,502
1722268367,502
2402557599,502
2387232561,502
1280491926,502
1722268381,502
8236052991,502
9681020157,503
1722621630,503
7911231384,504
7911267694,504
1722621718,504
7911267695,504
1723315608,505
7636244313,505
9030155763,505
9804685199,506
9804685200,506
9804685201,506
9804685202,506
1723388986,506
8785441944,507
1725360097,507
8336028505,508
1726730165,508
7620895974,509
25161384,509
1727515734,509
1731216865,510
24659709,510
4866705606,510
1755708730,511
1755708732,511
1758552682,512
1758552678,512
7836155866,513
1771426166,513
2140227862,513
6369329152,514
7553887498,514
7553887509,514
9310662201,514
1771426174,514
1771453217,515
4530012692,515
4530012704,516
1771453218,516
4530012695,516
9375170323,517
1771453860,517
9375078975,518
5160943806,518
1771458655,518
5160943794,519
1771458658,519
9375078973,519
6280047278,519
5006063170,520
1782712524,520
7223695326,520
1951616291,521
1782714747,521
3381130090,522
3381130091,522
1782717878,522
1782718792,523
6985373980,523
6985379286,523
1782725824,524
2387194148,524
2387194126,524
2387194127,524
7836155869,524
2387194128,524
9781190365,524
2398924896,525
6369329154,525
20965798,525
4428887946,525
1782729296,525
8373690817,526
8373690818,526
7223668011,526
5006065039,526
1782730512,526
3497483291,527
1793420652,527
2293833760,528
1810130457,528
6369329155,529
4076095242,529
6369329170,529
4076095253,529
1813618231,529
1813618232,529
1813618234,529
3320947996,529
5041784633,530
1813618358,530
4158000323,531
1816959492,531
1536948605,532
1828402758,532
4211515569,533
8256049397,533
1830276654,533
2458260532,534
5265953452,534
1832129878,534
26678169,535
5265953450,535
1832248428,535
2458301100,535
1832248457,536
5573931377,536
5374183742,536
8975529088,537
1832248458,537
7203717550,537
5374174224,537
8975529084,537
4860803960,538
1835356021,538
9684101713,539
3704225378,539
1938819279,539
4401156476,540
4729448869,540
1938819294,540
1938819296,541
3474115148,541
1938819293,541
1938819301,542
4866651959,542
8807441176,543
1938819313,543
1938819306,543
4866653236,543
1938819326,544
1938819319,544
1938819330,545
1938819331,545
6369390692,546
1938819335,546
1938819336,546
6369390698,546
6369390701,546
2387207417,546
2387207418,546
25509513,547
9197589238,547
1938819350,547
5218862786,548
1939558646,548
1939558657,549
2218362310,549
7223326409,549
2218362314,549
7223326411,549
1939558667,549
1939558650,549
1939558651,549
1939558684,549
1939558660,550
1939558661,550
1939558678,550
7223365368,550
7223365370,550
4866784251,550
7223365372,550
7223365371,550
1939558672,551
2218344501,551
1939558671,551
1939558673,552
2218344509,552
2218344518,552
7223326407,553
7223326410,553
7223326414,553
1939558674,553
1939558687,553
3139705121,554
2218344516,554
2218344522,554
1939558677,554
1939558681,554
1939558697,555
2218362321,555
1939558701,555
7223326408,556
2218362316,556
1939558700,556
7223326413,556
2218362332,556
1939632512,557
4826555773,557
2466456409,558
2466456406,558
2466456404,558
1939632526,558
8030470464,559
1951242856,559
1951242857,559
2364384490,559
2364387947,559
9135848938,559
1990912106,559
9135848937,559
9632417162,559
9632417163,559
7638732490,559
4832472797,559
1137777343,559
7824803494,560
7824803495,560
7824803501,560
4166634957,560
9072449309,560
1951372959,560
7745051680,561
2378843909,561
1951616234,561
1951616236,561
1951616268,561
1951616292,562
1951616295,562
1951616276,562
1951616278,562
5473273433,562
1951616287,562
1951616297,563
5473273435,563
8807431546,564
24950109,564
1951616325,564
8807431551,564
1954751916,565
5060405461,565
1954751918,565
9856119619,566
1985084100,566
2003007012,567
9710348828,567
4835108998,567
2135411296,568
6525670241,568
2135411294,568
9808795607,568
9808795608,568
6525670237,568
6525670238,568
2135411297,569
4703542483,569
9808795606,569
2331184934,569
5471345385,570
2146369238,570
2146369240,571
5468301601,571
24661273,572
2195965723,572
2203268985,573
3816097109,573
6332545601,574
9030284967,574
3093894066,574
2254629351,574
4034060017,575
2265065203,575
4034060012,575
8620105233,576
2360685543,576
5177397420,576
2265065207,576
2293833763,577
4156336279,577
1723388979,578
2331184927,578
2331184931,579
2331184932,579
2331184935,579
6525670234,579
6525670235,579
6525670236,579
2341656968,580
3265436260,580
6327557047,580
8336028515,581
2387194149,581
2387194133,582
2387194157,582
2387213896,583
2387213904,583
2387232563,584
8236052988,584
2387245026,585
2387245027,585
2387245029,585
4749090120,586
2402557597,586
3093897991,586
2406484452,587
2406484460,587
2406484454,587
2406484455,587
2458257573,588
2453941139,588
6279388822,588
6279388823,588
6279388824,588
2453947049,589
8787384685,589
8787384686,589
2453947051,590
4211515660,590
6866516260,590
8787384683,590
2458257570,591
9781435146,591
108389,591
2466442731,592
9024139134,592
9024139135,592
1954751914,593
2466456411,593
1556324683,594
2528522518,594
6863550501,595
9756243981,595
9756243982,595
9756243983,595
9756243984,595
9756243985,595
2586616722,595
9756243986,595
6863550510,595
9756278362,595
9756278363,595
9756278364,595
6110164660,596
6110164659,596
2612458244,596
5973397966,597
2632476639,597
2632486641,598
3586606039,598
2665239972,599
6509684093,599
9804685203,600
9804685204,600
2755124949,600
9804685206,600
9804685205,600
108864,601
2775653836,601
2793874522,602
7797731341,602
7797731343,602
2914561217,603
5924603460,603
419347196,604
2919962039,604
2919962041,605
2919962042,605
2919962043,606
419347198,606
5165786242,607
2934288523,607
5929540796,608
2935373159,608
4220613456,609
5840176866,609
9681020156,609
2941549918,609
2990806410,610
316763563,610
8975833914,610
4246525223,610
3073173585,611
3528738434,611
9030037142,611
3528710290,611
5049840242,612
3153656028,612
6985395258,612
5065949596,612
6369361790,612
5065949598,613
5049840245,613
3153656030,613
3215685153,614
4688513241,614
4726152847,614
3247825561,615
3247825562,615
3741131606,615
4430996033,616
3247933381,616
3265436688,617
2775635677,617
3267461709,618
2919962046,618
3267461729,619
4938216619,619
4663309171,620
3328229004,620
4688513237,621
3381130086,621
3381130087,621
3381130092,622
3381130493,622
8976060358,622
2528522528,623
9694091972,623
3385387604,623
6985465129,624
3385387607,624
7911297478,625
7911297487,625
3486459764,625
3486459765,625
27480956,625
8263157415,626
8785484315,626
8373651316,626
3497461727,626
3517985666,627
9024139131,627
4691514032,628
3519013665,628
5006063178,628
3644748769,629
3519288132,629
4430996024,630
4155841820,630
3632581622,630
4729628192,631
7223298252,631
3644785104,631
6369361788,631
6369361791,631
7926554424,632
3656358065,632
5046447437,632
9203578106,633
3673602988,633
9693628389,634
3741117629,634
9856119633,635
5492419693,635
3741117630,635
4682627265,636
3763407460,636
4246525220,636
5041784423,636
5067002867,636
968499092,636
8975833913,636
8975833915,636
3813810132,637
5055364614,637
5207476606,638
5207476615,638
5207477021,638
3813810133,638
9754527740,638
9754527741,638
9754527742,638
3816097104,639
8336028510,639
4688513218,640
3816097108,640
3817308659,641
4076126468,641
7946372942,641
7946372940,641
8579233861,642
8579233862,642
6600283121,642
4619022514,642
3830043581,642
4167762777,643
3855607516,643
3892081372,644
9693935550,644
9693935551,644
4658088539,645
3972566715,645
6327615074,645
9673091208,646
6110164649,646
9673091213,646
7900888437,646
7900888377,646
3987750684,646
3987750685,646
3987750686,646
3987750687,646
3987750688,647
5269678593,647
9673189925,647
9673091207,647
6110191188,647
4530195657,648
4077495854,648
4077495855,648
4077495858,648
4077495862,648
4077495872,649
4077495883,649
4077495957,649
4077495951,649
7911267693,650
4077579334,650
5238587992,651
4077599545,651
5227220846,651
4077599543,651
4085767971,652
4085767974,652
4085767978,652
4085767989,652
4085767993,652
9729684314,652
6509584408,653
4089236235,653
28418921,654
5816743947,654
4136137525,654
9693971447,654
4085778934,655
4143767990,655
6327557048,656
4166662878,656
8429225386,657
4167762779,657
6110191186,657
8675201264,658
7911282822,658
1556097326,658
4169714270,658
4208239642,659
4462680076,659
5788363874,660
4208239651,660
317930380,661
4211515637,661
4211515622,661
4211515634,662
4211515644,662
4211515645,662
9693971464,663
9703794697,663
4223357836,663
4298970368,664
4298970364,664
4316306164,665
1137777341,665
5342251136,666
4329502449,666
4370333637,667
4370333638,667
4370333643,667
4370333627,667
4370333629,667
7636278191,668
7636278194,668
4401149234,668
7636278197,668
7636278201,668
4823246341,669
4425001781,669
5573931385,670
4462680067,670
8975529085,670
8975529086,670
8975645640,671
5460658138,671
4462680078,671
4530011788,672
4729385030,672
4729385031,672
4530057817,673
2632430342,673
7183962432,674
4530270906,674
8373690830,674
4530339698,675
8373690836,675
4530339700,675
8373690837,675
4530339699,676
8373690835,676
4530339701,676
4530339702,676
8373690839,676
9820537921,677
9820523914,677
4571238067,677
108393,677
4571244659,678
4729480806,678
4729480807,678
4627445216,679
4627445215,679
7066617760,680
4627445257,680
9684083995,680
4627445261,681
3696548438,681
4627491643,682
5207476607,682
4658088585,683
6327615076,683
4665352264,684
4665352262,684
4675822097,685
4675822100,685
4682627259,686
6978555518,686
6978563383,686
4682627264,687
1150003571,687
8785484313,688
4689775124,688
8373690819,689
4689775126,689
8263166217,690
4691460851,690
4696568114,691
4696544885,691
8620082704,692
4697287178,692
4697525032,693
4697525030,693
8318757605,694
9808795601,694
4726152850,694
8043350325,694
9135848928,695
4777885222,695
4807521484,696
7636278193,696
7636278195,696
7636244312,696
9042037852,696
1707790074,697
4822267107,697
6864015603,698
4823246342,698
7223326412,699
4835108997,699
250327100,700
4835108999,700
4859246419,701
2140506294,701
20460688,702
4860825518,702
4864083784,703
6218501740,703
4866475731,704
4866475733,704
4866651969,705
4866651962,705
7926554423,705
25504779,706
4866651966,706
2218362849,707
4866976611,707
9027328313,708
9027328314,708
8807431535,708
4867087535,708
8579240313,709
8579240314,709
9700060292,709
4872502279,709
9690974272,710
4920098344,710
9690974263,710
9690974264,710
9690974265,710
9690974266,710
9691102362,711
4962956931,711
1938819283,711
5006063176,712
5006063177,712
5006063175,712
8989843465,713
1596655163,713
5041784501,713
5046314041,714
5046314042,714
5046314043,714
25632860,714
5046314091,715
5046314092,715
5046627553,716
5046627645,716
9754527744,717
9754527745,717
5055364610,717
107668,717
9754527743,717
5090420964,718
5090420958,718
8807429665,719
8807429660,719
5090420959,719
5095547184,720
5095547180,720
8814668141,721
5104314222,721
5119652864,722
5119652865,722
26678171,722
5119652862,722
5119652863,722
5141625625,723
5141625621,723
5141625630,724
5141625623,724
6369361796,725
7223298254,725
5141625702,725
6280047280,726
9808795602,726
5160943803,726
9375078974,726
5177352922,727
5177352923,727
5177352932,727
5177352933,727
455705562,728
5177410511,728
8675201272,729
5189042552,729
5189042551,729
5207476609,730
5207476617,730
5207476610,731
9684083983,731
9684083987,732
9684083993,732
5207476611,732
1828402771,733
9684083988,733
5207476613,733
5238500312,734
5238500313,734
9733914457,735
5253290694,735
5257738381,736
5257738389,736
25496750,737
5265840063,737
6724775018,738
5265953451,738
1364172237,738
1953202962,739
5265953454,739
2458307450,740
6724775012,740
6724775013,740
5265953455,740
5334625292,741
7797731342,741
5374174120,742
5374183741,742
9203541381,742
5470932253,743
5468301555,743
5470932252,743
2146369237,743
5517519002,744
9703794691,744
27460210,744
5573994016,745
6329690691,745
8869472274,746
5609638014,746
5609643672,747
5609643675,747
5609643673,748
5609643674,748
8373690832,749
6840965712,749
5880188045,749
5905893978,750
4305986091,750
5924603457,751
5924603458,751
5924603459,751
5924603444,751
5924603445,751
5924603449,751
5924603452,751
5924603454,751
5924611312,752
5924603453,752
5924603446,752
5924603455,752
8500636794,753
5924603447,753
5931509720,754
25476127,754
5976760445,755
5976760446,755
5976760447,755
5976853817,756
8785441943,756
9703827555,757
6110164647,757
6149398571,758
9694091982,758
9694091983,758
9704122321,759
6218468163,759
6272993492,760
6239229423,760
6280047275,761
5160943798,761
5160943793,762
6280047277,762
4076095262,763
6369329159,763
6369329171,764
104319,764
1366095187,765
6369329172,765
6369361797,766
5141625703,766
18468961,767
6369390697,767
6369390700,767
6369390694,767
4077495826,768
6407948171,768
6407948172,769
1832129789,769
6446218921,770
6446218922,770
8784181688,771
6467134930,771
8784159562,772
6467134931,772
6696695781,773
6696695783,773
6645346885,774
6711365597,774
6828921209,775
6828931875,775
6855696497,776
6855696500,776
6855696503,776
1536039932,777
6866779806,777
6918421512,778
6918421503,778
6967585840,779
7824747297,779
302013777,780
6969936105,780
6969936106,780
256766533,781
6978563381,781
6978577985,782
6978563378,782
6995618979,783
1939632502,783
9693963696,784
9693963697,784
9693963698,784
7075087299,784
7223709669,785
7223709662,785
7553887409,786
1771426173,786
8318797236,787
7636163631,787
7636180236,788
7636180237,788
1787108647,788
8672066581,789
7636180239,789
7636180242,790
1787108650,790
2624005734,791
7636278198,791
7644741345,792
1233350847,792
9694072864,793
7797731340,793
1566269623,793
7805198627,794
4530012700,794
9680972185,795
7824747295,795
6967585841,796
7824747298,796
7824747306,797
7824747299,797
7824747301,797
7824747304,798
7824747308,798
7824747302,798
7906964249,799
7906964251,799
5141228834,800
7911231380,800
7911243856,801
4166634955,801
4166634962,802
7911243858,802
7911282827,803
4169714271,803
7815143559,804
7911297463,804
9690915268,805
9690915267,805
8064065316,805
8263157416,806
8785503917,806
8318797234,807
8318797235,807
2387220933,807
8579240307,808
8579240308,808
8579240312,809
9683686963,809
8579240309,809
8579240310,810
8579240311,810
1939558655,811
8579522887,811
1587330970,812
8783914189,812
8604055550,812
8620105234,813
8620105270,813
9691076056,814
8755805313,814
4367041960,814
8784212017,815
4826555767,815
8785484312,816
6293128709,816
8869435257,817
8869435266,817
8975833912,818
6978531575,818
9024139136,819
9024139137,819
9024139143,819
9024139144,820
9024139138,820
9024139145,821
9024139148,821
24950107,822
9030155654,822
9042041320,823
9042041321,823
28800667,823
25473202,824
9042129983,824
1311962080,825
9042129985,825
2331184930,826
9161061775,826
308837357,827
9161061783,827
9846850972,827
9846850973,827
9846850974,827
9805219993,828
9197322310,828
9805219991,828
3528738440,829
9375100241,829
9375100242,829
9375170320,830
9375170321,830
9375170325,830
2265050050,831
9684083978,831
9684083979,832
1678452780,832
2665239978,833
9684083981,833
9690915264,834
9690915265,834
4529881970,834
25496910,835
9690974262,835
9690974274,836
25497222,836
9693963705,837
5353604061,837
9693971465,838
377494060,838
10572179,839
9693982149,839
9694087363,840
9694087364,840
9694104280,841
9856119625,841
1547657140,841
9694104279,841
9703794690,842
9080123622,842
21990624,843
9710348827,843
9804774392,844
1723388985,844
9808795610,845
2480657190,845
9820537937,846
355416892,846
9820537936,847
9820537940,847
9820537946,848
3257317059,848
1547013672,849
9856119630,849
