node_id,cluster_id
6866516260,0
2453947051,0
4211515660,0
8787384683,0
1832666032,0
1637578546,0
8787692633,0
8787692634,0
104315,0
1236791552,1
4076126468,1
9805219989,1
25509527,1
25509533,1
1236791459,1
9856119617,1
7946372933,1
7946372934,1
7946372935,1
7946372936,1
7946372937,1
7946372938,1
7946372939,1
7946372940,1
7946372941,1
7946372942,1
9197589455,1
9197589454,1
9197589457,1
5516594509,1
1596648673,1
4076126448,1
3817308659,1
3817308660,1
104318,1
104320,2
6369329153,2
373364225,2
373364868,2
373364228,2
2466445190,2
373364870,2
1311961991,2
6369329161,2
373364874,2
6369329163,2
6369329162,2
3965024397,2
373364878,2
3965024398,2
3965024399,2
6369329169,2
1054045453,2
6369329167,2
6369329166,2
6369329164,2
1311962013,2
20965794,2
20965796,2
20965797,2
8868824870,2
107687,2
8868824871,2
5006978855,2
4922952362,2
20965803,2
2398924845,2
24951856,2
1649365881,2
5475684917,2
1311962169,2
1163955130,2
9310662202,2
1311962182,2
441958990,2
441958992,2
1215563870,2
1054045407,2
4870281310,2
1311962082,2
25500517,2
1215563878,2
3644748774,2
1311962089,2
8868824843,2
1835356021,2
1215563895,2
4860803960,2
4860803961,2
107646,2
107647,2
9856119641,3
104321,3
104322,4
1718233922,4
8869435268,4
1718233957,4
1718328198,4
1718233994,4
5046005790,4
7553887409,4
2140227862,4
1771426166,4
25161368,4
7553887415,4
7836155866,4
7836164763,4
7836164764,4
1771426173,4
1684511838,4
8438226815,4
104323,5
8429795032,5
295977520,5
4167762776,5
8429795033,5
8429795034,5
8429795035,5
107584,6
3847023130,6
251892950,6
107585,7
27460259,7
1312471271,7
4864083785,7
1493722804,7
1312471222,7
6218501751,7
1312471193,7
1312188768,8
107586,8
8043350341,8
8318757606,8
8318757605,8
4835109000,8
255678213,8
1312188619,8
9808795601,8
4726152850,8
8043350325,8
4726152854,8
4726152857,8
9781190368,9
107587,9
3381130086,9
3381130087,9
109415,9
3381130090,9
3381130091,9
4688513237,9
1782717878,9
30056277,9
25248122,9
25248123,9
25248124,9
9781190367,9
25248128,10
1939558664,10
1497452171,10
1939558673,10
9710332576,10
9710332577,10
2793904931,10
2218344498,10
3715515059,10
2218344503,10
2218344505,10
2218344508,10
2218344509,10
2218344510,10
2218344511,10
107588,10
2218344518,10
3816097106,10
3816097107,10
1312188886,10
109416,10
25248112,10
25248115,10
5269678593,11
5977954180,11
9673091207,11
9673091208,11
9673091213,11
9673091214,11
3850146457,11
3987750684,11
3987750685,11
3987750686,11
3987750687,11
3987750688,11
3987750692,11
9673189925,11
9673189926,11
6110164649,11
6110164650,11
7900888377,11
107602,11
6110191188,11
7644741351,11
7900888437,11
5816743941,12
5816743942,12
5816743945,12
5816743947,12
5816743949,12
5816743950,12
8429945617,12
8429945618,12
4136137525,12
2203888698,12
25475770,12
5816744255,12
1689605567,12
5816744257,12
8429934918,12
107606,12
585199079,12
28418921,12
9693971447,12
1505332730,12
2364384488,13
8030470473,13
585124778,13
1951242858,13
1951242860,13
2364378222,13
2364371185,13
2364379602,13
2364379603,13
2364379604,13
2364379605,13
107613,13
107614,13
1864047135,13
25475328,14
1990912129,14
9700060292,14
4872502279,14
9690878344,14
9632417162,14
9632417163,14
9683581480,14
3385332654,14
9683686963,14
3733791671,14
1155552319,14
1137777343,14
8030470464,14
8030470469,14
7638732490,14
7638732491,14
25475417,14
4832472797,14
9135845214,14
107615,14
8579240311,14
9135845216,14
9135845213,14
9135848931,14
1951242856,14
1951242857,14
1990912106,14
1951242859,14
2364384492,14
2364384490,14
2364387947,14
9135848938,14
9135848937,14
2364371186,14
1990912115,14
8579240307,14
8579240309,14
8579240310,14
8579240308,14
8579240312,14
8579240313,14
8579240314,14
1312454055,15
5925584201,15
107626,15
8807410154,15
4072083345,15
8390582613,15
259252667,15
1312454045,15
1951616231,16
107627,16
8807410158,16
4072083344,16
8785024497,16
1312453981,16
6369361792,17
5141354331,17
2378843909,17
1951616261,17
1951616263,17
1678226827,17
1951616268,17
1951616270,17
4077593104,17
1951616276,17
1951616278,17
1569216662,17
6463234329,17
1951616283,17
5065949596,17
5473273373,17
5065949598,17
1951616287,17
5473273376,17
7745051680,17
1678226846,17
1951616291,17
1951616292,17
25161379,17
25161378,17
1951616295,17
25161377,17
1951616297,17
7926686250,17
4867087535,17
4077599543,17
9027328313,17
6985395258,17
9027328314,17
4077599545,17
1951616319,17
5238587992,17
5473273425,17
5238587994,17
1678227031,17
5141354328,17
5473273433,17
5141354329,17
5473273435,17
3153656028,17
5141354332,17
3153656030,17
5141354333,17
25532384,17
25532377,17
5141354330,17
329983075,17
8807431550,17
1678226917,17
24950114,17
1951616232,17
1951616234,17
107628,17
1951616236,17
5227220846,17
8807431535,17
5049840242,17
5049840243,17
5049840245,17
1951616284,17
5049840248,17
1782714747,17
8807431548,17
6369361790,17
107632,18
6458938017,18
25532576,18
9413430622,18
8753664977,19
107634,19
7223298253,19
25161361,19
5141625696,20
4729628192,20
9856119650,20
6369361796,20
6369361797,20
5141625702,20
5141625703,20
25067400,20
7223298252,20
7223298254,20
3644785104,20
107637,20
5141625621,20
5141625623,20
5141625625,20
6369361788,20
5141625630,20
6369361791,20
9856119648,21
107638,21
9024139136,22
9024139137,22
9024139138,22
25504769,22
9024139143,22
9024139144,22
1311962130,22
973158035,22
7926506525,22
7926506526,22
7926506527,22
7926506529,22
7926506530,22
7926506531,22
7926506532,22
5973627687,22
5006978856,22
5006978857,22
319984684,22
1707790029,22
3816097104,22
8336028509,22
8336028510,22
7223709662,22
7223709664,22
18468962,22
1311961826,22
7223709668,22
7223709669,22
1707790052,22
7223728617,22
2466442731,22
1771426165,22
107641,22
9024139134,22
9024139135,22
25505673,23
25504779,23
25161365,23
8807441176,23
3656358065,23
4866653236,23
1311961910,23
7926554423,23
4866651959,23
7926554424,23
4866651962,23
4866651963,23
4866651966,23
7926554430,23
4866651968,23
4866651969,23
7926554431,23
5046447437,23
1938819301,23
25066470,23
1938819306,23
1938819313,23
2012969971,23
4866623226,23
107643,23
5207476609,24
5207476610,24
5207476611,24
5207476613,24
5055364614,24
5207476615,24
4627445257,24
5207476617,24
5207476619,24
4627445261,24
9684083982,24
9684083983,24
9684083984,24
107667,24
9684083987,24
9684083988,24
9684083992,24
9684083993,24
9684083995,24
5207477021,24
7066617760,24
473265708,24
4627491642,24
4627491643,24
5207476606,24
1828402769,24
1828402771,24
3813810132,24
3813810133,24
1828402774,24
3696548438,24
4627445213,24
4627445215,24
4627445216,24
4627445217,24
1938819299,24
1938819302,24
1938819304,24
1938819316,24
9754527740,24
9754527741,24
9754527742,24
5207476607,24
9754527744,25
9754527745,25
5055364610,25
5055364611,25
367077584,25
107668,25
9754527743,25
1236791297,26
107684,26
1726730281,26
7617755275,26
4378043789,26
957122446,26
1236791506,26
4378043283,26
4072476959,26
8785484288,27
1938819344,27
4072476960,27
4630855202,27
4630855203,27
4630855204,27
107685,27
4630855205,27
4729448871,27
107686,27
107688,27
1236791344,27
1726730303,27
25471681,27
8373690833,27
8373690834,27
8373690835,27
8373690836,27
8373690837,27
8373690838,27
8373690839,27
8373690840,27
8373690841,27
1726730329,27
8373690842,27
7613626073,27
7613626070,27
25503841,27
7617785701,27
25503848,27
7617785710,27
8373752817,27
7617785714,27
1726730354,27
4530339698,27
4530339700,27
4530339702,27
4530339699,27
4530339701,27
1236791555,28
6293128709,28
1707790085,28
5880188045,28
5880188046,28
21563791,28
1707790096,28
3518995475,28
4156336279,28
8785484312,28
1810130457,28
2293833760,28
2293833763,28
1617596711,28
107690,28
4719617974,28
4530270906,28
4530270908,28
3972566716,28
7183962432,28
4530270913,28
9781311296,28
8373690824,28
8373690825,28
8373690826,28
8373690827,28
8373690828,28
8373690829,28
8373690830,28
8373690831,28
5880186827,28
3497472337,28
5880186828,28
6840965712,28
237908,28
8373690832,28
21563479,28
21563481,28
269589467,28
9024076384,28
9024076385,28
21563489,28
4822267109,28
1020211942,28
8373623781,28
21563508,28
25475331,29
2294047369,29
8263166218,29
8263166217,29
7223695324,29
5006065040,29
5006065041,29
761831060,29
4689775124,29
4689775126,29
8785484313,29
8785484314,29
8785484315,29
8785484316,29
8785567902,29
8263157412,29
8263157413,29
8263157414,29
8263157415,29
8263157416,29
7271474856,29
1617596714,29
7271474855,29
107692,29
8785503917,29
25496622,29
8785503918,29
107693,29
8785503919,29
8785503920,29
5006063170,29
8373690819,29
8373690820,29
9856119621,29
5006063173,29
5006063171,29
5006063176,29
1617647945,29
5006063172,29
5006063175,29
1782712524,29
5006063177,29
5006063186,29
1148276186,29
7223695323,29
8373690843,29
8373690845,29
8373690846,29
3497461727,29
7223695327,29
3519005409,29
8373690844,29
7223695326,29
26374236,29
8785568228,29
5736692334,29
321255919,29
8373651315,29
8373651316,29
4691460851,29
32921720,29
5119652864,30
5119652865,30
9781435146,30
2458273291,30
1953202962,30
2453941139,30
6279388821,30
6279388822,30
6279388823,30
6279388824,30
26678169,30
26678168,30
26678171,30
26678166,30
26678167,30
2458257570,30
8975700259,30
2458257573,30
8975700261,30
5265953450,30
5265953451,30
5265953452,30
1364161197,30
2458257578,30
5265953455,30
2458301100,30
5265953457,30
5265953454,30
5265953459,30
2458260532,30
25495858,30
2458256449,30
8645592521,30
1364172237,30
1832129873,30
1832129878,30
1953202903,30
25495640,30
21578459,30
25495646,30
6724775011,30
6724775012,30
108389,30
6724775013,30
6724775014,30
6724775015,30
6724775017,30
6724775018,30
6724775016,30
1832248428,30
108390,30
1364168178,30
1364168180,30
2458303223,30
5119652857,30
2458307450,30
5119652862,30
5119652863,30
25495698,31
108391,31
4297054053,32
1601832328,32
6828863691,32
6828863692,32
6828863693,32
6828863694,32
6828863695,32
6828863696,32
6828863697,32
6828863698,32
9576827481,32
9804578356,32
25475674,32
108406,32
6525671279,32
1363483801,32
9576827482,32
2632464416,33
6525670240,33
390073160,33
1125619161,33
2632476621,33
25632684,33
5973397966,33
10606709,33
108409,33
2632476639,33
2632464413,33
2632431807,33
108420,34
9030284989,34
9030284990,34
4193151464,35
108835,35
4305986091,36
5905893978,36
7620902731,36
108837,36
5055364608,37
5055364612,37
3265436678,37
3265436680,37
3265436686,37
3265436688,37
1678452753,37
8620105234,37
8620105233,37
3265436692,37
8620105236,37
3265436695,37
8620105240,37
8620105242,37
8620105243,37
8620105244,37
268124704,37
9754453026,37
9754453027,37
9754453028,37
9754453029,37
9754453030,37
9754453031,37
9754453032,37
9754453033,37
8620105259,37
8620105265,37
8620105268,37
8620105269,37
8620105270,37
5177397821,37
5177397822,37
5177397823,37
5177397825,37
5177397827,37
5177397828,37
5177397829,37
5177397830,37
5177397832,37
5177397835,37
4150883407,37
2360684188,37
1239549084,37
367100073,37
5177397419,37
5177397420,37
419632303,37
419632306,37
419632307,37
1214922421,37
3972566710,37
4077627063,37
1617532088,37
1617532087,37
1214922426,37
1617532090,37
368044217,37
1214922429,37
1707790023,37
2775635677,37
4034060007,37
4034060012,37
4034060015,37
4034060017,37
4034060018,37
2265065203,37
2360681713,37
2265065207,37
419632906,37
108864,37
2140432704,37
9781311297,37
4859246418,37
237911,37
6951230826,37
1955520879,37
1813794712,37
268124583,37
8620272571,37
473266627,37
2775653836,37
5177410511,37
455705562,37
864817628,37
2360685543,37
3267461696,38
108867,38
264824452,38
2265048377,38
262078536,38
3267461737,38
3267461710,38
3267461742,38
3267461752,38
3267461721,38
20955164,38
3267461693,38
4211515621,39
108903,39
245200970,39
1830276654,39
4211515569,39
663363473,39
4211515891,39
8256049397,39
8256049399,39
25497347,40
9820523913,40
9820523914,40
9820523915,40
9820523916,40
9161061776,40
9693963678,40
9693963679,40
9693963680,40
9693963681,40
9693963682,40
9693963683,40
9820538017,40
9820538018,40
1326821542,40
9820538019,40
9820538016,40
710657963,40
9820538028,40
4571238064,40
7947041713,40
4571238067,40
4571238068,40
1938953403,40
1938953406,40
1326821568,40
9820537921,40
9820537922,40
1938953413,40
1938953414,40
1938953417,40
9820537934,40
1326821457,40
25470166,40
1938953430,40
1938953431,40
1326821593,40
1938953433,40
109403,40
1326821465,40
9820523869,40
9820523870,40
9820523871,40
9820523872,40
1938953432,40
1938953437,40
25497340,40
21990633,40
21990634,40
108393,40
21990637,40
21990638,40
1326821487,40
422573549,40
1326821489,40
1326821624,40
25497596,40
25497599,40
109408,41
25481504,41
6988528039,41
9694031532,41
894485202,41
9197589363,41
470727954,41
5207487900,41
1536948618,42
109411,42
1536948474,43
1852996875,43
109412,43
1536948578,43
9694072864,44
109414,44
30078473,44
5334625292,44
7797731341,44
7797731342,44
7797731343,44
7797731340,44
5334625293,44
1566269623,44
4077599544,44
2793874522,44
9030029183,44
109728,45
5931509715,45
1536948608,46
6509584413,46
109734,46
2504822135,46
24952269,47
109737,47
1536948541,47
5840176866,48
1722621630,48
4220613456,48
109746,48
9681020156,48
9681020157,48
2941549918,48
1042862726,49
109766,49
7911297486,49
302013678,49
1042862492,49
9856119640,50
373402354,50
109780,50
9856119634,50
9514602150,51
9514602151,51
9514602152,51
9514602153,51
109785,51
4077495971,52
1832129813,52
9781311295,52
109815,52
109816,52
1810130458,52
4077495867,52
338474269,52
1832129823,52
109818,53
8975700266,53
3644748770,53
4823246342,54
6864015603,54
1141415219,54
2036125657,54
110143,54
1233327202,55
1787108646,55
1787108647,55
1787108648,55
1787108649,55
1787108650,55
7636180236,55
7636180237,55
9710304460,55
7636180241,55
7636180242,55
1782716888,55
110238,55
4530012702,56
6261920914,56
282708,56
4316306166,56
4530012699,56
1536039932,56
6866779806,56
4530012703,56
2632464415,57
25438732,57
282719,57
2961540,58
1951616325,58
24661273,58
8807431546,58
2195965723,58
24950109,58
8807431551,58
24950113,59
385311590,59
2961549,59
4748394420,59
8807431541,59
385311796,59
1365887500,60
2218344516,60
2218344522,60
2218340965,60
2218364541,60
2218364543,60
2961557,60
5218862786,60
4866705606,60
7223326407,60
7223326408,60
7223326409,60
7223326410,60
7223326411,60
9021504716,60
7223326413,60
7223326414,60
1939558646,60
1939558647,60
7223365368,60
1939558648,60
7223365370,60
7223365371,60
1939558649,60
1939558650,60
1939558651,60
1939558655,60
7223365372,60
1939558657,60
24659709,60
1939558659,60
1939558660,60
1939558661,60
1939558663,60
1939558666,60
1939558667,60
2538458898,60
1939558674,60
1939558677,60
1939558678,60
1939558681,60
2195965722,60
1939558684,60
1046391070,60
1939558687,60
3139705121,60
1939558697,60
1939558700,60
1939558701,60
9021535020,60
8579522887,60
5925584203,60
5925584204,60
24950101,60
24950104,60
357999964,60
4866976610,60
4866976611,60
4866976613,60
4866976614,60
4866976617,60
8869435258,60
9030155653,60
8807431560,60
1312264600,60
2387224474,60
2387224475,60
2218362306,60
2218362310,60
2218362314,60
2218362316,60
2218362321,60
2218362332,60
1733389278,60
2218362336,60
1731216865,60
2218362849,60
212916714,60
5473274866,60
4866784251,60
3215687074,61
5227220835,61
2961891,61
1312454086,61
9856119628,61
1678452792,62
10572172,62
747893184,63
7610670913,63
7610670919,63
25503880,63
7610670921,63
7617755274,63
25503885,63
10572178,63
25503845,64
9693982149,64
25503851,64
7617785713,64
10572179,64
5207487897,64
367106464,65
388455682,65
4240028580,65
4643337035,65
10572180,65
25471732,65
1236791478,65
25471733,65
25471734,65
4630855193,65
25503862,65
4650375357,65
1938953377,66
9856119619,66
1985084100,66
350437608,66
10572779,66
1816038230,66
25495770,66
10572785,67
8972511963,67
25496748,67
8972441127,67
8785568224,68
10572786,68
7847748059,68
1985084095,68
1326821504,69
2466449296,69
20460691,69
6369329158,69
2466449286,69
2466449288,69
8989843465,69
2466449287,69
1326821513,69
2466449289,69
2466449290,69
20460686,69
1326821515,69
2466449293,69
20460681,69
2466449295,69
2466449294,69
20460692,69
20460690,69
20460694,69
10607127,69
10607128,69
2466449297,69
3722411669,69
4807796633,69
20460695,69
20460696,69
20460697,69
9693865890,69
1326821539,69
1326821541,69
25632677,69
5041784501,69
1326821557,69
1326821559,69
372978232,69
1596655163,69
1326821566,69
256766529,69
1326821569,69
8868824899,69
372978120,69
1326821577,69
1326821579,69
2466456399,69
2466456400,69
2466456401,69
2466456402,69
1939632526,69
2466456404,69
1366095189,69
2466456403,69
2466456405,69
2466456406,69
2466456407,69
1081508186,69
2466456409,69
5353604060,69
2466456408,69
1326821471,69
1326821524,69
1326821613,69
1326821525,69
1081508209,69
1326821490,69
632447859,69
2466449291,69
372050299,69
1326821502,69
9808795609,70
2632430342,70
2480657190,70
1954751914,70
1954751916,70
1954751918,70
4530057817,70
25497968,70
5060405461,70
10607129,70
9808795610,70
2466456411,70
2466456412,70
2466456413,70
2466456414,70
9808795605,71
10607133,71
2632431806,71
5470932256,72
10607629,72
7947057586,72
5468301555,72
2146369237,72
5470932252,72
5470932253,72
5470932255,72
8784159562,73
6467134930,73
6467134931,73
8784181688,73
10676799,73
2902624645,74
6985373982,74
6985373983,74
6985373984,74
1312264610,74
1721713699,74
1312188714,74
1312264618,74
9030121410,74
1782718791,74
2406484452,74
1350430181,74
2406484454,74
2406484455,74
9030155749,74
2406484453,74
2406484460,74
9042053624,74
10677374,74
7836155868,75
5043864464,75
1684511955,75
1718328435,75
7836155864,75
7836155867,75
1782724124,75
7836155870,75
10677375,75
10677376,76
2297373047,76
10677377,77
2387220933,77
7082240198,77
3517719434,77
1401416203,77
8318797234,77
8318797235,77
8318797237,77
212927414,77
25248118,77
2642857212,77
8975529088,78
4462680067,78
9203541381,78
1832248457,78
1832248458,78
9781435147,78
5374174224,78
14672924,78
5374174120,78
7203717550,78
5374183741,78
5374183742,78
5573931377,78
5573931385,78
8975529082,78
8975529083,78
8975529084,78
8975529085,78
8975529086,78
529722111,78
268997560,79
18382242,79
7553887392,79
21307200,80
1782718792,80
9030155753,80
18393873,80
9856119635,80
6985379285,80
6985379286,80
9042027865,80
6985373980,80
1938819296,81
1725360097,81
18395811,81
1938819289,81
3474115148,81
1655418222,81
3816097103,81
2140420434,81
470729237,81
8785441943,81
8785441944,81
5976853817,81
1938819290,81
2215139515,81
1938819293,81
250550400,82
1939632514,82
4992781189,82
1939632519,82
973101839,82
9042120207,82
2387242386,82
8869472274,82
3870640530,82
3870640547,82
3870640548,82
2387240745,82
2387240747,82
1326821561,82
18398282,82
1312335310,82
1326821460,82
1326821592,82
5238500312,82
5238500313,82
914822492,82
9042037853,82
2387245025,82
873684193,82
2387245026,82
2387245027,82
2387245029,82
9030155757,82
9030155758,82
8869472239,82
9030155759,82
9030155760,82
9030155762,82
1326821619,82
8869472247,82
4826555769,82
4992781180,82
5609638014,82
1938819328,83
2387207425,83
1938819330,83
1938819331,83
2387207426,83
25161351,83
1938819336,83
1938819335,83
1311962122,83
2387194133,83
25161366,83
2387212189,83
1311962016,83
1782728999,83
9021498664,83
1360122924,83
2387194156,83
2387194157,83
1678155318,83
2387209415,83
18468958,83
8336028511,83
8336028512,83
8336028513,83
6369390690,83
6369390691,83
6369390692,83
6369390693,83
6369390695,83
6369390696,83
6369390698,83
6369390699,83
6369390701,83
6369390702,83
1938819317,83
1938819319,83
2387207417,83
2387207418,83
9024139132,83
9024139133,83
1938819326,83
2387207423,83
18468961,84
8336028516,84
6369390694,84
25161352,84
6369390697,84
6369390700,84
6739026230,84
1938819320,84
1938819325,84
2387207421,84
18469130,85
9856119638,85
2642878568,86
2642878569,86
18469132,86
9856119637,86
21990624,87
21990625,87
20458275,87
2003007012,87
8868194757,87
4835108998,87
4835108999,87
1571298192,87
8868194778,87
9710348827,87
250327100,87
9710348828,87
20458273,88
20458277,88
2490721964,88
1312188845,88
8868001103,88
8868001104,88
250549587,88
1312188692,88
2934268020,88
4618510643,88
7926563545,88
1312188731,88
1312188988,88
20460680,89
968499092,89
4246525220,89
8975833904,89
8975833905,89
6978563378,89
6978563379,89
6978563380,89
6978563382,89
6978563384,89
8975833913,89
8975833912,89
8975833915,89
6978577985,89
4682627266,89
4682627265,89
1150003147,89
1150003532,89
1759454429,89
3763407460,89
5041784423,89
5067002867,89
6978531575,89
20460687,90
25497872,90
20460688,90
6506796188,90
20965804,90
4860825518,90
9693963701,90
9693963702,90
9693963703,90
9693963704,90
9693963705,90
9693963706,90
9693963707,90
1326821564,90
9693963708,90
255860415,90
1813618497,90
435104715,90
435104717,90
5238528591,90
1326821585,90
1326821596,90
5353604061,90
25497824,90
25497828,90
4369519204,90
25497829,90
4369519219,90
25497845,90
20625793,91
6301948477,91
5976760445,91
5976760446,91
5976760447,91
9694032608,92
9694032609,92
585200775,92
20625800,92
585200818,92
9694032606,92
9694032607,92
5189042552,93
20626282,93
8675201272,93
5189042551,93
7824803490,94
7824747299,94
7824803492,94
7824747301,94
1536948646,94
7824803493,94
4085778920,94
7824747306,94
5146186589,94
7824803500,94
1536948431,94
1536948529,94
20626301,94
5146186590,94
9856119647,94
3796814729,95
20626310,95
20626311,95
1536948612,96
1536948517,96
7572522566,96
7572522534,96
20626312,96
25264998,96
7572522540,96
1536948652,96
4866475730,96
7572522547,96
4866475737,96
1536948631,96
1536948536,96
7572522585,96
1852996954,96
1572551227,96
20626315,97
7572522492,97
25505670,97
7572522513,98
20626316,98
7572522511,98
1360122886,99
1236791433,99
20955158,99
9805219991,99
9805219992,99
9805219993,99
9805219994,99
1360122917,99
4076095791,99
1609966653,99
9856119620,99
9197322310,99
9197326420,99
3519872213,99
4076095834,99
1360122845,99
1360122856,99
21685484,99
1360122861,99
1360122873,99
2398924896,100
6369329154,100
20965798,100
20965799,100
6369329160,100
20965800,100
4428887946,100
2398924843,100
25500427,100
6369329165,100
1782729295,100
1782729296,100
6369329171,100
1326821587,100
2398924853,100
2398924855,100
104319,100
2398924898,101
9781311298,101
20965801,101
7946378607,101
7946378608,101
9310682079,101
2398924893,101
2398924863,101
4369519227,102
20965805,102
20965806,102
5041945481,103
21307202,103
4661317536,104
3328228993,104
3328228994,104
3328228996,104
3328228998,104
25524297,104
5177397418,104
21392267,104
3328229004,104
1617596593,104
4663309171,104
4661317524,104
4663312695,104
4663312696,104
4663312697,104
4663312698,104
21392273,105
3972566713,105
4859246420,105
21392276,106
9856119623,106
6828927809,107
6828931875,107
1148249927,107
6828921209,107
25495824,107
21392278,107
1707790105,107
6828921210,107
6828921211,107
5603454625,108
5603454626,108
6606135979,108
21392279,108
21523714,109
21523715,109
3145798533,109
4726152840,109
4726152844,109
4726152847,109
4726152848,109
3215685153,109
1312471208,109
5342236733,109
9694087358,109
9694087362,109
6465896909,109
4195103055,109
6218501713,109
6218501715,109
6218501717,109
471488469,109
6470264535,109
6470264536,109
4688513241,109
1678283238,109
1678283242,109
1678283244,109
1678283247,109
6218501746,109
7797330549,109
6218501757,109
5335233120,110
2934288514,110
250324965,110
21523718,110
5165786239,110
21523719,110
8042022825,110
5573991659,110
5573991660,110
4138224462,110
5335233113,110
1014649631,110
5009060057,110
5335233114,110
2934288509,110
5335233119,110
1617596646,111
21563503,111
1617596627,111
1617596659,111
1617596669,111
9659603285,112
21578454,112
21583366,113
4017328647,113
9756243981,113
9756243982,113
5006065039,113
1782730512,113
9756243983,113
2586616722,113
9756243986,113
9756243984,113
9756243985,113
5006065037,113
5006065038,113
3519013665,113
6863550501,113
1419565097,113
7223668011,113
7223668012,113
6863550510,113
4691514032,113
33141178,113
1148276284,113
8373690817,113
8373690818,113
5006063178,113
5006063179,113
5006063180,113
7223704403,113
4764884821,113
9756278362,113
9756278363,113
9756278364,113
7223712382,113
4331121754,114
21685481,114
21685483,114
1837610895,114
1360122929,114
25500530,114
1360122933,114
1163955034,114
4331121755,114
269547420,114
4370333648,115
21685485,115
4462683090,116
21686572,116
21686574,117
4462680070,117
1493676622,118
21990614,118
5565466183,118
1771453860,119
9375170323,119
9375170326,119
28728187,119
21990620,119
4556931602,120
4556931604,120
21990622,120
21990627,121
475396924,121
8672066581,121
7636180239,121
8923643490,122
21990628,122
9030155750,122
9030155754,122
1719422038,122
9856119639,122
8923643489,123
21990629,123
5875062472,123
9808795604,123
9042053623,123
5565443389,123
9693628386,124
5565443397,124
21990630,124
250327591,124
1326821544,124
8868010287,124
9808795603,124
5565443390,124
21307201,125
1312264546,125
1755265415,125
21990631,125
5042033643,125
9042025325,125
21990632,126
9030155751,126
1718566880,126
25161360,127
24659764,127
7906964247,127
7906964248,127
7906964249,127
7906964250,127
7906964251,127
24659907,128
24659947,128
24949780,128
1311961990,128
9693920801,129
9693920794,129
9693920795,129
9693920797,129
24660863,129
1312453954,130
1556260235,130
24661966,130
25544111,130
1312453966,130
1556260241,130
1312454066,130
25544112,130
1312454100,130
24662037,130
1312453915,130
24950048,131
5095547180,131
5095547184,131
24950005,131
24950013,131
2389802904,132
24950050,132
2389802901,132
2279592862,132
24950064,133
5218844445,133
5218844446,133
5227220848,134
24950065,134
5227220845,134
8869435257,135
8869435266,135
7567588716,135
24950093,135
8807429664,136
2387226304,136
2387226307,136
2387226309,136
2387226311,136
2387226313,136
9691082671,136
24950097,136
9024139130,136
1951616327,137
8807431559,137
5095547321,137
24950102,137
24950105,137
25248113,138
25248114,138
24950107,138
9030155654,138
9693920802,139
9693920803,139
24950110,139
24950111,139
24950112,140
25248126,140
9856119649,141
5141216754,141
24950115,141
25161363,141
1721678995,142
316763501,142
24950117,142
24951853,143
4922952373,143
9693760971,144
24951854,144
5046314041,144
5046314042,144
5046314043,144
25632860,144
24952195,145
2528522503,145
2528522507,145
2528522518,145
1556324759,145
2528522528,145
6985465124,145
6985465125,145
6985465129,145
6985465130,145
2528522542,145
6985465145,145
1556324793,145
9694091972,145
9694091973,145
1556324683,145
1556324684,145
25278669,145
3385387604,145
3385387605,145
3385387606,145
3385387607,145
4117882851,145
4117882852,145
4117882856,145
4117882857,145
4117882860,145
24952267,146
6166157035,146
25066338,147
25066412,147
8807429665,148
5090420610,148
3517985666,148
5090420964,148
25161348,148
5090420614,148
5090420940,148
25066419,148
9024139131,148
8807429660,148
5090420958,148
5090420959,148
25066450,149
1717650794,149
25066451,149
25066453,149
5047029678,150
25066461,150
25066462,150
25066684,151
1536948581,151
1852997088,152
25066784,152
25066694,152
25066696,152
25161353,152
4866591373,152
4866591374,152
4866591375,152
4866591376,152
3816097105,152
3233714196,152
3233714198,152
9856119645,152
3233714192,153
3233714193,153
3233714194,153
3233714195,153
3233714197,153
25067068,153
25067264,154
25067265,154
2566132609,154
1569382119,154
1569382170,154
1569382174,154
2504822145,155
25067266,155
25067267,155
1852996996,155
2504822137,155
2504822139,155
6509584414,155
25067304,156
2566132610,156
2566132611,156
9753609738,157
9753609739,157
9753609740,157
9753609741,157
9753609742,157
9753609743,157
9753609744,157
9753609745,157
9680972178,157
9680972177,157
9680972185,157
25161373,157
7824747295,157
7824747298,157
7824747300,157
7824747302,157
7824747303,157
7824747304,157
7824747305,157
25067307,157
7824747308,157
7824747307,157
6967585841,157
6967585842,157
1827389620,157
1782727992,157
700774224,157
950703625,158
950703626,158
5146186489,158
25067326,158
1726783391,158
25067395,159
25067396,159
25067397,159
5146186470,159
5146186463,159
9856119646,160
25067427,160
25067398,160
5104314275,161
25067461,161
25067463,161
25067469,161
25067470,161
5104314255,161
5104314256,161
5104314384,161
25067473,161
25067476,161
1186508405,161
5104314353,162
25067727,162
1569343756,162
25067479,162
25067636,163
1569343909,163
25067558,163
25067728,164
5104314096,164
5104314098,164
5104314325,164
25067670,164
1569343576,164
1569312412,165
25067933,165
25067871,165
1569343523,166
5141216745,166
25067883,166
5141216790,166
1569216650,167
25067914,167
25067920,167
7911231380,167
1722621718,167
7911231384,167
1569216123,167
25161375,167
5141228834,167
1569216316,167
4085783105,167
1569216326,167
6446292570,167
1951616226,167
5141216740,167
5141216741,167
7911267687,167
7911267688,167
7911267690,167
7911267692,167
7911267694,167
7911267695,167
7911267696,167
9659831673,167
9659831674,167
9659831675,167
25265023,167
25067936,168
5141216746,168
5141216782,168
25067935,168
25071090,169
25071131,169
25151180,170
1832129958,170
25161345,171
1771426172,171
7836164765,171
5087519104,172
25161347,172
5090420965,172
5247857728,173
9691101411,173
9691101412,173
25161357,173
2387194158,173
5141877019,173
1569343577,174
25161362,174
9856119651,174
9042026424,175
25161371,175
9856119636,175
6032044867,176
6032044868,176
25161380,176
25161381,176
25161383,176
8318797236,177
25248117,177
7636163631,177
25248120,178
4688513218,178
3816097108,178
25248125,179
1211381855,179
4077579334,180
7911267686,180
1727515754,180
7911267693,180
473258639,180
25265075,180
25265078,180
763372886,180
1312454029,181
1312454031,181
3887941013,181
2059790748,181
1312454058,181
1312454061,181
25544110,181
25265077,181
5340811830,181
25265079,181
5340811829,181
4085783099,181
1418752708,181
5340811717,181
1312454090,181
4166634955,181
7911243856,181
7911243857,181
4166634962,181
7911243858,181
1418752721,181
7911243863,181
1312453999,181
1938819329,182
25504129,182
1938819340,182
4383369519,182
4383369553,182
25470781,182
25470784,183
4379801334,183
25470783,183
25471736,184
25503860,184
7271474849,185
321255907,185
25472324,185
4675821925,186
4675821932,186
762080111,186
4675821944,186
25472379,186
25472545,187
25472566,187
1882379274,188
1882379248,188
1882379285,188
4425001783,188
25472760,188
25472763,188
3247578846,188
4823246341,189
4425001781,189
4425001782,189
25472767,189
7447716112,190
25472789,190
9161061774,190
25472800,191
4571194090,191
4571194091,191
1954751920,191
2036125650,191
2940401398,191
6014339453,191
1684835105,192
1684835107,192
3739048019,192
3739048020,192
3739048021,192
25472885,192
1311962080,193
9042129985,193
1311961868,193
25473199,193
25473200,193
6871422362,193
25473203,194
5067002855,194
9042129986,195
1401893666,195
1215563885,195
25473204,195
25473205,195
1215563897,195
6871422364,195
1759454078,195
1759454118,196
1759454122,196
25473206,196
25473207,196
1759454104,196
1366095190,196
1759454106,196
5041784634,196
6871422365,196
9683585635,197
4085387943,197
4085387945,197
7246486955,197
4136124524,197
4136124526,197
4078858000,197
4078858001,197
585127354,197
585148380,197
6265654109,197
25473279,197
869968536,198
25473281,198
8579276917,199
9694104278,199
25474015,199
9694091974,200
9694091975,200
9694091976,200
9694091977,200
9694091978,200
6149398571,200
9694091981,200
25475053,200
9694091983,200
9694091982,200
1312471255,200
1312471228,200
25475072,201
9135848925,201
9690769059,201
7236131864,201
585180151,201
7236131865,201
6332695637,201
6332695638,201
9135848919,201
9135848920,201
9135848921,201
9135848922,201
9135848923,201
9135848924,201
6332695639,201
7236131861,201
7236131862,201
1617596704,202
25475182,202
1617596686,202
1233350889,203
9856119626,203
9856119627,203
283061836,203
3231501611,203
1233350862,203
4166967089,203
675734610,203
675734613,203
25475419,203
675734622,203
25475561,204
9690878337,204
1312471265,205
9699953505,205
1312471202,205
25475661,205
1312471252,205
1312471223,205
4715264000,206
6014302222,206
6014302223,206
6014302226,206
6014302227,206
6014302228,206
1312932894,206
4136137529,206
9690915259,206
9690915263,206
9690915264,206
9690915265,206
9690915271,206
9690915273,206
9690915274,206
9690915275,206
25475663,206
25475664,206
4167762778,206
4529881970,206
8429945717,206
8784000965,207
25475678,207
25475688,208
25475690,208
25499095,208
25499104,209
25475691,209
4297212128,210
4297212129,210
25475692,210
4298970368,211
4298970380,211
4298970384,211
4297243295,211
4297212194,211
4297243298,211
4158004390,211
4297212204,211
4297212084,211
25475767,211
355416911,211
4297242961,211
4297212114,211
4297243218,211
4297212119,211
355416920,211
748797145,211
25475693,211
1913216493,211
4298970364,211
9823138208,212
9823138209,212
25475694,212
25475695,212
4297211186,212
4297211187,212
435104728,212
355416921,212
9823138206,212
1326821607,213
1326821594,213
25475696,213
25475697,213
25475698,213
435104726,213
1326821466,213
6273056647,214
6239229422,214
25475699,214
1326821620,214
9693963699,214
6272993491,214
25475754,215
1816777875,215
1493229962,215
4920098349,216
5931509720,216
5931509721,216
25476124,216
25476127,216
3515286914,217
3515286915,217
3515286916,217
1493676623,217
25477106,217
5006764037,218
5006764040,218
1312188689,218
1312188945,218
1312188696,218
25477149,218
25477150,218
25477151,218
25477152,218
25477153,218
26067234,218
1312189091,218
1954751908,218
26067236,218
26067238,218
26067235,218
25477154,218
3320743081,218
26067239,218
25477156,218
1312188843,218
26067237,218
1312188858,218
1312188735,218
1312188994,218
1312188614,218
1312188622,218
1312189013,218
1312188760,218
7644884069,218
1312188774,218
3093894065,219
25477197,219
2402557839,219
249558409,220
1042862477,220
6304787860,220
6304787861,220
3735886877,220
3858880674,220
3858880675,220
3858880676,220
3858880677,220
3673602988,220
25477301,220
5929540796,220
5925628361,220
57786953,220
9808795598,220
9808795599,220
1042862673,220
9766629717,220
25477335,220
25477339,220
9027367517,220
9027367518,220
9027340515,220
9027340516,220
2935373159,220
1042862696,220
2935373161,220
25477228,220
2935324280,220
9203578106,220
9203578107,220
25477258,221
347541973,221
28419328,222
1039290562,222
3550836102,222
5257738379,222
251757452,222
5257738381,222
5257738384,222
9808795600,222
1039290578,222
5257738387,222
251757458,222
5257738389,222
5257738390,222
27351282,222
1039290584,222
27351284,222
1039290586,222
25477371,222
806373533,223
25477774,223
819157946,224
25477858,224
4556931603,224
3661703766,224
1938953379,225
1832052008,225
338472562,225
25495542,225
338472567,225
1832129783,225
1832227893,226
25495543,226
25495617,227
25495618,227
25495769,227
25495695,227
25495697,228
9856119622,228
25495808,229
1832227968,229
2453941147,229
343669798,229
1364169899,229
1832228016,229
1953202907,229
25495807,229
1834657467,230
25495820,230
1834657469,230
6354294763,230
4275394254,231
25495822,231
447887921,231
350437528,231
5899738713,231
5736847361,232
5736847362,232
5736847363,232
5736847364,232
25495852,232
470727776,233
749947393,233
25496100,233
749947402,233
25495854,233
25495855,233
350629203,233
269584410,233
317930380,234
4211515637,234
4211515622,234
25496775,234
1816038211,235
25496783,235
25496786,236
25496787,236
1985084135,236
2453947049,237
8787384684,237
8787384685,237
8787384686,237
4211515634,237
25496792,237
4211515644,237
4211515645,237
25496800,238
1816038233,238
323260106,238
1816038214,238
25496821,239
5060391417,239
25496820,239
321255925,239
1832129795,240
4077495820,240
4077495821,240
6407948172,240
25496847,240
25496848,240
25496849,240
25496850,240
5504212623,240
4730978978,240
4730978981,240
4730978982,240
1684437690,240
1684437692,240
1655214934,240
25497563,240
25497564,240
1655214955,240
6124650606,240
1832129778,240
4076126707,240
1832129789,240
25496857,241
4730978984,241
9161061779,241
9804471701,241
25496854,241
5948183671,241
9804471702,241
1938953399,241
25496855,241
9203537438,241
9203537439,241
9690974272,242
9690974274,242
25497222,242
4920098344,242
1312471216,242
9690974263,242
9690974264,242
9690974265,242
9690974266,242
9804653408,243
6369329156,243
25497611,243
25497612,243
1813618227,243
1813618228,243
1813618229,243
1813618230,243
4870281309,243
9804653406,243
9693963689,244
7075087298,244
25497619,244
7075087297,244
2135411308,245
5711517565,245
5457908028,245
25499655,245
4378043682,246
25500246,246
367104392,247
5114681227,247
9024139149,247
5114681230,247
25504143,247
9024139150,247
3497483291,247
1726730162,247
1726730165,247
1678452797,247
1678452799,247
1678452802,247
1726730307,247
2387213896,247
8785457867,247
2387213902,247
2387213904,247
8336028504,247
8336028505,247
4328443355,247
25577057,247
2140421219,247
2140421220,247
2140421222,247
2140421223,247
2140421224,247
1793420652,247
25500535,247
25504144,248
7607080091,248
7607077372,248
25504145,249
25504146,249
25504148,249
1835355916,250
1793420660,250
25504149,250
1707790044,250
4232015838,250
25504770,251
367105858,251
25504755,251
367105859,252
1268892466,252
1268892467,252
25504756,252
4089226784,253
4085767970,253
9684083971,253
419350723,253
9684083975,253
9684083976,253
9684083977,253
4089236235,253
4089236236,253
419350669,253
25504760,253
6509584408,253
4962956931,254
9611081868,254
25505677,254
9691102358,254
25505561,254
9691102362,254
1828402760,254
1828402765,254
1938819282,254
1938819283,254
1938819284,254
1938819285,254
1938819286,254
25505622,254
25505624,254
25505629,254
3704225375,254
3704225376,254
3704225379,254
3704225380,254
107644,254
25505593,255
25505630,255
7572833379,256
7572833380,256
25505607,256
25505618,257
25505643,257
1828402762,257
419347200,258
419347201,258
419347202,258
419347203,258
1268900644,258
1268892338,258
1268900660,258
2919962038,258
354935735,258
2919962039,258
2919962041,258
2919962042,258
2919962043,258
2919962040,258
2919962044,258
473262779,258
2919962045,258
2919962046,258
3267461709,258
3816097102,258
5976850023,258
5976850024,258
25505648,258
3267461749,258
7610670710,258
419347194,258
419347195,258
419347196,258
419347197,258
419347198,258
419347199,258
1828402763,259
1828402764,259
2142508727,259
25505662,259
25505695,259
1852996856,260
25505685,260
1852996734,260
109410,261
6988528038,261
25509513,261
1236791535,261
1938819348,261
9197589238,261
1938819350,261
1938819351,261
2343269909,262
9201323564,262
25509525,262
1938819346,263
25509526,263
9201323575,263
25532464,264
25532475,264
8807410152,264
8785024515,265
8807410150,265
8807410151,265
1556097320,265
1547013710,265
25532494,265
9856119631,265
1547013554,265
1547013589,265
1547013719,265
4826448085,266
25632678,266
5711517571,267
2632430340,267
25632774,267
275180300,267
9161061775,267
2331184927,267
2331184929,267
2331184930,267
2331184931,267
2331184932,267
2331184934,267
2331184935,267
2632464427,267
25632683,267
1723388979,267
1723388985,267
469759942,267
446765895,267
4703542482,267
4703542483,267
9808795606,267
9808795607,267
9808795608,267
6525670234,267
6525670235,267
6525670236,267
6525670237,267
6525670238,267
2135411294,267
2135411296,267
2135411297,267
6525670242,267
6525670241,267
4571940314,267
2632488435,267
3076574323,267
9804774392,267
316763590,268
1215563879,268
316763595,268
25632855,268
25632856,268
1215563903,268
6369329152,269
1215563875,269
9781311299,269
7553887498,269
9310662201,269
7553887509,269
9855343702,269
1215563894,269
25632857,269
25632858,269
1771426174,269
316763600,270
316763586,270
25632859,270
9856119643,271
3519879307,271
25632862,271
25632864,272
25632865,272
1215563890,272
244128953,272
25632863,272
5306194265,273
25634199,273
367114771,274
27458331,274
1312453919,274
2967343648,274
1312454048,274
2967343649,274
5931501991,274
27458353,274
1547013692,274
1312453950,274
1547013698,274
5342236740,274
9710359368,274
5335245256,274
3708234964,274
471488472,274
1312454114,274
471488484,274
1550763620,274
1547013743,274
367121266,274
1312454015,274
9080098305,275
9080098306,275
9080098307,275
9080098308,275
1014803714,275
1014803718,275
3528738438,275
9080098312,275
9080098313,275
9080098309,275
3528738434,275
1014803721,275
3528711693,275
9080098314,275
3876429831,275
3528710290,275
2934411668,275
9030037142,275
1014803736,275
255051289,275
6995618979,275
2935392676,275
3858880678,275
3528711722,275
27459116,275
27459120,275
27459638,275
28418497,275
302013776,275
3073173585,275
27459165,275
1939632502,275
2914561272,275
9703794686,275
9693974851,276
9703794692,276
9703794693,276
9080123623,276
429346236,276
27459198,276
9694087361,277
21523716,277
27460198,277
1014649672,277
3247933387,277
27459830,277
6995618971,277
9694087359,277
28418880,278
27459905,278
1312471267,278
429346243,278
4534184516,278
742399752,278
1312471210,278
4629462859,278
429346253,278
1312471217,278
1312471197,278
1312471190,278
9693971450,278
9693971451,278
9693971452,278
28418877,278
28418879,278
27459969,279
27459970,279
5165786242,279
2934288513,279
8515091589,279
5165786245,279
2934288517,279
27459971,279
2934288518,279
2934288523,279
2934288530,279
1043001378,279
3906588452,279
1043001410,279
1043001422,279
1043001423,279
27459945,279
27459951,279
27459959,279
6218501753,279
27459966,279
27460250,280
7487734942,280
4054356847,280
2969439040,281
1233350848,281
2612458246,281
9080123624,281
9080123627,281
27460439,281
5904585328,281
377490677,281
2872699894,281
3220254039,281
1042862785,282
7911297478,282
302013672,282
302013674,282
302013675,282
7815533548,282
7815533546,282
6345441358,282
7911297487,282
3486459762,282
3486459764,282
3486459765,282
249558966,282
347539416,282
27480956,282
3486459766,283
3735889430,283
7815143581,283
347542743,283
27480957,283
27480960,284
27480961,284
9678821156,284
9678821159,284
9678821160,284
9678821161,284
3486459769,284
28193265,285
3170676207,285
3892081378,286
4344245894,286
1014803686,286
7817162929,286
1014803702,286
1014803704,286
3894948093,286
28418138,286
3894948091,286
3892081373,286
2140124996,287
249679365,287
7797338599,287
7797338600,287
1014803691,287
302013681,287
4244498866,287
302013682,287
28418141,287
28418144,288
4344245892,288
4344245893,288
9693910743,288
3984132034,289
3984132035,289
3984132037,289
302013708,289
4422013486,289
28418929,289
4244498867,289
4244498868,289
28728210,290
7191329811,290
1755708646,291
1755708647,291
1755708648,291
1758552521,291
1758552522,291
2990664881,291
28800660,291
973128725,291
9693929369,291
1311961985,292
1401908258,292
28800661,292
28800662,292
1311962043,292
250550174,292
1755708737,293
1755708738,293
1755708739,293
9693903657,293
28800664,293
1755708730,293
1755708732,293
5565443391,293
2990651920,294
2990651921,294
28800666,294
5041945508,294
1755265444,295
5041945479,295
250550024,295
2990721389,295
8869464398,295
1755265428,295
1755265432,295
28800670,295
5046314073,296
5046314090,296
28800671,296
28800672,297
9856119642,297
8869435290,297
5247852872,298
316763513,298
5046314091,298
5046314092,298
316763500,298
28800689,298
5224630617,298
9693730842,298
5046314077,298
5046005758,298
1312454068,299
9694087365,299
30056255,299
1547392865,300
5580861156,300
707377287,300
30056330,300
1547393045,300
1238259337,301
4530011788,301
6261920913,301
4530012690,301
6261920915,301
4530012691,301
4530012692,301
4530012694,301
4530012695,301
4530012696,301
3499567135,301
4530012704,301
1771453217,301
1771453218,301
4729385030,301
4729385031,301
9808795596,301
59526352,301
1731225566,301
1150003423,301
249470452,301
3741131608,302
149431715,302
347335859,303
8868010205,303
213668839,303
250549699,304
250549700,304
8868010279,304
8868010280,304
8868010281,304
8868010218,304
213668842,304
213668844,304
8868010221,304
8868010202,304
1685272862,304
1719422032,305
213670986,305
7900221088,306
249560091,306
9021491075,306
7900221087,306
3528738439,307
3528738440,307
2934411661,307
2934411667,307
6280047277,307
6280047278,307
6280047280,307
5160943793,307
5160943794,307
5160943803,307
9375078973,307
5160943806,307
5160943807,307
9375078975,307
9375078974,307
4144358216,307
4144358217,307
9375100241,307
9375100242,307
9808795602,307
251757533,307
1771458655,307
1771458658,307
1939632504,307
249679102,307
4116809027,308
4116809028,308
249679343,308
250325410,309
3787645606,309
3787645607,309
3787645608,309
3787645609,309
3787645610,309
5492419692,309
9856119632,310
3334162601,310
250325411,310
9710304459,310
1401416208,311
250326914,311
250327037,312
1310663631,312
9693628387,313
9693628388,313
347335878,313
2642612586,313
250327576,313
250327618,314
9030155755,314
9030155756,314
7151566952,315
250327660,315
338319877,315
1312189057,316
354886082,316
1312188741,316
250549670,316
1312189098,316
1312188722,316
1312188660,316
1312188694,316
1312188824,316
1312188955,316
251892353,317
251892475,317
5925626141,317
5925626142,317
3930921860,318
3708234957,318
4230027057,318
251892564,318
843376599,318
4378043667,319
269547419,319
4378043661,319
4378043662,319
9051462722,320
6855696495,320
6855696498,320
627985397,320
275179893,320
275179767,320
6855696504,320
283062189,321
690295047,321
6855696497,322
6855696500,322
2112030869,322
6855696502,322
6855696503,322
2112030873,322
291951643,322
4823243100,322
302013673,323
302013676,323
316763545,324
5046005745,324
5046005743,324
1312264577,325
794039687,325
1312264648,325
9042133642,325
1312264524,325
7836155865,325
316763548,325
1782724125,325
316763559,326
316763561,326
2990806411,326
2990806413,326
1758554286,326
2990806415,326
2990806416,326
9041828942,326
1759454163,326
2990780037,327
4246525223,327
2990780039,327
2990806410,327
316763563,327
1758554289,327
1758554291,327
968499093,327
1758554294,327
8975833914,327
316763584,328
5046627553,328
1215563891,328
5046627645,328
6108171363,329
8975700260,329
343669791,329
7815143559,330
347541965,330
7911297463,330
1145174402,331
4571241384,331
9820538031,331
355416887,331
355416890,331
355416892,331
3257317059,331
9820537936,331
9820537937,331
9820537940,331
9820537941,331
9820537942,331
9820537943,331
9820537944,331
9820537946,331
1165343843,331
4729480806,331
4729480807,331
4729480808,331
4571244658,331
4571244659,331
4571244663,331
1312932832,332
6110164641,332
7644741346,332
9703827555,332
6110164647,332
377490664,332
9080123628,332
9690975244,332
1312932879,332
1312932849,332
3987750677,332
4534184507,332
4210859292,332
9693971465,333
377494060,333
27331469,333
473264641,334
390341443,334
4627445258,334
4627445259,334
4627445260,334
4627445240,334
4627445241,334
429346241,335
9703794694,335
9703794695,335
9703794696,335
9703794697,335
9693971464,335
4223357836,335
3987750679,335
9693971448,336
429346251,336
6273056648,337
435104721,337
6272993492,337
6239229423,337
435104732,338
435104735,338
1723340842,339
435104742,339
7918978033,340
438170475,340
1547013711,341
471488499,341
4847781268,341
1493722803,341
1550763764,341
9703794688,342
9703794689,342
9694087360,342
472493763,342
9080123619,342
9080123618,342
6969936109,342
6969936112,342
9703794687,342
473219610,343
8814668141,343
5104314222,343
25161386,344
473258827,344
3644748773,344
473264457,345
1268903266,345
585129712,346
1312471258,346
1561411396,347
585201189,347
8579276918,347
4462680068,348
7840712839,348
4462680078,348
1360122901,348
595709975,348
5573994014,348
5573994016,348
5573994017,348
5573994019,348
5603454628,348
5603454627,348
1360122919,348
1360122925,348
1938953395,348
1360122937,348
6329690691,348
8975645638,348
8975645640,348
8975645641,348
4512763348,348
1360122841,348
5460658138,348
1360122860,348
5839156209,348
1360122866,348
1360122871,348
8869472240,349
632438506,349
20460684,349
4992781175,349
3068267824,350
670103313,350
680069483,351
680069471,351
690295042,352
9690878341,352
5122737222,352
9690878343,352
5905807278,353
697037343,353
4715264001,354
4715264002,354
4715264004,354
722208263,354
4715263992,354
4136137530,354
819132568,355
748941508,355
1684781470,355
748941552,356
748941546,356
4195111363,356
4195111355,357
748941556,357
4661317153,358
4661317155,358
1617647919,358
761830938,358
1617647901,358
761831000,359
761831039,359
763372884,360
7911243861,360
2496836226,361
2496836231,361
1255490314,361
1150003513,361
806373565,361
811035012,362
5905897286,362
6446218921,362
6446218922,362
1556097034,362
1556097387,362
1556097139,362
1556097111,362
1556097271,362
1556097147,362
1556097215,362
914822496,363
914822508,363
5927671121,363
5927671156,363
9030155767,363
1755708768,364
1758552678,364
1758552682,364
2990717003,364
1759454351,364
973128722,364
1755708765,364
1755708766,364
1125619075,365
2632488445,365
7223326412,366
4835108997,366
1144619335,366
1150003155,367
9808795611,367
1150003224,368
1150003170,368
1150003270,369
1684835245,369
1309067472,369
1493658224,369
1685281076,369
1150003472,370
25473202,370
9042129984,370
9042129983,370
1150003480,371
1150003547,371
5565487612,371
4682627264,372
1150003571,372
256766533,372
6978563381,372
8336028507,373
5006978853,373
9024139145,373
9024139146,373
9024139147,373
9024139148,373
2387213899,373
1707790062,373
3518967818,373
1678452796,373
1163954964,373
1678452795,373
8336028508,373
1268892541,373
8429225386,374
8429706219,374
6110191186,374
8429774517,374
4167762777,374
4167762779,374
3855607516,374
1237883773,374
1238249904,375
7900221108,375
1736734053,375
2140125056,375
1312188679,376
1280491924,376
1280491926,376
2402557599,376
2387232555,376
2387232556,376
2387232557,376
2387232559,376
2387232561,376
2387232563,376
3741117630,376
1722268367,376
9856119633,376
1722268381,376
1722268384,376
1722268388,376
5492419693,376
5565455857,376
5565455858,376
8236052983,376
8236052987,376
8236052988,376
8236052990,376
8236052991,376
2624005734,377
4807521484,377
1309067471,377
3741131600,377
7636278193,377
4826555772,377
9030155763,377
7636244312,377
7636278195,377
7636278196,377
7636278198,377
1723315608,377
7636244313,377
7636244314,377
9042037852,377
25473201,378
1311961947,378
1311962012,378
1311962111,378
1312188704,379
1312188883,379
1312188797,379
9781190369,380
1312188821,380
3499500263,380
3741078112,381
5006764038,381
5006764039,381
9693935550,381
3892081372,381
1312319838,381
9693935551,381
1547013760,382
1547013601,382
8785024514,382
1312453936,382
1312453879,382
3272782433,383
1312454087,383
25532332,383
1312453996,383
3272712566,383
1678245252,384
3247932486,384
3381130089,384
1312454038,384
9781190366,384
25496910,385
1312471189,385
9690974262,385
9690974275,386
9690974276,386
9690974277,386
9690974278,386
4920098342,386
4920098343,386
6266867113,386
6266867112,386
6266867114,386
6266867111,386
9699944538,386
1312471196,386
1312471226,387
25497603,387
1319881922,388
4730978979,388
1319881924,388
4730978983,388
25496851,388
256766531,389
3739049348,389
1326821480,389
2387242385,389
4826555770,389
1343823418,390
250550023,390
1353133536,391
4643336966,391
4643336968,391
4643336979,391
1353133533,391
1782725824,392
8336028514,392
1401926435,392
8336028515,392
2387194149,392
2387194150,392
2387194148,392
9021504714,392
9021504715,392
2387194123,392
2387194126,392
2387194127,392
2387194128,392
7836155869,392
2387194131,392
6369401334,392
9781190365,392
1547013592,393
1547013588,393
1547013724,393
1547013574,393
1547013621,394
1547013694,394
1547013567,394
4402629177,395
4402594986,395
1547013655,395
8807410149,396
1547013672,396
1547013705,396
9856119630,396
1547013688,396
1547013699,397
1550763732,397
1547013704,398
1547013653,398
9694096799,398
8579233861,399
8579233862,399
6600283121,399
4619022514,399
1547013754,399
3830043581,399
1547392848,400
1547392818,400
1547392728,400
1547392764,400
1547392894,400
1547393025,401
1547392771,401
1547392914,401
1547392951,401
1547392927,401
6218468163,402
1550763749,402
9704122321,402
4847781269,402
1550763708,402
1556097153,403
1556097448,403
1556097227,403
5905896973,403
1556097166,403
1556097177,403
1556097178,403
1556097051,403
1556097185,404
1556097368,404
24952196,404
1951372935,404
4085404136,404
1556097321,404
1556097098,404
1556097163,404
4777897927,404
4777897928,404
1556097137,404
4018000435,404
1951372915,404
1556097080,404
1556097118,404
1951372927,404
1556097136,405
6918421512,405
6918421503,405
1556097337,406
1556097148,406
1556097245,407
5189042550,407
1951372909,407
1556097217,408
1951372930,408
4085404135,408
1561071656,408
1556097353,408
1561071655,408
1561071632,408
1556097431,408
1556097306,408
5976760443,409
1556324659,409
1571298195,410
20458276,410
1571298141,410
1590088452,411
1561071644,411
9805219990,412
1596648671,412
1599652497,413
5504771250,413
1599652492,413
4697288390,414
5146127859,414
367102039,414
1617596505,414
4696545402,414
25473048,415
4665353645,415
8373728533,415
1617596591,415
1617596616,416
1617596615,416
1617647898,417
1617647900,417
8373728532,417
1617647903,417
1617647928,418
1617647931,418
1617647924,418
1617647944,419
8373728530,419
25475332,419
9684083978,420
3267461759,420
3876713343,420
1678452760,420
1678452770,420
4085767971,420
4085767974,420
4085767978,420
4938216619,420
4085767980,420
4085767983,420
367091632,420
4085767989,420
4085767992,420
4085767993,420
2265050050,420
1828402758,420
1828402759,420
2620105428,420
9729684314,420
3267461728,420
3267461729,420
3267461747,420
3267461756,420
1536948605,420
3267461758,420
9684083967,420
1678452786,421
3474115151,421
7610670751,421
7610670876,422
1678452789,422
7610670826,423
7610670830,423
7610670771,423
1678452790,423
7610670780,423
7610670781,423
7610670906,424
1678452791,424
1678452793,425
7607077361,425
1684835042,426
1684835138,426
1684835110,426
8868809321,426
1684835019,426
6014333809,426
1684835121,426
1684835093,426
1684835030,426
1684835062,426
1684835097,426
1707790024,427
4658088777,427
1707790055,428
1707790057,428
4650375309,428
1707790063,428
1707790064,428
4650375508,428
6327615074,429
6327615075,429
6327615076,429
4658088585,429
4650375504,429
1707790067,429
4658088539,429
1955520890,429
3972566715,429
3197333544,430
7191329809,430
1711679380,430
1711679434,431
9375170322,431
9375170324,431
250549835,432
1718566997,432
1718567007,432
9804685199,433
9804685200,433
9804685201,433
9804685202,433
1723388986,433
7620895974,434
25161384,434
1727515734,434
110274,435
6369329155,435
6369329159,435
4076095242,435
25497613,435
6369329170,435
4076095253,435
1813618231,435
1813618232,435
1813618234,435
3320947996,435
4076095262,435
5041784633,436
1813618358,436
5014591889,437
1816038239,437
1816038199,437
1816038224,438
1816038237,438
4158000323,439
1816959492,439
3704225378,440
4085778923,440
1938819279,440
9684101713,440
4085778934,440
4143767990,440
1938819280,441
9684083979,441
1678452780,441
4401156476,442
1938819292,442
4729448869,442
1938819294,442
1939558672,443
4866807989,443
2218344501,443
1939558671,443
1939632512,444
4826555773,444
7824803494,445
7824803495,445
7824803501,445
4166634957,445
9072449309,445
1951372959,445
1953096696,446
2632476618,446
7796554012,446
2632476590,446
1990694635,447
1990694647,447
3130435826,448
1990694638,448
2480657188,449
2135411293,449
6431923714,450
6431923715,450
5471345385,450
9693974377,450
308837357,450
2146369238,450
9161061783,450
9846850972,450
9846850973,450
9846850974,450
2146369240,451
5468301601,451
10607626,451
9694087363,452
9694087364,452
3816097109,452
3816097110,452
4430996023,452
2203268985,452
6332545601,453
9030284967,453
3093894066,453
2254629351,453
3265436260,454
2341656968,454
4697287178,454
1828408303,454
8620082704,454
4696568114,454
4696544885,454
6327557047,454
6327557048,454
4166662878,454
6868293535,454
4749090120,455
2402557597,455
3093897991,455
6110164660,456
6110164659,456
2612458244,456
2632486641,457
3586606039,457
2632486645,457
2632486646,457
3586606038,457
2665239972,458
6509684093,458
2665239976,459
2665239973,459
2665239975,459
2665239977,460
2665239978,460
9684083981,460
9804685203,461
9804685204,461
2755124949,461
9804685206,461
9804685205,461
2872704413,462
3706494694,462
2914561217,463
5924603457,463
5924603458,463
5924603460,463
5924603459,463
5924611312,463
5924603444,463
5924603445,463
5924603446,463
5924603447,463
5924603449,463
8500636794,463
5924603452,463
5924603453,463
5924603454,463
5924603455,463
2935324281,464
288193455,464
4992781181,465
2990721391,465
3197339674,466
3197339676,466
3247825561,467
3247825562,467
3741131606,467
3247932481,468
8976060358,468
4835109001,468
3381130092,468
3381130493,468
4430996033,469
3247933381,469
3272782432,470
1547013738,470
3272782429,470
3644748769,471
3519288132,471
4430996024,472
4155841820,472
3632581622,472
3673602993,473
25477300,473
7815143465,473
9693628389,474
3741117629,474
9693628390,474
5788363874,475
4208239651,475
4208239642,475
9201323561,475
4462680076,475
5374181585,475
3972566714,475
5899711453,475
5899711454,475
4054356842,476
9703794691,476
27460210,476
5517519002,476
4077495872,477
4530195657,477
4077495883,477
4077495854,477
4077495855,477
4077495951,477
4077495858,477
4077495957,477
4077495862,477
4077495964,477
4166662881,478
8620105277,478
8675201264,479
7911282822,479
1556097326,479
4169714270,479
5609643672,480
4197055203,480
5609643675,480
4316306163,481
4316306164,481
1137777341,481
5342251136,482
4329502449,482
5177397824,483
8755805313,483
4367041960,483
4367041962,483
9691076056,483
4370333637,484
4370333638,484
4370333643,484
4370333627,484
4370333629,484
4401149224,485
5927671120,485
4401149225,486
5927671155,486
4401149228,486
7636278191,487
7636278194,487
4401149234,487
7636278197,487
7636278201,487
4826555771,487
4879371168,488
4879371165,488
4421008566,488
4429088632,489
25496785,489
8972511965,489
5265830862,489
7805198627,490
4530012700,490
4530012701,490
4665352264,491
4665352262,491
4675822097,492
4675822100,492
4682627259,493
6978555518,493
6978563383,493
4697525032,494
26374229,494
4697525030,494
8497605091,495
4777885221,495
9135848928,496
4777885222,496
1707790074,497
4822267107,497
4826555768,498
25632870,498
4859246419,499
2140506294,499
4864083784,500
6218501740,500
4866475736,501
4866475731,501
4866475733,501
4942595236,502
9781435149,502
5141876996,503
5141877239,503
5177352922,504
5177352923,504
5177352932,504
5177352933,504
5198585557,505
5198585559,505
9733914457,506
5253290694,506
25496750,507
5265840063,507
5609643673,508
5609643674,508
6280047275,509
5160943798,509
1366095187,510
6369329172,510
9024139129,511
6369361794,511
6369361795,511
6369361789,511
4077495826,512
6407948171,512
9201323322,513
6606148797,513
6606148798,513
6696695781,514
6696695783,514
6645346885,515
6711365597,515
6967585840,516
7824747297,516
302013777,517
6969936105,517
6969936106,517
6978555522,518
4682627263,518
9693963696,519
9693963697,519
9693963698,519
7075087299,519
7572833353,520
7572833350,520
7636278200,521
7636278199,521
7644741345,522
1233350847,522
7911282827,523
4169714271,523
7620895976,524
7926686249,524
9690915268,525
9690915267,525
8064065316,525
1587330970,526
8783914189,526
8604055550,526
8784212017,527
4826555767,527
8868010162,528
8868010171,528
250327159,528
8869040027,529
8869040028,529
9042041320,530
9042041321,530
28800667,530
9375170320,531
9375170321,531
9375170325,531
9691082176,532
4872502280,532
9694104280,533
9856119625,533
1547657140,533
9694104279,533
9703794690,534
9080123622,534
