node_id,cluster_id
3644748769,0
6866516260,0
3519288132,0
2453947051,0
4211515660,0
8787384683,0
1832666032,0
1637578546,0
8787692633,0
8787692634,0
104315,0
5119652864,1
5119652865,1
6431923714,1
6431923715,1
1816959492,1
2458273291,1
4077495820,1
4077495821,1
4077495826,1
1810130458,1
9203537438,1
9203537439,1
343669791,1
343669798,1
4077495854,1
4077495855,1
4077495858,1
2458260532,1
4077495862,1
9201323575,1
4077495867,1
4077495872,1
2458256449,1
4077495883,1
25495640,1
25495646,1
6724775011,1
6724775012,1
6724775013,1
6724775014,1
6724775015,1
6724775016,1
6724775017,1
6724775018,1
6108171363,1
1832248428,1
6124650606,1
1236791408,1
5948183671,1
1832227968,1
25509513,1
5504212623,1
4077495951,1
26678167,1
9805219989,1
25509526,1
25509527,1
4077495957,1
6279388822,1
6279388823,1
6279388824,1
4077495964,1
25509533,1
25509534,1
4730978978,1
1236791459,1
4942595236,1
4730978981,1
4730978982,1
4730978979,1
4730978983,1
4077495971,1
4730978984,1
2458257578,1
9694031532,1
5265953452,1
5265953454,1
1364161197,1
5265953455,1
5265953457,1
5265953450,1
5265953459,1
5265953451,1
2458301100,1
1832228016,1
1938953399,1
1684437690,1
1684437692,1
1319881922,1
4158000323,1
1319881924,1
4530195657,1
1236791504,1
894485202,1
2146369238,1
1953202903,1
1953202907,1
21578459,1
1596648673,1
5471345385,1
1236791535,1
4076126448,1
1832129778,1
9197589238,1
109815,1
109816,1
2458303223,1
109818,1
1832129789,1
25495807,1
1236791552,1
25495808,1
1832129795,1
4076126468,1
9781435146,1
9781435148,1
9781435149,1
25496847,1
25496848,1
25496849,1
470727954,1
25496850,1
1938819348,1
1938819346,1
1938819350,1
1938819351,1
25496851,1
25496854,1
1832129813,1
25496855,1
25496857,1
338474269,1
1832129823,1
25481504,1
25481506,1
8975700259,1
8975700260,1
8975700261,1
1832129831,1
8975700266,1
25495858,1
9781311295,1
9856119617,1
7946372933,1
7946372934,1
7946372935,1
7946372936,1
7946372937,1
7946372938,1
7946372939,1
7946372940,1
7946372941,1
7946372942,1
5516594509,1
1832129873,1
1655214934,1
1832129878,1
109408,1
109409,1
109410,1
108389,1
108390,1
8787384680,1
9693974377,1
1655214955,1
2458257570,1
9197589363,1
1953202962,1
2458307450,1
104318,1
2458257573,1
6407948171,1
6407948172,1
9161061778,1
9161061779,1
2453941139,1
9804471701,1
9804471702,1
9161061783,1
26678168,1
26678169,1
26678166,1
2453941147,1
5207487900,1
9846850972,1
9846850974,1
9846850973,1
5119652863,1
26678171,1
6988528038,1
6988528039,1
8645592521,1
1364172237,1
9197589454,1
9197589455,1
9197589457,1
25497563,1
25497564,1
25497566,1
6279388821,1
3644748768,1
3644748770,1
308837357,1
1364168178,1
3817308659,1
3817308660,1
4076126707,1
1364168180,1
5119652857,1
1364169899,1
5119652862,1
1360122879,1
6369329152,2
6369329153,2
6369329154,2
6369329155,2
6369329156,2
1236791297,2
6369329158,2
6369329159,2
6369329160,2
6369329161,2
6369329162,2
6369329163,2
6369329164,2
25497611,2
6369329166,2
6369329167,2
6369329165,2
6369329169,2
25497612,2
6369329171,2
6369329172,2
3233714196,2
6369329170,2
3233714197,2
1150003224,2
3233714198,2
3233714193,2
3233714194,2
3233714195,2
2632464413,2
6509584408,2
2632464415,2
2632464416,2
2293833760,2
1678452770,2
2293833763,2
20955164,2
6863550501,2
1726730281,2
1419565097,2
2398924843,2
2632464427,2
2398924845,2
1678452780,2
6863550510,2
1236791344,2
8784212017,2
1678452788,2
2398924853,2
1678452789,2
2398924855,2
1678452792,2
1678452793,2
1678452791,2
1678452795,2
1678452796,2
1678452797,2
2398924863,2
1678452799,2
1726730303,2
1678452802,2
1726730307,2
262078536,2
25524297,2
25632855,2
25632856,2
25632857,2
25632858,2
25632859,2
1726730329,2
4870281309,2
18468958,2
25632862,2
4870281310,2
1215563870,2
4870281311,2
25632864,2
1215563875,2
25632865,2
25632863,2
1215563878,2
1215563879,2
2398924896,2
1215563881,2
2398924898,2
18468966,2
6369390698,2
18468962,2
6369390696,2
6369390701,2
6369390700,2
1215563890,2
1215563891,2
1326821490,2
6369390702,2
1215563894,2
1215563895,2
1726730354,2
10606709,2
25503862,2
21563508,2
32921720,2
7223704403,2
1326821502,2
1215563903,2
1326821504,2
1215563905,2
18468961,2
5342251136,2
373364868,2
1155584130,2
373364870,2
25503880,2
1326821513,2
373364874,2
3519879307,2
1326821515,2
3965024397,2
373364878,2
3965024398,2
3965024399,2
9611081868,2
7617755275,2
7617755274,2
1326821524,2
1326821525,2
25503885,2
4156336279,2
25495698,2
8785567902,2
25499808,2
1326821539,2
1326821541,2
1617596627,2
367100073,2
5177397418,2
5177397419,2
5177397420,2
3656358065,2
1617596593,2
1326821557,2
25473206,2
25473207,2
1326821559,2
1236791478,2
368044217,2
2215139515,2
1326821564,2
4650375357,2
1326821566,2
2632431806,2
2632431807,2
1326821569,2
25497613,2
1617596606,2
490946748,2
419350723,2
1617596615,2
1617596616,2
1326821577,2
1326821579,2
1782712524,2
1617596621,2
1938819279,2
367077584,2
1326821585,2
1938819282,2
1326821587,2
1938819284,2
1938819285,2
1938819286,2
1938819283,2
1938819288,2
1938819289,2
1938819290,2
5060405461,2
1326821596,2
1938819292,2
1938819294,2
1938819293,2
25497824,2
1938819296,2
1938819299,2
25497828,2
1938819301,2
25497829,2
1617596646,2
1938819304,2
1938819302,2
1938819306,2
4650375402,2
1326821613,2
1938819313,2
1617596659,2
1938819316,2
25497845,2
1938819317,2
1938819319,2
1938819320,2
1938819325,2
1938819326,2
1617596669,2
1938819328,2
1938819329,2
1938819330,2
1938819331,2
1236791555,2
25475331,2
25475332,2
1938819335,2
1938819336,2
8263166217,2
8263166218,2
2387194123,2
8263166219,2
1938819340,2
2387194126,2
2387194127,2
25497872,2
2387194128,2
1938819344,2
2387194131,2
1617596686,2
2387194133,2
1828402759,2
7610670906,2
7796554012,2
4072476959,2
25632774,2
4072476960,2
1617596704,2
2387194148,2
9024139144,2
2387194149,2
1782728999,2
2387194150,2
1617596711,2
1617596714,2
2387194156,2
2387194157,2
8989843465,2
4383369519,2
6739026230,2
4663312695,2
4663312696,2
4663312697,2
4663312698,2
9024139149,2
7183962432,2
2140432704,2
108864,2
9024139150,2
108867,2
1617647944,2
1617647945,2
4650375504,2
3497472337,2
2140420434,2
4383369553,2
237908,2
4650375508,2
237911,2
5306194265,2
1081508186,2
1536948581,2
1081508200,2
3319978344,2
25470781,2
1955520879,2
25497968,2
1081508209,2
1771426165,2
25470783,2
1955520887,2
1955520890,2
372050299,2
4401156476,2
25470784,2
1771426174,2
5207476606,2
5207476607,2
5207476609,2
5207476610,2
25438595,2
5207476611,2
5207476613,2
25504129,2
5207476615,2
367104392,2
5207476617,2
5207476619,2
10572172,2
1939632526,2
25504143,2
25504144,2
1536948622,2
10572178,2
10572179,2
10572180,2
21563791,2
1678452753,2
367106464,2
20965794,2
4034060015,2
20965796,2
20965797,2
20965798,2
20965799,2
20965800,2
20965801,2
4729448869,2
20965803,2
20965804,2
20965805,2
20965806,2
4729448871,2
25438638,2
4034060018,2
3518967818,2
4143767990,2
1678452760,2
33141178,2
747893184,2
8373690817,2
8373690818,2
8373690819,2
8373690820,2
473266627,2
372978120,2
8373690825,2
8373690826,2
8373690827,2
8373690828,2
8373690829,2
5973397966,2
8373690830,2
8373690832,2
8373690833,2
8373690834,2
8373690835,2
8373690836,2
8373690837,2
8373690838,2
8373690839,2
8373690840,2
8373690841,2
8373690842,2
8373690843,2
8373690844,2
8373690845,2
8373690846,2
864817628,2
2466456411,2
8785568228,2
2466456412,2
7223728617,2
4085778923,2
2466456413,2
321255919,2
2466456414,2
7607077361,2
6369401334,2
4085778934,2
21563479,2
8620105268,2
8620105269,2
7607077372,2
469776896,2
8785484288,2
21563481,2
957122446,2
473264641,2
4017328647,2
25438732,2
25503851,2
4689775124,2
470729237,2
4689775126,2
10607127,2
10607128,2
10607129,2
8785484312,2
8785484313,2
8785484316,2
10607133,2
8785484315,2
8785484314,2
268124704,2
21563489,2
5475684917,2
372978232,2
5177397821,2
5177397822,2
5177397823,2
5177397824,2
256766529,2
5177397825,2
5177397827,2
5177397828,2
5177397829,2
5177397830,2
3267461703,2
5177397832,2
9754527745,2
9754527744,2
5177397835,2
3474115148,2
3267461709,2
441958990,2
1782729295,2
441958992,2
1782729296,2
5238528591,2
9684101713,2
6840965712,2
268124583,2
3696548438,2
3267461710,2
4530057817,2
3267461721,2
4658088539,2
9729684314,2
2135411294,2
2135411296,2
2135411297,2
9024076384,2
9024076385,2
4369519204,2
3267461729,2
3267461728,2
25475688,2
3267461737,2
25475690,2
25475691,2
5736692334,2
21563503,2
3267461742,2
4369519219,2
3267461747,2
3267461749,2
3267461752,2
4369519227,2
3267461756,2
3267461758,2
3267461759,2
7223712382,2
4658088585,2
2294047369,2
4866591373,2
4866591374,2
4866591375,2
4866591376,2
108409,2
18395811,2
4085767970,2
4085767971,2
4922952362,2
4691514032,2
1268892338,2
4530270906,2
473262779,2
4530270908,2
25471681,2
4530270913,2
8785457867,2
2241962700,2
2620105428,2
6525670240,2
1311961826,2
3519005409,2
1020211942,2
4691460851,2
25471732,2
25471733,2
25471734,2
419347194,2
419347195,2
419347196,2
419347197,2
419347198,2
419347199,2
419347200,2
419347201,2
419347202,2
419347203,2
2632430340,2
2632430342,2
25500427,2
275180300,2
4089236235,2
4089236236,2
4085767992,2
1163954964,2
4085767993,2
8807441176,2
5207477021,2
3519013665,2
1401926435,2
1268900644,2
5006063178,2
2480657190,2
5973627687,2
25503841,2
5006063179,2
1536948605,2
1268892466,2
1268892467,2
1268900660,2
1311961910,2
4627491642,2
4627491643,2
25503845,2
390341443,2
9856119621,2
446765895,2
390073160,2
4643337035,2
25503848,2
2466456399,2
2466456400,2
2466456401,2
2466456402,2
2466456403,2
2466456404,2
2466456405,2
2466456406,2
2466456407,2
2466456408,2
2466456409,2
8336028505,2
9856119643,2
8336028508,2
8336028509,2
9804653406,2
8336028510,2
9804653408,2
8336028507,2
9856119645,2
8336028511,2
8336028516,2
25500517,2
8336028512,2
8336028513,2
8336028515,2
8336028514,2
6525670241,2
6525670242,2
6369390690,2
632447859,2
6369390691,2
4663309171,2
25500535,2
4860803960,2
4860803961,2
1649365881,2
6369390692,2
8373651315,2
1268892541,2
6369390693,2
1214922421,2
8373651316,2
3876713343,2
6369390694,2
4650375309,2
1311961991,2
6369390695,2
6369361794,2
21392267,2
6369361795,2
21392272,2
6369390697,2
21392273,2
4378043283,2
2586616722,2
1759454104,2
1759454106,2
6369390699,2
1311962013,2
1311962016,2
1236791506,2
4240028580,2
1759454118,2
1759454122,2
354935735,2
1163955130,2
8620272571,2
2265050050,2
435104715,2
435104717,2
5177410511,2
3586606038,2
3586606039,2
455705562,2
269589467,2
5353604060,2
5353604061,2
9310682079,2
1311962082,2
8373623781,2
3644748774,2
25066470,2
2360685543,2
1311962089,2
8373752817,2
25504755,2
25504756,2
2012969971,2
8373690824,2
9804774392,2
1953096696,2
25504760,2
25504763,2
9781311296,2
9781311297,2
25504769,2
25504770,2
9756243981,2
107667,2
3265436678,2
9756243982,2
3265436680,2
25504777,2
1311962122,2
25504779,2
9756243983,2
3265436686,2
3265436688,2
9756243984,2
1311962130,2
3518995475,2
3265436692,2
9756243985,2
3265436695,2
8373690831,2
3497483291,2
9756243986,2
7926506525,2
7926506526,2
7926506527,2
7926506529,2
7926506530,2
7926506531,2
7926506532,2
9754453026,2
9754453027,2
9754453031,2
9754453032,2
9754453033,2
9754453030,2
9754453028,2
319984684,2
1360122924,2
9754453029,2
25496622,2
24951856,2
1723388979,2
4866653236,2
1311962169,2
1723388985,2
1311962182,2
5711517571,2
4150883407,2
9855343702,2
1938819280,2
282719,2
2140421219,2
2140421220,2
7572833381,2
2140421222,2
2140421223,2
2140421224,2
7572833379,2
7572833380,2
3076574323,2
5114681227,2
107641,2
107643,2
107644,2
107646,2
107647,2
8755805313,2
5114681230,2
2140506294,2
20460681,2
5880188045,2
20460686,2
20460687,2
20460688,2
5880188046,2
20460690,2
20460691,2
20460692,2
107668,2
20460694,2
20460695,2
20460696,2
20460697,2
9691102358,2
8785441943,2
6506796188,2
8785441944,2
9691102362,2
7607080091,2
1239549084,2
107684,2
107685,2
107686,2
107687,2
107688,2
1617532073,2
107690,2
4938216619,2
107692,2
107693,2
419632303,2
419632306,2
419632307,2
1617532085,2
1617532087,2
1617532088,2
244128953,2
1617532090,2
25066684,2
1617532092,2
1782725824,2
25066694,2
2387209415,2
25066696,2
9021504714,2
9021504715,2
3233714192,2
4703542482,2
4703542483,2
419350669,2
1054045407,2
5046627553,2
4822267107,2
4822267109,2
2360681713,2
2387207417,2
2387207418,2
2387207420,2
2387207421,2
2387207423,2
9684083967,2
2387207425,2
2387207426,2
388455682,2
9684083971,2
9684083975,2
9684083976,2
9684083977,2
7553887498,2
9684083979,2
9684083978,2
1054045453,2
9684083981,2
9684083983,2
9684083982,2
9684083984,2
8373728530,2
9684083987,2
9684083988,2
7553887509,2
9684083992,2
9684083993,2
9684083995,2
3320947996,2
25066784,2
9021498664,2
7223668011,2
7223668012,2
5976853817,2
2265048377,2
5046627645,2
2919962041,2
5046447437,2
3816097102,2
3816097103,2
3816097104,2
3816097105,2
26374236,2
1366095187,2
1366095189,2
1366095190,2
2919962045,2
6951230826,2
1793420652,2
1655418222,2
7946378607,2
7946378608,2
4826555767,2
25505677,2
1125619075,2
4378043789,2
5006065038,2
9161061775,2
5006065040,2
5006065041,2
5006065037,2
5006065039,2
25634199,2
5207487897,2
6871422365,2
748885412,2
2665239973,2
2665239975,2
4367041960,2
2665239977,2
1954751914,2
4367041962,2
1954751916,2
2665239978,2
1954751918,2
2665239976,2
1954751924,2
9693963701,2
9693963702,2
9693963703,2
9693963704,2
9693963705,2
9693963706,2
9693963707,2
9693963708,2
2919962040,2
2919962039,2
2919962038,2
316763584,2
2919962042,2
316763586,2
2919962043,2
2919962044,2
9693982149,2
316763590,2
2919962046,2
316763595,2
2775653836,2
316763600,2
25499095,2
9691076056,2
1125619161,2
4571940314,2
4328443355,2
4571940315,2
4627445213,2
1148276186,2
4627445215,2
1852997088,2
25499104,2
4627445216,2
4627445217,2
2466442731,2
25499115,2
4866651966,2
2632488435,2
2466449291,2
4627445240,2
4627445241,2
2632488445,2
5055364608,2
373364225,2
5055364610,2
5055364611,2
373364228,2
6293128709,2
5055364612,2
5055364614,2
7223695323,2
4627445257,2
4627445258,2
4627445259,2
4627445260,2
4627445261,2
7223695324,2
21583366,2
8620105233,2
8620105234,2
8620105236,2
8620105240,2
4630855193,2
1810130457,2
8620105243,2
8620105244,2
8620105242,2
4089226784,2
4630855202,2
4630855203,2
4630855204,2
4630855205,2
1125619235,2
8620105259,2
473265708,2
8620105265,2
1813618227,2
1813618228,2
1813618229,2
1813618230,2
1678155318,2
1813618231,2
9310662201,2
9310662202,2
1596655163,2
25067068,2
1813618232,2
1813618234,2
8620105270,2
1148276284,2
5006063170,2
5006063171,2
5006063172,2
5006063173,2
1828402758,2
5006063175,2
2387213896,2
1828402760,2
5006063176,2
2387213899,2
5006063177,2
1828402765,2
2387213902,2
1828402767,2
2387213904,2
1828402769,2
5006063186,2
8336028504,2
1828402771,2
5006063180,2
1828402774,2
9756278362,2
9756278363,2
9756278364,2
3704225374,2
3704225375,2
3704225376,2
25577057,2
3704225378,2
3704225379,2
3704225380,2
6327615076,2
6327615075,2
5976850023,2
5976850024,2
6327615074,2
7610670710,2
3328228993,2
3328228994,2
4962956931,2
3328228996,2
264824452,2
3328228998,2
25161351,2
25161352,2
25161353,2
3328229004,2
973158035,2
761831060,2
3722411669,2
25161365,2
25161366,2
25161372,2
2360684188,2
8263157412,2
8263157413,2
8263157414,2
8263157415,2
8263157416,2
7271474856,2
7271474855,2
8785503917,2
8785503918,2
8785503919,2
8785503920,2
5041784501,2
1813618358,2
3972566710,2
4077627063,2
3972566713,2
1214922426,2
3972566715,2
3972566716,2
1214922428,2
1214922429,2
255860415,2
110274,2
1707790023,2
1707790029,2
7613626070,2
7613626073,2
9781190365,2
2775635677,2
1707790052,2
1707790055,2
4034060007,2
1707790057,2
4034060012,2
1707790062,2
1707790063,2
1707790064,2
4329502449,2
2632486641,2
1707790067,2
2265065203,2
2632486645,2
4379801334,2
2632486646,2
2265065207,2
4034060017,2
4866623226,2
1707790074,2
1707790076,2
1707790085,2
4076095242,2
8868824843,2
419632906,2
1707790096,2
1782730512,2
4076095253,2
25505561,2
7610670876,2
4076095262,2
2331184927,2
2331184929,2
2331184930,2
2331184931,2
2331184932,2
5006978853,2
8868824870,2
8868824871,2
5006978855,2
5006978856,2
5006978857,2
2331184934,2
7610670892,2
2331184935,2
4085767974,2
4085767983,2
4085767978,2
25505585,2
4085767980,2
4085767989,2
7926554423,2
4866651959,2
5041784633,2
5041784634,2
4866651962,2
7926554424,2
4866651963,2
7926554430,2
7926554431,2
4866651968,2
1813618497,2
9781311298,2
9781311299,2
8868824899,2
367105859,2
367105858,2
4866651969,2
7610670913,2
7610670919,2
7610670921,2
25505607,2
3267461693,2
4859246418,2
4859246419,2
2398924893,2
4859246420,2
25505622,2
4764884821,2
25505624,2
3267461696,2
25505629,2
1326821471,2
6525670234,2
6525670235,2
7617785701,2
6525670236,2
108391,2
6525670237,2
7617785710,2
25505648,2
6525670238,2
7617785714,2
7617785713,2
4530339698,2
1835356021,2
4530339700,2
4530339702,2
4530339699,2
9024139129,2
6525670239,2
4530339701,2
9024139132,2
9024139133,2
9024139134,2
104319,2
104320,2
9024139135,2
9024139138,2
9024139136,2
9024139137,2
6369361789,2
2466445190,2
2466449286,2
2466449288,2
9024139145,2
25505673,2
4428887946,2
2466449287,2
9024139147,2
9024139143,2
2466449289,2
2466449296,2
2466449290,2
9024139148,2
9024139146,2
2466449293,2
2466449295,2
2466449294,2
2466449297,2
25505679,2
4807796633,2
4661317524,2
1813794712,2
2387212189,2
4661317536,2
7066617760,2
9693865890,2
25632677,2
25632683,2
25632684,2
4860825518,2
2632476590,2
367091632,2
1726730162,2
1726730165,2
4719617974,2
472346838,2
469759942,2
469759943,2
2632476618,2
5880186827,2
5880186828,2
2632476621,2
25470928,2
1150003155,2
3813810132,2
9808795605,2
9808795606,2
9808795607,2
9808795608,2
9808795609,2
9808795610,2
9808795611,2
3813810133,2
7836155869,2
7223709662,2
2632476639,2
7223709664,2
1725360097,2
1150003170,2
3497461727,2
7223709668,2
7223709669,2
7223695327,2
7223695326,2
25475182,2
9754527740,2
9754527741,2
9754527742,2
9754527743,2
104321,3
5046314042,3
9693760971,3
24951853,3
24951854,3
4922952373,3
5046314040,3
9856119641,3
268997562,3
5046314043,3
25632860,3
5046314041,3
25161345,4
104322,4
25161346,4
8869435268,4
8869435266,4
1718328198,4
1718233994,4
1721678995,4
2140227862,4
25161368,4
8869435257,4
8869435290,4
7836164763,4
7836164764,4
7836164765,4
5046005790,4
9693730842,4
28800672,4
7553887392,4
18382242,4
7553887409,4
3533830193,4
28800689,4
7553887415,4
268997560,4
1718233922,4
5247852872,4
24950093,4
25066450,4
25066451,4
25066453,4
5224630617,4
7836155866,4
9856119642,4
5046314077,4
1684511838,4
24950117,4
1718233957,4
316763545,4
5046314091,4
7567588716,4
316763501,4
316763500,4
5046005743,4
5046314092,4
5046005745,4
1717650794,4
1771426166,4
316763513,4
1771426172,4
1771426173,4
5046005758,4
8438226815,4
4167762779,5
104323,5
8429225386,5
8429706219,5
8429795032,5
295977520,5
6110191186,5
4167762777,5
8429774517,5
4167762776,5
8429795033,5
8429795034,5
8429795035,5
3855607516,5
1237883773,5
107584,6
251892754,6
251892950,6
30056310,6
3847023130,6
3847023131,6
9703794688,7
9703794689,7
9703794690,7
3876429831,7
7797731340,7
7797731341,7
7797731342,7
7797731343,7
5104314384,7
24662037,7
9694072864,7
1043001378,7
1569343523,7
25067558,7
25532464,7
2218344498,7
2218344501,7
27459638,7
2218344503,7
2218344505,7
25532475,7
2218344508,7
5342236733,7
2218344510,7
2218344511,7
2218344509,7
1043001410,7
2218344516,7
5342236740,7
2218344518,7
3073173576,7
2218344522,7
1043001422,7
1043001423,7
3073173585,7
1569343576,7
1569343577,7
1211381855,7
1771458655,7
1771458658,7
25067636,7
2934288513,7
4835108995,7
4835108996,7
2934288517,7
2934288518,7
4835108997,7
4835109000,7
4835109001,7
2961540,7
2934288523,7
5257738379,7
5257738381,7
2961549,7
5257738384,7
2934288530,7
3528710290,7
5257738387,7
5257738389,7
5257738390,7
1569216662,7
2961557,7
1312471193,7
18395288,7
25067670,7
3858880678,7
1312471208,7
5160943793,7
5160943794,7
5160943797,7
1312471222,7
5160943798,7
1566269623,7
4866807989,7
5160943803,7
9694087358,7
9694087359,7
9694087360,7
9694087361,7
9694087362,7
9694087363,7
9694087364,7
9694087365,7
4688513218,7
5160943807,7
7082240198,7
1039290562,7
4866705606,7
1312188619,7
5141625698,7
7223298253,7
7223298254,7
25067727,7
7223298252,7
25067728,7
1039290578,7
4688513237,7
1039290584,7
4688513241,7
1039290586,7
25067737,7
3153656028,7
5141625702,7
3153656030,7
9080123618,7
9080123619,7
9080123622,7
1312471271,7
6969936109,7
6969936112,7
27351282,7
27351284,7
27459830,7
1939558647,7
1939558648,7
1939558649,7
1939558650,7
25477371,7
1939558651,7
1939558646,7
1939558655,7
1939558657,7
1939558659,7
1939558660,7
1939558661,7
1939558663,7
1939558664,7
1939558666,7
1939558667,7
25067788,7
18469130,7
1569343756,7
1939558671,7
1939558672,7
1939558673,7
1939558674,7
1717643537,7
1939558677,7
1939558678,7
6463234329,7
1939558681,7
1939558684,7
5925626141,7
5925626142,7
1939558687,7
1046391070,7
3139705121,7
6985373983,7
6985373980,7
6985373982,7
6985373984,7
4866664736,7
1939558697,7
1312188714,7
1939558700,7
1939558701,7
1939558704,7
8043350325,7
9027328313,7
9027328314,7
8043350341,7
1144619335,7
8579522887,7
1782718791,7
1782718792,7
4195103055,7
8390582613,7
25067871,7
1312188768,7
27459945,7
25067883,7
27459951,7
25248112,7
25248113,7
25248114,7
25248115,7
25248117,7
25248118,7
2297373047,7
1939632504,7
1939632502,7
27459959,7
25248120,7
25248122,7
25248123,7
25248124,7
25248119,7
27459966,7
25248125,7
25248127,7
27459969,7
27459970,7
27459971,7
25248128,7
25248126,7
2902624645,7
2934411661,7
2934411667,7
2934411668,7
1312188821,7
1312264600,7
5065949596,7
25067933,7
5065949598,7
25067935,7
25067936,7
1312264610,7
2935392676,7
1569343909,7
5931501991,7
1312264618,7
5095547321,7
259252667,7
5160943806,7
28418497,7
2387220933,7
5335245256,7
6465896909,7
3644785104,7
1312188886,7
2961885,7
2961891,7
2406484452,7
2406484453,7
1678283238,7
2406484455,7
8807410152,7
2406484454,7
1678283242,7
212916714,7
1678283244,7
8807410154,7
8807410158,7
1678283247,7
2406484460,7
9042053624,7
1401416203,7
1365887500,7
4077593104,7
367114771,7
2967343648,7
2967343649,7
7926686250,7
7657257518,7
4305986094,7
4430996023,7
9375078973,7
9375078974,7
9375078975,7
4430996033,7
5238587992,7
5238587994,7
4866976614,7
3272782433,7
2218340965,7
27460198,7
5049840242,7
5049840243,7
7797330549,7
5049840245,7
5049840248,7
251892353,7
9710332576,7
9710332577,7
27460259,7
6280047275,7
6280047277,7
6280047278,7
6280047280,7
3715515059,7
1569241807,7
1569241808,7
24660697,7
8318757605,7
8318757606,7
3499500263,7
1566270189,7
251892475,7
18393873,7
5141625621,7
7906964247,7
7906964248,7
7906964249,7
7906964250,7
7906964251,7
27458331,7
5141625623,7
5141625630,7
5141625625,7
2793904931,7
9021535020,7
27458353,7
4077599543,7
4077599544,7
4077599545,7
6032044867,7
6032044868,7
1014649672,7
4144358216,7
4144358217,7
473258827,7
9856119628,7
9710359368,7
9856119635,7
9856119638,7
5141625696,7
9856119649,7
4866976610,7
4866976611,7
9856119651,7
4866976613,7
109414,7
3381130086,7
3381130087,7
109415,7
3381130089,7
3381130090,7
3381130091,7
3381130092,7
109416,7
4866976617,7
5141625703,7
367121266,7
3145798533,7
3517719434,7
251757452,7
251757458,7
2279592861,7
2279592862,7
24951721,7
4827050921,7
212927414,7
8753664977,7
25066457,7
251757533,7
1733389278,7
3644748767,7
3644748773,7
5473274866,7
4866784251,7
5334625292,7
5334625293,7
385311590,7
7745051680,7
1721713699,7
7636163631,7
385311796,7
6985395258,7
107585,7
3247932481,7
107587,7
107586,7
107588,7
3247932486,7
1727515734,7
3585762393,7
2793874522,7
3272712566,7
329983075,7
250549348,7
107626,7
107627,7
107628,7
107634,7
107637,7
10677374,7
10677376,7
10677377,7
5165786242,7
5165786245,7
8515091589,7
9856119650,7
6995618971,7
6995618979,7
4867087535,7
9021504716,7
3708234964,7
7620895974,7
1951616231,7
1951616232,7
1951616234,7
1951616236,7
2914561272,7
2642857212,7
3381130493,7
249679102,7
28419328,7
21523714,7
21523715,7
21523716,7
1014803714,7
1014803718,7
1951616261,7
1951616263,7
1014803721,7
1951616268,7
1951616270,7
1951616276,7
1951616278,7
1014803736,7
24661273,7
1951616283,7
1951616284,7
1312453915,7
1951616287,7
1312453919,7
24950050,7
1951616291,7
1951616292,7
24950051,7
1951616295,7
1951616297,7
24950064,7
24950065,7
25068862,7
1951616319,7
1312453950,7
1312453954,7
1951616322,7
1951616325,7
1951616327,7
5925584201,7
5925584203,7
5925584204,7
1312453966,7
302013776,7
9375100241,7
3816097106,7
3816097107,7
3816097108,7
3816097109,7
3816097110,7
9375100242,7
24950101,7
24950102,7
24950105,7
24950104,7
357999964,7
1312453981,7
24950109,7
24950107,7
24950112,7
24950113,7
24950114,7
24950115,7
24950110,7
24950111,7
1312453996,7
8807431535,7
8807431541,7
8807431546,7
8807431548,7
8807431550,7
8807431551,7
1312454015,7
1678245252,7
9030155653,7
3550836102,7
8807431559,7
8807431560,7
9030155654,7
1678226827,7
1556260235,7
1556260241,7
1312454038,7
2872704413,7
1678226846,7
1312454045,7
1312454048,7
3215687074,7
1312454055,7
3499556266,7
25544111,7
25544112,7
8318797234,7
8318797235,7
1312454068,7
8318797236,7
1782717878,7
8318797237,7
1312454066,7
2218362306,7
2218362310,7
1312454087,7
1312454086,7
2218362314,7
2218362316,7
2218362321,7
1312454100,7
6985379285,7
6985379286,7
3499544028,7
2218362332,7
2218362336,7
1731216865,7
1312454114,7
1678226917,7
1350430181,7
9030155749,7
9042027865,7
5141216745,7
5141216746,7
9030155753,7
9042027866,7
8785024497,7
5141216754,7
25069046,7
9080098305,7
9080098306,7
9080098307,7
9080098308,7
9080098309,7
9080098312,7
30078473,7
9080098314,7
9080098313,7
3528711693,7
5141216782,7
5141216790,7
255051289,7
5473273373,7
5473273376,7
3215685153,7
9693920802,7
9693920803,7
4729628192,7
3528711722,7
27459116,7
27459120,7
1547013692,7
1547013698,7
6218501713,7
5473273425,7
6218501715,7
6218501717,7
1678227031,7
5473273433,7
5473273435,7
27459165,7
1550763620,7
6218501740,7
1547013743,7
6218501746,7
1186508405,7
6218501751,7
6218501753,7
2218348156,7
6218501757,7
2218364541,7
2218364543,7
3528738434,7
3528738438,7
3528738439,7
4726152840,7
3528738440,7
1497452171,7
4726152844,7
4726152847,7
4726152848,7
25161361,7
4726152850,7
25161363,7
25161362,7
25161360,7
4726152854,7
9030037142,7
4726152857,7
25161370,7
1569312412,7
25161377,7
25161378,7
25161379,7
25161380,7
25161381,7
25161383,7
25161384,7
25161386,7
1493722804,7
5218862786,7
472493763,7
7223326407,7
7223326408,7
7223326409,7
7223326410,7
7223326411,7
7223326412,7
7223326413,7
7223326414,7
6470264535,7
6470264536,7
9781190366,7
9781190367,7
9781190368,7
9781190369,7
3706494694,7
5104314096,7
5104314098,7
7223365368,7
7223365370,7
7223365371,7
7223365372,7
24659709,7
255678213,7
2378843909,7
2538458898,7
24659736,7
2195965722,7
2195965723,7
5218844445,7
5218844446,7
3906588452,7
24659764,7
30056255,7
21307200,7
4864083784,7
4864083785,7
30056277,7
5141354328,7
5141354329,7
5141354330,7
5141354331,7
5141354332,7
5141354333,7
5227220835,7
5227220845,7
5227220846,7
5227220848,7
2203268985,7
8869435258,7
6369361788,7
6369361790,7
9030029183,7
6369361792,7
6369361791,7
6369361796,7
6369361797,7
25067400,7
5104314255,7
4072083344,7
4072083345,7
5104314256,7
2389802901,7
2389802904,7
2387224474,7
2387224475,7
5104314275,7
25532332,7
4748394420,7
9030121410,7
3247933381,7
8976060358,7
25067463,7
25067461,7
3247933387,7
25067469,7
24661966,7
25067470,7
9808795600,7
9808795601,7
9808795602,7
25067473,7
25067476,7
471488469,7
5104314325,7
25067479,7
471488472,7
25532377,7
25532384,7
2218362849,7
471488484,7
5104314353,7
1782714747,7
9703794686,7
9703794687,7
4715264000,8
5269678593,8
4715264001,8
9703794691,8
9703794692,8
9703794693,8
9703794694,8
9703794695,8
9693971464,8
9703794697,8
9703794696,8
9690975243,8
9690975244,8
9690975245,8
249679365,8
1312932879,8
5816743950,8
5816743947,8
5816743945,8
5816743949,8
6014302223,8
6014302226,8
6014302227,8
6014302222,8
6014302228,8
1233350889,8
7236131861,8
7236131864,8
25476124,8
7236131862,8
1312932894,8
25476127,8
7236131865,8
25476131,8
25476132,8
9673189925,8
9673189926,8
25476134,8
4920098343,8
4920098342,8
4920098344,8
4920098349,8
9690974262,8
9690974263,8
4430996024,8
9690974264,8
2203888698,8
4534184507,8
9690974266,8
9690974265,8
9690974272,8
9690974274,8
9690974275,8
4534184516,8
9690974277,8
9690974276,8
9690974278,8
283061836,8
25475661,8
25475663,8
25475664,8
107602,8
1505332730,8
6110191188,8
722208263,8
107606,8
675734610,8
675734613,8
6332695638,8
28418138,8
9699944538,8
6332695637,8
28418141,8
675734622,8
6332695639,8
28418144,8
9703827555,8
5904585328,8
27460210,8
5931509721,8
27459198,8
4344245892,8
4344245893,8
4344245894,8
9673091207,8
9673091208,8
25497222,8
9673091213,8
9673091214,8
1312471188,8
1312471189,8
1312471190,8
3850146457,8
5517519002,8
27460250,8
1312471196,8
1312471197,8
7487734942,8
109728,8
6110164641,8
1312471202,8
9690769059,8
6110164647,8
6110164649,8
6110164650,8
1312471210,8
1312471216,8
7817162929,8
1312471217,8
6110164659,8
6110164660,8
1312471223,8
277337783,8
25475770,8
1233350847,8
1233350848,8
3708234957,8
1233350862,8
1312471252,8
9693910743,8
1312471258,8
3892081373,8
7644741345,8
7644741346,8
3892081378,8
1312471267,8
1312471265,8
1014803686,8
7644741351,8
377490664,8
9080123624,8
9080123623,8
9080123627,8
9080123628,8
6969936105,8
6969936106,8
1014803691,8
585129712,8
302013681,8
302013682,8
585180151,8
377490677,8
302013685,8
1014803702,8
1014803704,8
3894948091,8
3894948093,8
2612458244,8
2612458246,8
742399752,8
8429945617,8
8429945618,8
4155841811,8
3987750677,8
3987750679,8
3987750684,8
3987750685,8
3987750686,8
3987750687,8
3987750688,8
4210859292,8
4155841820,8
4164428578,8
3987750692,8
8064065316,8
28418859,8
3231501611,8
8064065323,8
4230027057,8
4166967089,8
4136137525,8
7900888377,8
4136137529,8
4136137530,8
28418877,8
28418879,8
2969439040,8
27459905,8
28418880,8
9693974851,8
2140124996,8
5816744257,8
8429934918,8
5816744255,8
9856119626,8
4629462859,8
9856119627,8
25496910,8
302013777,8
251892564,8
3220254039,8
27460439,8
4167762778,8
25475419,8
28418909,8
9699953505,8
28418921,8
4054356842,8
4054356847,8
9816821617,8
4529881970,8
7900888437,8
8429945717,8
9690878337,8
5977954180,8
3930921860,8
4223357836,8
1547657104,8
4715263992,8
6266867111,8
6266867112,8
6266867113,8
6266867114,8
4244498866,8
9690915259,8
429346236,8
1689605567,8
9690915264,8
429346241,8
9690915265,8
429346243,8
9690915263,8
9690915267,8
9690915268,8
9690915271,8
25475072,8
9690915273,8
9690915274,8
429346251,8
9690915275,8
429346253,8
4715264002,8
5931509715,8
4715264004,8
843376599,8
9135848919,8
9135848920,8
5816743941,8
9135848922,8
9135848923,8
9135848921,8
9135848924,8
5816743942,8
1312932832,8
5931509720,8
9135848925,8
7797338599,8
7797338600,8
585199079,8
25475561,8
1312932849,8
9693971447,8
2872699894,8
3632581622,8
9693971448,8
9693971449,8
9693971450,8
9693971451,8
9693971452,8
2364384488,9
8030470473,9
585124778,9
1951242858,9
1951242860,9
2364378222,9
2364371185,9
2364379602,9
2364379603,9
2364379604,9
2364379605,9
107613,9
107614,9
1864047135,9
25475328,10
1990912129,10
9700060292,10
690295047,10
9690878344,10
4872502279,10
9632417162,10
9632417163,10
4777885222,10
9683581480,10
283062189,10
3385332654,10
9683686963,10
3733791671,10
1155552319,10
1137777343,10
8030470464,10
585130362,10
8030470469,10
7638732490,10
7638732491,10
25475417,10
4832472797,10
9135845214,10
680069471,10
107615,10
8579240311,10
9135845216,10
9135848931,10
680069473,10
9135845213,10
9135848928,10
1951242856,10
1951242857,10
1990912106,10
1951242859,10
2364384492,10
2364384490,10
680069483,10
2364387947,10
9135848938,10
9135848937,10
2364371186,10
1990912115,10
8579240307,10
8579240309,10
8579240310,10
8579240308,10
8579240312,10
8579240313,10
8579240314,10
473258249,11
1312454029,11
1312454031,11
473258639,11
3887941013,11
2059790748,11
25532576,11
6458938017,11
7926686249,11
1312454058,11
7926686252,11
1312454061,11
25544110,11
25265075,11
5340811829,11
5340811830,11
25265077,11
25265079,11
25265080,11
25265078,11
4085783099,11
1418752708,11
5340811717,11
4077579334,11
1312454090,11
4166634955,11
2142502090,11
7911243856,11
1418752721,11
7911243857,11
4166634962,11
763372884,11
7911243861,11
7911243858,11
7911243863,11
763372886,11
9413430622,11
7911267686,11
7620895976,11
1727515754,11
7911267693,11
1312453999,11
107632,11
9856119648,12
5141877239,12
5141876996,12
5198585557,12
107638,12
5198585559,12
25067324,12
9804578356,13
9820537921,13
9820537922,13
1736685635,13
9820537934,13
1326821457,13
4297243218,13
9576827481,13
9576827482,13
25475674,13
1326821465,13
25475692,13
25475693,13
1326821487,13
1326821489,13
1363483801,13
4297243295,13
9820538016,13
9820538017,13
4297243298,13
9820538018,13
9820538019,13
4158004390,13
1326821542,13
9820538028,13
4571238064,13
4571238067,13
4571238068,13
4297212084,13
25475767,13
1938953403,13
1938953406,13
1326821568,13
1938953413,13
748797126,13
1938953414,13
1938953417,13
6828863691,13
6828863692,13
6828863693,13
6828863694,13
6828863695,13
6828863696,13
6828863697,13
4297212114,13
6828863698,13
1938953430,13
4297212119,13
1938953431,13
748797145,13
1326821593,13
1938953432,13
25470166,13
1938953437,13
1938953433,13
4297212128,13
4297212129,13
21990633,13
21990634,13
21990637,13
21990638,13
1326821624,13
4298970364,13
25497340,13
4298970368,13
25497347,13
4298970380,13
4298970384,13
4297212194,13
4297212204,13
4297212226,13
355416911,13
4297242961,13
355416914,13
1601797458,13
355416920,13
109403,13
9820523869,13
9820523870,13
9820523871,13
9820523872,13
4297054053,13
108393,13
6525671279,13
108406,13
1601832328,13
9820523913,13
9820523914,13
9820523915,13
9820523916,13
9161061776,13
9693963678,13
9693963679,13
9693963680,13
9693963681,13
9693963682,13
9693963683,13
710657963,13
7947041713,13
422573549,13
1913216493,13
25497596,13
25497599,13
2496836226,14
108420,14
3093897988,14
3093897989,14
2496836231,14
3093897991,14
1312188679,14
1255490314,14
2402557839,14
1280491924,14
1280491926,14
2402557597,14
2402557599,14
2387232555,14
2387232556,14
2387232557,14
2387232559,14
3093894065,14
2387232561,14
2387232563,14
1150003513,14
806373565,14
9030284989,14
9030284990,14
3741117630,14
4749090120,14
25477197,14
1722268367,14
9856119633,14
1722268381,14
1722268384,14
1722268388,14
5492419693,14
5565455857,14
5565455858,14
8236052983,14
8236052987,14
8236052988,14
8236052990,14
8236052991,14
4193151464,15
108835,15
4305986091,16
5905893978,16
7620902731,16
108837,16
4211515621,17
108903,17
25496777,17
245200970,17
1830276654,17
9189397456,17
4211515569,17
663363473,17
4211515891,17
8256049397,17
8256049399,17
1536948608,18
1536948612,18
25505670,18
20626311,18
1536948487,18
3796814729,18
1536948618,18
20626315,18
20626310,18
20626312,18
20626316,18
7572522511,18
1852996875,18
7572522513,18
1536948631,18
6509584413,18
1536948517,18
7572522534,18
109734,18
7572522540,18
1536948652,18
7572522547,18
1536948536,18
1572551227,18
2504847039,18
7572522566,18
4866475725,18
4866475730,18
7572522585,18
4866475737,18
1852996954,18
1536948578,18
109411,18
109412,18
25264998,18
2504822135,18
1536948474,18
7572522492,18
7824803494,19
7824803495,19
109737,19
9072449309,19
24952269,19
7824803501,19
4166634957,19
5104314264,19
1536948541,19
1951372959,19
9753609738,20
9753609739,20
9753609740,20
9753609741,20
9753609742,20
9753609743,20
9753609744,20
9680972177,20
9680972178,20
9753609745,20
25505685,20
9680972185,20
25161373,20
7824747295,20
7824747297,20
7824747298,20
7824747300,20
7824747302,20
7824747303,20
7824747304,20
7824747305,20
7824747307,20
25067307,20
7824747308,20
6967585840,20
6967585841,20
109746,20
6967585842,20
1827389620,20
1782727992,20
1722621630,20
4220613456,20
700774224,20
5201625566,20
2941549918,20
5840176866,20
25505634,20
1852996856,20
9681020156,20
9681020157,20
1852996734,20
5006764037,21
5006764038,21
5006764039,21
5006764040,21
1312189073,21
1312188945,21
1312188689,21
1312188696,21
25477149,21
25477150,21
25477151,21
25477152,21
25477153,21
25477154,21
26067235,21
25477156,21
26067237,21
1312189091,21
26067239,21
26067236,21
3320743081,21
1954751908,21
1312188843,21
26067238,21
26067234,21
1312188730,21
1312188858,21
9693935550,21
1312188735,21
109760,21
9693935551,21
1312188994,21
1312188614,21
1312188622,21
1312189013,21
1312188760,21
3892081372,21
1312319838,21
3741078112,21
7644884069,21
1312188774,21
1042862726,22
7815143559,22
249558409,22
25477258,22
1042862477,22
6304787860,22
6304787861,22
3735889430,22
1042862492,22
7815143581,22
3735886877,22
3858880674,22
3858880675,22
3858880676,22
3858880677,22
7815143465,22
3673602988,22
3673602993,22
25477300,22
25477301,22
7911297462,22
7911297463,22
5929540796,22
109766,22
5925628361,22
57786953,22
347541965,22
7911297486,22
9808795598,22
7815143503,22
1042862673,22
9808795599,22
9766629717,22
347541973,22
347542743,22
25477335,22
25477339,22
9027367517,22
9027367518,22
9027340515,22
9027340516,22
2935373159,22
1042862696,22
302013673,22
2935373161,22
302013676,22
25477228,22
302013678,22
3486459766,22
2935324280,22
9203578106,22
9203578107,22
27480957,22
9856119640,23
373402354,23
109780,23
9856119634,23
18468953,24
9514602150,24
9514602151,24
9514602152,24
9514602153,24
5047029678,24
109785,24
25066461,24
25066462,24
6166157035,25
109788,25
24952267,25
1882379274,26
2112030869,26
1882379285,26
2112030873,26
291951643,26
275179767,26
1723340842,26
4425001783,26
110140,26
9051462722,26
4823243100,26
6855696504,26
3247578846,26
435104742,26
6855696495,26
1882379248,26
6855696497,26
6855696498,26
6855696500,26
627985397,26
6855696502,26
6855696503,26
25472760,26
275179893,26
25472763,26
4823246342,27
1150003270,27
1684835245,27
1493658224,27
2036125649,27
1309067472,27
6864015603,27
1141415219,27
1685281076,27
2036125657,27
110143,27
1312189057,28
250326914,28
4835108998,28
4835108999,28
7636180236,28
7636180237,28
20458276,28
7636180239,28
1571298192,28
7636180241,28
7636180242,28
1571298195,28
1312188692,28
8672066581,28
1401416208,28
1312188694,28
1312188824,28
8869040027,28
9710348828,28
8869040028,28
110238,28
9710348827,28
1312188704,28
20458273,28
1312188955,28
250325411,28
2003007012,28
20458275,28
1787108646,28
1787108647,28
1787108648,28
1787108649,28
1787108650,28
3334162601,28
20458277,28
2490721964,28
835390894,28
1312188845,28
1312189098,28
1312188722,28
4618510643,28
8868010162,28
1312188731,28
475396924,28
250327100,28
1312188988,28
8868010171,28
354886082,28
8868194757,28
1312188741,28
18469132,28
9710304459,28
9710304460,28
8868001103,28
9856119632,28
8868001104,28
250549587,28
4827019220,28
1312188883,28
9856119637,28
1782716888,28
7926563545,28
8868194778,28
1571298141,28
21990624,28
21990625,28
1233327202,28
21990627,28
21990626,28
2642878568,28
2642878569,28
250549670,28
2934268020,28
1312188660,28
250327159,28
1312188797,28
1238259337,29
4530011788,29
9375170320,29
6261920913,29
6261920914,29
4530012691,29
4530012690,29
4530012692,29
4530012694,29
4530012695,29
4530012696,29
6261920915,29
1150003480,29
4530012699,29
4530012700,29
4530012701,29
4530012702,29
6866779806,29
4530012703,29
4530012704,29
1771453218,29
7805198627,29
1771453217,29
3499567135,29
1771453860,29
1711679380,29
3197333544,29
7191329809,29
28728210,29
5565487612,29
3197339673,29
7191329811,29
3197339674,29
4729385030,29
4729385031,29
1711679434,29
9808795596,29
3197339676,29
9375170321,29
59526352,29
9375170322,29
282708,29
9375170323,29
1150003547,29
21990620,29
9375170324,29
1731225566,29
1150003423,29
9375170325,29
9375170326,29
249470452,29
4316306166,29
28728187,29
1536039932,29
5426506500,30
25495695,30
1938953377,30
25495617,30
25495618,30
9856119619,30
1985084100,30
1816038230,30
25495769,30
25495770,30
350437608,30
10572779,30
25496817,30
25496818,30
25496819,30
25496820,30
25496821,30
321255925,30
5060391417,30
8972441127,31
25496748,31
21583342,31
10572785,31
8972511963,31
8785568224,32
10572786,32
7847748059,32
1985084095,32
5470932256,33
10607629,33
7947057586,33
5468301555,33
2146369237,33
5470932252,33
5470932253,33
5470932255,33
9782353731,34
8784159562,34
6467134930,34
6467134931,34
8784181688,34
10676799,34
1312264577,35
1311961985,35
794039687,35
9042133642,35
5043864464,35
28800661,35
28800662,35
25161371,35
1782724124,35
28800667,35
316763548,35
1782724125,35
250550174,35
1401908258,35
1311962151,35
9042026424,35
1311962043,35
1312264648,35
1312264524,35
1684511955,35
9856119636,35
7836155864,35
7836155865,35
7836155867,35
7836155868,35
7836155870,35
9042041320,35
9042041321,35
1718328435,35
10677375,35
8975529088,36
4462680067,36
4462680068,36
9203541381,36
7840712839,36
1832248457,36
1832248458,36
9781435147,36
4462680078,36
5374174224,36
1360122901,36
595709975,36
14672924,36
5573994014,36
5573994016,36
5573994017,36
5603454627,36
5603454628,36
5573994019,36
1832129958,36
1360122919,36
5374174120,36
1360122925,36
7203717550,36
1938953395,36
1360122937,36
5374183741,36
5374183742,36
6329690691,36
8975645638,36
8975645640,36
8975645641,36
25151180,36
4512763348,36
1360122841,36
5460658138,36
5600934876,36
1360122860,36
5573931377,36
5839156209,36
1360122866,36
1360122871,36
5573931385,36
8975529082,36
8975529083,36
8975529084,36
8975529085,36
8975529086,36
529722111,36
250550400,37
1939632514,37
4992781187,37
3739049348,37
4992781189,37
1939632519,37
20460684,37
973101839,37
9042120207,37
2387242385,37
2387242386,37
8869472274,37
3870640530,37
25477148,37
3870640547,37
3870640548,37
4401149224,37
2387240745,37
4401149225,37
2387240747,37
4401149228,37
4992781175,37
7636278191,37
4401149234,37
7636278194,37
7636278197,37
7636278199,37
7636278200,37
1326821561,37
7636278201,37
3741117629,37
256766531,37
18398282,37
1312335310,37
5927671120,37
1326821460,37
1326821592,37
5238500312,37
5238500313,37
914822492,37
9042037853,37
2387245025,37
873684193,37
2387245026,37
2387245027,37
2387245029,37
9693628390,37
9693628389,37
1326821480,37
632438506,37
9030155757,37
9030155758,37
8869472239,37
9030155759,37
9030155760,37
8869472240,37
1326821619,37
9030155762,37
2990732269,37
5927671155,37
8869472247,37
4826555769,37
4826555770,37
4826555771,37
4992781180,37
5609638014,37
6978555522,38
1758554289,38
2990780037,38
2990780039,38
20460680,38
20460682,38
2990806410,38
2990806411,38
2990806413,38
2990806415,38
2990806416,38
968499092,38
968499093,38
819132568,38
1684781470,38
4246525220,38
4246525223,38
316763559,38
316763561,38
316763563,38
1758554286,38
8975833904,38
8975833905,38
6978563378,38
6978563379,38
6978563380,38
6978563381,38
6978563382,38
6978563383,38
6978563384,38
8975833913,38
8975833912,38
8975833915,38
4682627259,38
4682627261,38
8975833914,38
4682627263,38
4682627264,38
6978577985,38
4682627266,38
4682627265,38
256766532,38
256766533,38
748941508,38
4195111363,38
1758554291,38
1150003147,38
1150003532,38
9041828942,38
1759454163,38
1758554294,38
1759454429,38
3763407460,38
5041784423,38
748941546,38
748941552,38
1150003571,38
5067002867,38
6978531575,38
6978555518,38
6301948480,39
20625793,39
6301948477,39
697037343,39
5905807278,39
8579276917,39
9694104278,39
25474005,39
25474015,39
5976760445,39
5976760446,39
5976760447,39
9694032608,40
9694032609,40
585200775,40
20625800,40
585200818,40
710521820,40
9694032606,40
9694032607,40
5189042552,41
20626282,41
8675201272,41
5189042551,41
7824803490,42
7824747299,42
7824803492,42
7824747301,42
1536948646,42
7824803493,42
4085778920,42
7824747306,42
5146186589,42
7824803500,42
1536948431,42
1536948529,42
20626301,42
5146186590,42
9856119647,42
20626307,43
1852996517,43
1852996670,43
1360122886,44
1236791433,44
20955158,44
9805219991,44
9805219992,44
9805219993,44
9805219994,44
9805219990,44
1360122917,44
4076095791,44
4370333627,44
1609966653,44
4370333629,44
9856119620,44
4370333637,44
9197322310,44
4370333638,44
4370333643,44
4370333648,44
9197326420,44
3519872213,44
4076095834,44
1360122845,44
1596648671,44
1360122856,44
21685484,44
1360122861,44
21685485,44
1360122873,44
1755265415,45
250550023,45
250550024,45
5041945479,45
5041945481,45
1755265428,45
1755265432,45
28800670,45
1755265444,45
1343823418,45
1755708736,45
21307201,45
21307202,45
8869464398,45
1718566880,45
1312264546,45
21990631,45
21990632,45
873809385,45
9030155751,45
5042033643,45
9042025325,45
2990721389,45
2990721391,45
4992781181,45
9856119623,46
9201323564,46
21392276,46
25509525,46
2343269909,46
25495809,47
25495822,47
350377999,47
25495824,47
25495823,47
21392278,47
350437528,47
1707790105,47
25495838,47
6828931875,47
1938953379,47
1832052008,47
1832227886,47
447887921,47
1832227893,47
6828927809,47
1148249927,47
338472567,47
4275394254,47
5899738713,47
1832129783,47
338472562,47
25495542,47
25495543,47
6828921209,47
6828921210,47
6828921211,47
4462680070,48
4462680076,48
21392279,48
4208239642,48
5603454625,48
5603454626,48
4208239651,48
9201323561,48
6606135979,48
21686572,48
21686574,48
9201323322,48
3972566714,48
6606148797,48
6606148798,48
5374181585,48
4462683090,48
5899711453,48
5899711454,48
5788363874,48
9203541612,48
5335233120,49
2934288514,49
250324965,49
21523718,49
5165786239,49
21523719,49
8042022825,49
5573991659,49
5573991660,49
5335233119,49
4138224462,49
5335233113,49
252729234,49
5009060057,49
5335233114,49
2934288509,49
1014649631,49
25498458,50
9659603285,50
21578454,50
9748953621,51
21578461,51
4378043682,52
269547419,52
4331121754,52
21685481,52
21685483,52
4378043661,52
4378043662,52
1837610895,52
1360122929,52
25500530,52
4378043667,52
1360122933,52
25500246,52
1163955034,52
4331121755,52
269547420,52
3515286914,53
3515286915,53
3515286916,53
5565466183,53
1493676622,53
1493676623,53
28728208,53
25477106,53
21990614,53
4556931602,54
4556931604,54
21990622,54
250327576,55
2987912733,55
1685272862,55
250327591,55
1326821544,55
8868010281,55
8868010280,55
8868010279,55
8868010287,55
250327609,55
5565443389,55
5565443390,55
250327618,55
250327619,55
250549699,55
5565443397,55
347335878,55
5875062471,55
5875062472,55
250549700,55
8868010216,55
9808795603,55
9808795604,55
1719422038,55
9856119639,55
8868010202,55
8923643489,55
8923643490,55
9693628386,55
21990628,55
21990629,55
9030155750,55
21990630,55
9693628387,55
9693628388,55
9030155754,55
9030155755,55
9030155756,55
2642612586,55
213668844,55
8868010221,55
8868010218,55
213668842,55
9042053623,55
24659907,56
1311961990,56
24659947,56
6948380395,56
24949780,56
9693920801,57
9693920794,57
9693920795,57
9693920797,57
24660863,57
24950048,58
5095547180,58
5095547184,58
24950005,58
24950013,58
3517985666,59
5090420610,59
25161348,59
5090420614,59
8807429660,59
8807429664,59
8807429665,59
9691082671,59
25066419,59
2387226304,59
3499500226,59
2387226307,59
2387226309,59
2387226311,59
2387226313,59
5090420940,59
24950097,59
5090420958,59
5090420959,59
5090420964,59
9024139130,59
9024139131,59
6918421504,60
1951372930,60
24952195,60
24952196,60
2528522503,60
1951372935,60
6918421512,60
6918421513,60
2528522507,60
1556097163,60
4072083342,60
4072083343,60
1561071632,60
2528522518,60
1556324759,60
1556097431,60
1556097092,60
1556097306,60
2528522528,60
1556097185,60
6985465124,60
6985465125,60
1561071655,60
1547013672,60
6985465129,60
6985465130,60
1556097321,60
1561071656,60
2528522542,60
4018000435,60
1590114998,60
1547013688,60
6985465145,60
1556324793,60
1556097080,60
1556097217,60
9694091972,60
9694091973,60
1556097222,60
4777897927,60
4777897928,60
1547013705,60
1556097353,60
1556324683,60
1556324684,60
25278669,60
25278670,60
1556097098,60
9856119630,60
3385387604,60
3385387605,60
3385387606,60
3385387607,60
696477399,60
1556097368,60
6918421503,60
1556097118,60
4117882851,60
4117882852,60
8807410149,60
4085404135,60
4117882856,60
4117882857,60
4085404136,60
4117882860,60
1556097136,60
1556097137,60
1951372915,60
1951372927,60
5087519104,61
25066338,61
25161347,61
5090420965,61
25066412,61
25067264,62
25067265,62
2566132609,62
25067266,62
1852996996,62
2504822145,62
25067267,62
1569382119,62
6509584414,62
2504822137,62
1569382170,62
2504822139,62
1569382174,62
25066687,62
25067304,63
2566132610,63
2566132611,63
25161356,63
25067395,64
25067396,64
25067397,64
5146186470,64
950703625,64
950703626,64
5146186463,64
5146186489,64
25067326,64
1726783391,64
9856119646,65
25067427,65
25067398,65
25067914,66
1569216650,66
25067920,66
7911231380,66
1722621718,66
7911231384,66
473219610,66
25067803,66
1569216123,66
25161375,66
5141228834,66
1569216316,66
4085783103,66
4085783105,66
1747873474,66
1569216326,66
6446292570,66
1951616226,66
5141216740,66
5141216741,66
7911267687,66
7911267688,66
7911267690,66
7911267692,66
8814668141,66
7911267694,66
7911267695,66
7911267696,66
5104314222,66
9659831673,66
9659831674,66
9659831675,66
25265023,66
25071090,67
25071131,67
5247857728,68
9691101411,68
9691101412,68
25161357,68
2387194158,68
5141877019,68
25471736,69
25503860,69
7271474849,70
321255907,70
25472324,70
25472545,71
4675821944,71
4675821925,71
4675821932,71
4665353645,71
4665353644,71
762080111,71
1617596591,71
8373728533,71
25472566,71
25473048,71
25472379,71
1617596607,71
4823246341,72
4425001781,72
4425001782,72
25472767,72
7447716112,73
25472789,73
9161061774,73
25472800,74
4571194090,74
4571194091,74
1954751920,74
2036125650,74
2940401398,74
6014339453,74
1684835105,75
1684835107,75
1684781486,75
3739048019,75
3739048020,75
3739048021,75
25472885,75
4948630427,75
4675822093,76
4675822095,76
4675822097,76
8373728531,76
4675822100,76
8373728532,76
1617647898,76
761830938,76
1617647900,76
1617647901,76
1617647903,76
4661317153,76
4661317155,76
1617647919,76
1617647924,76
1617647928,76
1617647931,76
1617647934,76
4665352262,76
4665352264,76
761831000,76
25472890,76
761831039,76
25473004,77
4665353662,77
1311962080,78
9042129985,78
9042129986,78
1401893666,78
1311961868,78
1215563885,78
25473199,78
25473200,78
25473204,78
25473205,78
1215563897,78
6871422362,78
6871422364,78
1759454078,78
9042129984,79
875789647,79
1150003472,79
25473201,79
25473202,79
1311961947,79
1311962012,79
9042129983,79
1311962111,79
25473203,80
5067002855,80
25473281,81
9683585635,81
903630659,81
8497605091,81
4777885221,81
4085387943,81
4085387945,81
7246486955,81
4136124524,81
4136124526,81
4078858000,81
4078858001,81
869968536,81
585127354,81
585148380,81
6265654109,81
25473279,81
25497603,82
9694091974,82
9694091975,82
9694091976,82
9694091977,82
9694091978,82
6149398571,82
9856119625,82
9694091981,82
25475053,82
9694091983,82
9694091982,82
9694104279,82
1547657140,82
1312471255,82
9694104280,82
1312471226,82
1312471228,82
1569486259,83
25475597,83
6696695781,84
8784000965,84
25475678,84
6696695783,84
9823138208,85
9823138209,85
1326821607,85
1326821594,85
25475694,85
25475695,85
25475696,85
25475697,85
4297211186,85
4297211187,85
25475698,85
435104726,85
435104727,85
435104728,85
355416921,85
1326821466,85
9823138206,85
7075087297,86
7075087298,86
7075087299,86
6273056647,86
6273056648,86
9693963689,86
6239229422,86
6239229423,86
9693963696,86
435104721,86
9693963698,86
25475699,86
1326821620,86
9693963699,86
6272993491,86
6272993492,86
9693963697,86
25497619,86
25475754,87
1816777875,87
1493229962,87
806373533,88
25477774,88
25477858,89
4556931603,89
3661703766,89
819157975,89
819157946,89
25495544,90
269550333,90
25495697,91
9856119622,91
25495819,92
25495820,92
6354294763,92
1834657467,92
1834657469,92
470727776,93
5736847361,93
5736847362,93
5736847363,93
5736847364,93
25496100,93
749947393,93
749947402,93
25495852,93
25495854,93
25495855,93
350629203,93
269584410,93
317930380,94
4211515637,94
4211515622,94
25496775,94
25496779,95
25496780,95
25496782,95
1816038211,96
1985084135,96
25496814,96
25496783,96
25496786,96
25496787,96
438170475,97
5265830862,97
25496815,97
25496785,97
7918978033,97
4429088632,97
25498457,97
1958800795,97
8972511965,97
25496800,98
1816038214,98
323260106,98
1816038237,98
25496781,98
1816038224,98
5014591889,98
25496788,98
1816038239,98
1816038199,98
1816038233,98
25496797,98
25496798,98
25496799,98
2453947049,99
8787384684,99
8787384685,99
8787384686,99
4211515634,99
25496790,99
25496792,99
4211515645,99
4211515644,99
2576893629,99
2135411308,100
5711517565,100
5457908028,100
25499655,100
7610670826,101
7610670830,101
25504145,101
25504146,101
7610670771,101
25504148,101
1678452790,101
7610670780,101
7610670781,101
1835355916,102
1793420660,102
25504149,102
1707790044,102
4232015838,102
1828402762,103
25505643,103
1828402764,103
1828402763,103
25505618,103
25505662,103
3664398006,103
2142508727,103
25505593,103
25505630,103
25505695,103
1556097153,104
8785024515,104
1556097030,104
5905896973,104
1556097166,104
1556097177,104
1556097178,104
1556097051,104
1556097320,104
1556097448,104
1547013554,104
1556097227,104
1547013710,104
25532494,104
9856119631,104
1547013589,104
1547013719,104
8807410150,104
8807410151,104
1556097048,105
25532542,105
2480657188,106
4826448085,106
25632678,106
2135411293,106
25632680,107
25632679,107
1042862785,108
7911297478,108
302013672,108
302013674,108
302013675,108
7815533548,108
7815533546,108
6345441358,108
7911297487,108
3486459762,108
3486459764,108
3486459765,108
249558966,108
347539416,108
3081980920,108
27480956,108
27480960,109
27480961,109
2140125056,109
9678821156,109
1736734053,109
9678821159,109
9678821160,109
9678821161,109
1238249904,109
7900221108,109
3486459769,109
28193265,110
3170676207,110
3984132034,111
3984132035,111
4116809027,111
3984132037,111
4116809028,111
302013708,111
4422013486,111
249679343,111
28418929,111
4244498867,111
4244498868,111
1755708768,112
2990651905,112
1755708646,112
1755708647,112
1755708648,112
1758552521,112
1758552522,112
1758552678,112
1758552682,112
2990717003,112
1759454351,112
2990664881,112
973128722,112
28800660,112
973128725,112
9693929369,112
1755708765,112
1755708766,112
1755708737,113
1755708738,113
1755708739,113
5041945508,113
9693903657,113
2990651920,113
2990651921,113
28800666,113
28800664,113
1755708730,113
1755708732,113
5565443391,113
5046314090,114
28800671,114
1311962065,114
1311961846,114
5046314073,114
1311962079,114
1547393025,115
1547392771,115
707377287,115
30056330,115
1547392914,115
1547393045,115
1312471191,115
1547392927,115
6149398572,115
4920098350,115
1547392818,115
4619022514,115
1547392951,115
3830043581,115
1312471231,115
8579233861,115
8579233862,115
1547013574,115
1547392848,115
1547013588,115
1547392728,115
1547013592,115
1547013724,115
1547013597,115
1547392865,115
5580861156,115
6600283121,115
251892979,115
1547013754,115
1547392764,115
1547392894,115
3741131608,116
149431715,116
3741131607,116
213668839,117
347335859,117
354886099,117
9269886261,117
8868010205,117
1719422032,118
213670986,118
1312189047,118
2642878644,119
213672005,119
249558964,120
249559005,120
302013662,120
7900221088,121
249560091,121
9021491075,121
7900221087,121
250325410,122
250549636,122
3787645606,122
3787645607,122
3787645608,122
3787645609,122
3787645610,122
5492419692,122
250327037,123
1310663631,123
6332545601,124
338319877,124
9030284967,124
7151566952,124
2254629351,124
250327660,124
3093894066,124
1145174402,125
4571241384,125
9820538031,125
355416887,125
355416890,125
355416892,125
3257317059,125
9820537936,125
9820537937,125
9820537940,125
9820537941,125
9820537942,125
9820537943,125
9820537944,125
9820537946,125
1165343843,125
4729480806,125
4729480807,125
4729480808,125
4571244658,125
4571244659,125
4571244660,125
4571244663,125
20955169,126
367074596,126
9693971465,127
4230595026,127
377494060,127
27331469,127
435104736,128
435104732,128
435104735,128
6218468163,129
1550763749,129
1547013711,129
9704122321,129
471488499,129
4847781268,129
1493722803,129
4847781269,129
1550763764,129
1550763708,129
473264457,130
1268903266,130
1561411396,131
585201189,131
8579276918,131
3068267824,132
670103313,132
690295042,133
9690878341,133
5122737222,133
9690878343,133
748941560,134
4195111355,134
748941556,134
748941577,135
748941573,135
811035012,136
5905897286,136
6446218921,136
6446218922,136
1556097034,136
1556097387,136
1556097139,136
1556097111,136
1556097271,136
1556097147,136
1556097215,136
1723315608,137
3247825561,137
3247825562,137
7636278193,137
7636278195,137
7636278196,137
7636278198,137
4807521484,137
1309067471,137
3741131600,137
5927671121,137
3741131606,137
7636244312,137
7636244313,137
7636244314,137
9042037852,137
914822496,137
2624005734,137
914822508,137
9030155763,137
5927671156,137
9030155766,137
9030155767,137
4826555772,137
4826555768,138
1150003195,138
25632870,138
1547013760,139
1547013601,139
1547013730,139
8785024514,139
1547013604,139
1547013704,139
1312453936,139
1547013653,139
1312453879,139
1547013593,139
9694096799,139
1353133536,140
4643336966,140
4643336968,140
4643336979,140
1353133533,140
1547013621,141
1547013694,141
1547013567,141
4402629177,142
4402594986,142
1547013655,142
1547013699,143
1550763732,143
1556097337,144
1556097148,144
1556097245,145
5189042550,145
1951372909,145
5976760443,146
1556324659,146
1590088452,147
1561071644,147
1599652497,148
5504771250,148
1599652492,148
1617532089,149
1617532091,149
2341656968,150
4697287178,150
8620082704,150
4169836445,150
6868293535,150
4696568114,150
6327557047,150
6327557048,150
8620105277,150
4697288390,150
367102039,150
1617596505,150
4166662878,150
4166662881,150
3265436260,150
1828408303,150
5146127859,150
4696544885,150
4696545402,150
1678452786,151
3474115151,151
7610670751,151
1684835042,152
4197055203,152
1684835138,152
1684835110,152
8868809321,152
1684835019,152
6014333809,152
1684835121,152
1684835093,152
1684835030,152
1684835062,152
5609643672,152
1684835097,152
5609643675,152
1707790024,153
4658088777,153
5177352932,154
5177352933,154
1707790099,154
5177352922,154
5177352923,154
250549835,155
1718566997,155
1718567007,155
9804685199,156
9804685200,156
9804685201,156
9804685202,156
1723388986,156
1761598585,157
4316306163,157
4316306164,157
1137777341,157
1828402755,158
1828402756,158
1832248440,159
5600934875,159
2576893628,159
1939632512,160
108418,160
4826555773,160
1939632510,160
1990694635,161
1990694638,161
1990694641,161
3130435826,161
1990694647,161
2146369240,162
5468301601,162
10607626,162
2665239972,163
6509684093,163
2935324281,164
2737313094,164
288193455,164
3691462888,165
9804685203,165
9804685204,165
2755124949,165
9804685206,165
9804685205,165
2914561217,166
5924603458,166
5924603459,166
5924603460,166
5924603457,166
5924611312,166
5924603444,166
5924603445,166
5924603446,166
5924603447,166
5924603449,166
8500636794,166
5924603452,166
5924603453,166
5924603454,166
5924603455,166
4938216620,167
4166634958,167
3267461735,167
3272782432,168
1547013738,168
3272782429,168
3272782446,168
9733914457,169
3817308667,169
5253290694,169
3892081362,170
3892081363,170
8675201264,171
7911282822,171
1556097326,171
4169714270,171
8026335686,172
4174200046,172
4879371168,173
4879371165,173
4421008566,173
4697525032,174
26374229,174
4697525030,174
4866475736,175
4866475731,175
4866475733,175
4872502280,176
5947858321,176
9691082176,176
25496750,177
5265840063,177
5609643673,178
5609643674,178
6645346885,179
6711365597,179
7572833353,180
7572833350,180
7911282827,181
4169714271,181
1587330970,182
8783914189,182
8604055550,182
