node_id,cluster_id
6866516260,0
2453947051,0
4211515660,0
8787384683,0
1832666032,0
1637578546,0
8787692633,0
8787692634,0
104315,0
1816959492,1
4077495820,1
4077495821,1
4077495826,1
1810130458,1
9203537438,1
9203537439,1
4077495854,1
4077495855,1
4077495858,1
4077495862,1
4077495867,1
4077495872,1
4077495883,1
6124650606,1
1236791408,1
5948183671,1
4077495951,1
5504212623,1
9805219989,1
4077495957,1
25509527,1
4077495964,1
25509533,1
25509534,1
4730978978,1
1236791459,1
4942595236,1
4730978981,1
4730978982,1
4730978979,1
4730978983,1
4077495971,1
4730978984,1
1938953399,1
1684437690,1
1684437692,1
1319881922,1
4158000323,1
1319881924,1
4530195657,1
1596648673,1
4076126448,1
1832129778,1
109815,1
109816,1
1832129789,1
1236791552,1
1832129795,1
4076126468,1
9781435148,1
9781435149,1
25496847,1
25496848,1
25496849,1
25496850,1
25496851,1
1832129813,1
25496854,1
25496855,1
25496857,1
338474269,1
1832129823,1
1832129831,1
9781311295,1
9856119617,1
7946372933,1
7946372934,1
7946372935,1
7946372936,1
7946372937,1
7946372938,1
7946372939,1
7946372940,1
7946372941,1
7946372942,1
5516594509,1
1655214934,1
109409,1
1655214955,1
104318,1
6407948171,1
6407948172,1
9161061778,1
9161061779,1
9804471701,1
9804471702,1
9197589454,1
9197589455,1
9197589457,1
25497563,1
25497564,1
25497566,1
3644748768,1
3817308659,1
3817308660,1
4076126707,1
1360122879,1
6369329152,2
6369329153,2
6369329154,2
1236791297,2
9754527745,2
9754527744,2
6369329160,2
6369329161,2
6369329162,2
6369329163,2
6369329164,2
6369329165,2
6369329166,2
6369329167,2
3518967818,2
6369329169,2
3233714192,2
6369329171,2
3233714194,2
3233714197,2
3233714193,2
3233714195,2
3233714198,2
3233714196,2
1678452753,2
6509584408,2
1678452760,2
20955164,2
2293833760,2
1678452770,2
2293833763,2
6863550501,2
1726730281,2
1419565097,2
2398924843,2
1678452780,2
2398924845,2
6863550510,2
1236791344,2
1678452788,2
2398924853,2
1678452789,2
2398924855,2
1678452791,2
1678452793,2
1678452795,2
1678452796,2
1678452797,2
2398924863,2
1678452799,2
1726730303,2
1678452802,2
1726730307,2
262078536,2
25524297,2
25632855,2
25632856,2
25632857,2
25632858,2
25632859,2
1726730329,2
2398924893,2
25632862,2
4870281310,2
1215563870,2
2398924896,2
2398924898,2
1215563875,2
18468962,2
18468958,2
1215563878,2
1215563879,2
18468966,2
1215563881,2
6369390691,2
6369390698,2
6369390692,2
6369390696,2
6369390701,2
6369390700,2
6369390697,2
6369390699,2
6369390702,2
1215563891,2
1726730354,2
21563508,2
1215563894,2
1215563895,2
25503862,2
32921720,2
1215563903,2
5342251136,2
18468961,2
373364868,2
373364870,2
25503880,2
373364874,2
3519879307,2
7617755275,2
3965024397,2
373364878,2
3965024398,2
3965024399,2
7617755274,2
25503885,2
9611081868,2
4650375309,2
25495698,2
419350669,2
4156336279,2
8785567902,2
1617596627,2
367100073,2
5177397418,2
5177397419,2
5177397420,2
3656358065,2
1617596593,2
1236791478,2
2140506294,2
368044217,2
2215139515,2
490946748,2
4650375357,2
1617596606,2
419350723,2
1617596615,2
1617596616,2
1782712524,2
1617596621,2
1938819279,2
367077584,2
1938819280,2
1236791506,2
1326821587,2
1938819284,2
1938819285,2
1938819286,2
1938819283,2
1938819288,2
1938819289,2
1938819290,2
1938819282,2
1938819292,2
1938819293,2
1938819294,2
472346838,2
1938819296,2
1938819299,2
1938819301,2
1617596646,2
1938819302,2
1938819304,2
1938819306,2
4650375402,2
1938819313,2
1617596659,2
1938819316,2
1938819317,2
1938819319,2
1938819320,2
1938819325,2
1938819326,2
1617596669,2
1938819328,2
1938819329,2
1938819330,2
1938819331,2
1236791555,2
25475331,2
25475332,2
1938819335,2
1938819336,2
8263166217,2
8263166218,2
2387194123,2
8263166219,2
1938819340,2
2387194126,2
2387194127,2
2387194128,2
1938819344,2
1617596686,2
2387194131,2
2387194133,2
1828402759,2
4072476959,2
4072476960,2
1617596704,2
2387194148,2
2387194149,2
2387194150,2
1782728999,2
1617596711,2
1617596714,2
2387194156,2
2387194157,2
4383369519,2
6739026230,2
4663312695,2
4663312696,2
4663312697,2
4663312698,2
7183962432,2
2140432704,2
108864,2
108867,2
1617647944,2
1617647945,2
4650375504,2
3497472337,2
2140420434,2
4383369553,2
237908,2
4650375508,2
237911,2
1536948581,2
1081508200,2
3319978344,2
1955520879,2
1771426165,2
1955520887,2
1955520890,2
4401156476,2
1536948605,2
1771426174,2
5207476606,2
5207476607,2
5207476609,2
5207476610,2
5207476611,2
25504129,2
5207476613,2
5207476615,2
367104392,2
5207476617,2
5207476619,2
1536948622,2
25504143,2
25504144,2
21563791,2
10572178,2
10572179,2
10572180,2
367106464,2
20965794,2
20965796,2
20965797,2
20965798,2
20965799,2
20965800,2
20965801,2
4729448869,2
20965803,2
4729448871,2
268124583,2
4143767990,2
33141178,2
747893184,2
8373690817,2
8373690818,2
8373690819,2
8373690820,2
473266627,2
8373690824,2
8373690825,2
8373690826,2
8373690827,2
8373690828,2
8373690829,2
8373690830,2
8373690831,2
8373690832,2
8373690833,2
8373690834,2
8373690835,2
8373690836,2
8373690837,2
8373690838,2
8373690839,2
8373690840,2
8373690841,2
8373690842,2
8373690843,2
8373690844,2
8373690845,2
8373690846,2
864817628,2
8785568228,2
7223728617,2
4085778923,2
321255919,2
7607077361,2
6369401334,2
4085778934,2
21563479,2
7607077372,2
8785484288,2
21563481,2
473264641,2
4017328647,2
25503851,2
4689775124,2
470729237,2
4689775126,2
8785484312,2
8785484313,2
8785484314,2
8785484315,2
8785484316,2
268124704,2
21563489,2
5475684917,2
5177397821,2
5177397822,2
5177397823,2
5177397824,2
5177397825,2
3267461696,2
5177397827,2
5177397828,2
5177397829,2
5177397830,2
5177397832,2
5177397835,2
3474115148,2
3267461709,2
441958990,2
1782729295,2
441958992,2
1782729296,2
6840965712,2
9684101713,2
3267461710,2
3696548438,2
3267461721,2
4658088539,2
9024076384,2
9024076385,2
3267461729,2
3267461728,2
3267461737,2
5736692334,2
21563503,2
3267461742,2
3267461747,2
3267461749,2
3267461752,2
3267461756,2
3267461758,2
3267461759,2
7223712382,2
4658088585,2
2294047369,2
4866591373,2
4866591374,2
4866591375,2
4866591376,2
18395811,2
4922952362,2
4691514032,2
1268892338,2
4530270906,2
473262779,2
4530270908,2
25471681,2
4530270913,2
8785457867,2
2241962700,2
2620105428,2
3519005409,2
1311961826,2
1020211942,2
4691460851,2
25471732,2
25471733,2
25471734,2
419347194,2
419347195,2
419347196,2
419347197,2
419347198,2
419347199,2
419347200,2
419347201,2
419347202,2
419347203,2
25500427,2
4089236235,2
4089236236,2
4085767992,2
1163954964,2
4085767993,2
8807441176,2
5207477021,2
3519013665,2
1401926435,2
1268900644,2
5006063178,2
5973627687,2
25503841,2
5006063179,2
1268900660,2
1311961910,2
4627491642,2
4627491643,2
25503845,2
390341443,2
9856119621,2
4643337035,2
25503848,2
7223704403,2
8336028504,2
8336028505,2
9729684314,2
9856119643,2
8336028508,2
8336028509,2
8336028510,2
8336028507,2
8336028511,2
8336028512,2
8336028513,2
8336028515,2
8336028516,2
25500517,2
9856119645,2
8336028514,2
6369390690,2
4663309171,2
25500535,2
4860803960,2
4860803961,2
1649365881,2
6369390693,2
1268892541,2
3876713343,2
6369390694,2
1311961991,2
6369390695,2
21392267,2
6369361795,2
21392272,2
21392273,2
2586616722,2
4378043283,2
1311962013,2
1311962016,2
4240028580,2
354935735,2
1163955130,2
8620272571,2
2265050050,2
5177410511,2
455705562,2
269589467,2
9310682079,2
1311962082,2
8373623781,2
3644748774,2
25066470,2
2360685543,2
1311962089,2
8373752817,2
2012969971,2
25504760,2
9781311296,2
25504769,2
9756243981,2
3265436678,2
9756243982,2
3265436680,2
1311962122,2
25504779,2
9756243983,2
3265436686,2
3265436688,2
9756243984,2
1311962130,2
3518995475,2
3265436692,2
9756243985,2
3265436695,2
3497483291,2
9756243986,2
7926506525,2
7926506526,2
7926506527,2
7926506529,2
7926506530,2
7926506531,2
7926506532,2
9754453026,2
9754453027,2
9754453031,2
9754453032,2
9754453033,2
9754453030,2
9754453028,2
319984684,2
1360122924,2
9754453029,2
25496622,2
24951856,2
4866653236,2
1311962169,2
1311962182,2
4150883407,2
9855343702,2
2140421219,2
2140421220,2
2140421222,2
2140421223,2
2140421224,2
107641,2
107643,2
107644,2
107646,2
107647,2
8755805313,2
5880188045,2
5880188046,2
107667,2
107668,2
9691102358,2
8785441943,2
8785441944,2
9691102362,2
7607080091,2
1239549084,2
107684,2
107685,2
107686,2
107687,2
107688,2
1617532073,2
107690,2
4938216619,2
107692,2
107693,2
419632303,2
419632306,2
419632307,2
1617532085,2
1617532087,2
1617532088,2
1617532090,2
25066684,2
1617532092,2
1782725824,2
25066694,2
2387209415,2
25066696,2
9021504714,2
9021504715,2
1054045407,2
5046627553,2
4822267107,2
4822267109,2
2360681713,2
2387207417,2
2387207418,2
2387207420,2
2387207421,2
2387207423,2
9684083967,2
2387207425,2
2387207426,2
388455682,2
9684083971,2
9684083975,2
9684083976,2
9684083977,2
7553887498,2
9684083979,2
9684083978,2
1054045453,2
9684083981,2
9684083983,2
9684083982,2
9684083984,2
8373728530,2
9684083987,2
9684083988,2
7553887509,2
9684083992,2
9684083993,2
9684083995,2
25066784,2
9021498664,2
7223668011,2
7223668012,2
5976853817,2
2265048377,2
5046627645,2
5046447437,2
3816097102,2
3816097103,2
3816097104,2
3816097105,2
26374236,2
6951230826,2
1793420652,2
1655418222,2
7946378607,2
7946378608,2
4378043789,2
5006065038,2
5006065037,2
5006065040,2
5006065041,2
5006065039,2
5207487897,2
748885412,2
2665239973,2
2665239975,2
4367041960,2
2665239977,2
4367041962,2
2665239978,2
2665239976,2
2919962038,2
2919962039,2
2919962040,2
2919962041,2
2919962042,2
2919962043,2
2919962044,2
2919962045,2
2919962046,2
316763584,2
316763586,2
9693982149,2
316763590,2
316763595,2
2775653836,2
316763600,2
9691076056,2
1148276186,2
4328443355,2
4627445213,2
4627445215,2
1852997088,2
4627445216,2
4627445217,2
2466442731,2
4627445240,2
4627445241,2
5055364608,2
373364225,2
5055364610,2
5055364611,2
373364228,2
6293128709,2
5055364612,2
5055364614,2
21583366,2
4627445257,2
4627445258,2
4627445259,2
4627445260,2
4627445261,2
8620105233,2
8620105234,2
8620105236,2
8620105240,2
4630855193,2
1810130457,2
8620105243,2
8620105244,2
8620105242,2
4089226784,2
4630855202,2
4630855203,2
4630855204,2
4630855205,2
8620105259,2
473265708,2
8620105265,2
8620105268,2
8620105269,2
1678155318,2
8620105270,2
9310662201,2
9310662202,2
25067068,2
1148276284,2
5006063170,2
5006063171,2
5006063172,2
5006063173,2
1828402758,2
5006063175,2
2387213896,2
1828402760,2
5006063176,2
2387213899,2
5006063177,2
1828402765,2
2387213902,2
1828402767,2
2387213904,2
1828402769,2
5006063186,2
1828402771,2
5006063180,2
1828402774,2
9756278362,2
9756278363,2
9756278364,2
3704225375,2
3704225376,2
25577057,2
3704225378,2
3704225379,2
3704225380,2
6327615076,2
6327615075,2
5976850023,2
5976850024,2
6327615074,2
7610670710,2
3328228993,2
3328228994,2
4962956931,2
3328228996,2
264824452,2
3328228998,2
25161351,2
25161352,2
25161353,2
3328229004,2
973158035,2
761831060,2
25161365,2
25161366,2
2360684188,2
8263157412,2
8263157413,2
8263157414,2
8263157415,2
8263157416,2
7271474856,2
7271474855,2
8785503917,2
8785503918,2
8785503919,2
8785503920,2
1214922421,2
3972566710,2
4077627063,2
3972566713,2
1214922426,2
3972566715,2
3972566716,2
1214922428,2
1214922429,2
1707790023,2
1707790029,2
7613626070,2
7613626073,2
9781190365,2
2775635677,2
1707790052,2
1707790055,2
4034060007,2
1707790057,2
4034060012,2
1707790062,2
1707790063,2
1707790064,2
4329502449,2
4034060017,2
1707790067,2
2265065203,2
4034060015,2
4379801334,2
2265065207,2
4034060018,2
4866623226,2
1707790074,2
1707790076,2
1707790085,2
419632906,2
8868824843,2
1707790096,2
1782730512,2
25505561,2
7610670876,2
4085767970,2
4085767971,2
5006978853,2
8868824870,2
8868824871,2
5006978855,2
5006978856,2
5006978857,2
25505673,2
7610670892,2
4085767974,2
4085767978,2
4085767983,2
4085767980,2
4085767989,2
4866651959,2
7926554424,2
7926554423,2
4866651962,2
7610670906,2
4866651963,2
25470781,2
7926554430,2
7926554431,2
4866651968,2
4866651969,2
9781311298,2
9781311299,2
7610670913,2
25470784,2
4866651966,2
7610670919,2
25470783,2
7610670921,2
9781311297,2
3267461693,2
4859246418,2
4859246419,2
4859246420,2
4764884821,2
25505622,2
25505624,2
25505629,2
7617785701,2
108391,2
7617785710,2
25505648,2
7617785713,2
7617785714,2
4530339698,2
4530339700,2
1835356021,2
4530339702,2
4530339699,2
4530339701,2
9024139129,2
8373651316,2
8373651315,2
9024139132,2
9024139133,2
6369361789,2
104319,2
104320,2
9024139134,2
6369361794,2
9024139135,2
9024139138,2
9024139136,2
9024139137,2
2466445190,2
9024139143,2
9024139144,2
4428887946,2
9024139147,2
9024139148,2
9024139145,2
9024139146,2
9024139149,2
9024139150,2
5114681227,2
5114681230,2
957122446,2
25505677,2
4661317524,2
1813794712,2
2387212189,2
4661317536,2
7066617760,2
367091632,2
1726730162,2
1726730165,2
4719617974,2
5880186827,2
5880186828,2
25470928,2
3813810132,2
3813810133,2
7223695323,2
7223695324,2
7836155869,2
7223709662,2
3497461727,2
7223709664,2
1725360097,2
7223695327,2
7223695326,2
7223709668,2
7223709669,2
25475182,2
9754527740,2
9754527741,2
9754527742,2
9754527743,2
104321,3
5046314042,3
9693760971,3
24951853,3
24951854,3
4922952373,3
5046314040,3
9856119641,3
268997562,3
5046314043,3
25632860,3
5046314041,3
25161345,4
104322,4
25161346,4
8869435268,4
1718328198,4
1718233994,4
1721678995,4
2140227862,4
25161368,4
316763545,4
8869435290,4
7836164763,4
7836164764,4
7836164765,4
5046005790,4
9693730842,4
28800672,4
7553887409,4
28800689,4
7553887415,4
1718233922,4
5247852872,4
25066450,4
25066451,4
25066453,4
5224630617,4
7836155866,4
9856119642,4
5046314077,4
1684511838,4
24950117,4
1718233957,4
1717650794,4
5046314091,4
316763500,4
316763501,4
5046314092,4
5046005743,4
5046005745,4
1771426166,4
316763513,4
1771426172,4
1771426173,4
5046005758,4
8438226815,4
4167762779,5
104323,5
8429225386,5
8429706219,5
8429795032,5
295977520,5
6110191186,5
4167762777,5
8429774517,5
4167762776,5
8429795033,5
8429795034,5
8429795035,5
3855607516,5
1237883773,5
107584,6
251892754,6
251892950,6
30056310,6
3847023130,6
3847023131,6
9703794688,7
9703794689,7
9703794690,7
3876429831,7
7797731340,7
7797731341,7
7797731342,7
7797731343,7
9694072864,7
1043001378,7
2218344498,7
2218344501,7
27459638,7
2218344503,7
2218344505,7
2218344508,7
5342236733,7
2218344510,7
2218344511,7
2218344509,7
1043001410,7
2218344516,7
2218344518,7
3073173576,7
2218344522,7
1043001422,7
1043001423,7
3073173585,7
1211381855,7
1771458655,7
2297373047,7
1771458658,7
2934288513,7
4835108995,7
4835108996,7
2934288517,7
2934288518,7
4835108997,7
4835109000,7
4835109001,7
2961540,7
5257738379,7
2934288523,7
5257738381,7
5257738384,7
2934288530,7
3528710290,7
5257738387,7
5257738389,7
5257738390,7
2961557,7
18395288,7
1312471193,7
3858880678,7
1312471208,7
5160943793,7
5160943794,7
5160943797,7
1312471222,7
5160943798,7
1566269623,7
4866807989,7
5160943803,7
9694087358,7
9694087359,7
9694087360,7
9694087361,7
9694087362,7
9694087363,7
9694087364,7
9694087365,7
4688513218,7
5160943807,7
7082240198,7
1039290562,7
4866705606,7
1312188619,7
1039290578,7
4688513237,7
1039290584,7
4688513241,7
1039290586,7
9080123618,7
9080123619,7
9080123622,7
1312471271,7
6969936109,7
6969936112,7
27351282,7
27351284,7
27459830,7
1939558647,7
1939558648,7
1939558649,7
1939558650,7
25477371,7
1939558651,7
1939558646,7
1939558655,7
1939558657,7
1939558659,7
1939558660,7
1939558661,7
1939558663,7
1939558664,7
1939558666,7
1939558667,7
1939558671,7
1939558672,7
1939558673,7
1939558674,7
1717643537,7
1939558677,7
1939558678,7
1939558681,7
1939558684,7
5925626141,7
5925626142,7
1939558687,7
1046391070,7
3139705121,7
6985373983,7
6985373980,7
6985373982,7
6985373984,7
1939558697,7
1312188714,7
1939558700,7
1939558701,7
1939558704,7
8043350325,7
8043350341,7
1144619335,7
8579522887,7
1782718791,7
1782718792,7
4195103055,7
1312188768,7
27459945,7
27459951,7
25248112,7
25248113,7
25248114,7
25248115,7
25248117,7
25248118,7
1939632502,7
1939632504,7
27459959,7
25248120,7
25248122,7
25248123,7
25248124,7
25248119,7
27459966,7
25248125,7
25248127,7
27459969,7
27459970,7
27459971,7
25248128,7
25248126,7
2902624645,7
2934411661,7
2934411667,7
2934411668,7
1312188821,7
1312264600,7
1312264610,7
2935392676,7
1312264618,7
5095547321,7
5160943806,7
28418497,7
2387220933,7
6465896909,7
1312188886,7
2961885,7
2406484452,7
2406484453,7
1678283238,7
2406484455,7
2406484454,7
1678283242,7
212916714,7
1678283244,7
2406484460,7
1678283247,7
9042053624,7
1401416203,7
1365887500,7
7657257518,7
4430996023,7
9375078973,7
9375078974,7
9375078975,7
4430996033,7
4866976614,7
2218340965,7
27460198,7
7797330549,7
251892353,7
9710332576,7
9710332577,7
27460259,7
6280047275,7
6280047277,7
6280047278,7
6280047280,7
3715515059,7
8318757605,7
8318757606,7
3499500263,7
1566270189,7
251892475,7
18393873,7
2793904931,7
9021535020,7
4077599544,7
1014649672,7
4144358216,7
4144358217,7
9856119635,7
4866976610,7
4866976611,7
4866976613,7
109414,7
3381130086,7
3381130087,7
109415,7
3381130089,7
3381130090,7
3381130091,7
3381130092,7
109416,7
4866976617,7
3145798533,7
3517719434,7
251757452,7
251757458,7
24951721,7
4827050921,7
212927414,7
25066457,7
251757533,7
1733389278,7
5473274866,7
4866784251,7
5334625292,7
5334625293,7
1721713699,7
7636163631,7
107585,7
3247932481,7
107587,7
107586,7
107588,7
3247932486,7
2793874522,7
10677374,7
10677376,7
10677377,7
5165786242,7
5165786245,7
8515091589,7
6995618971,7
6995618979,7
9021504716,7
2914561272,7
2642857212,7
3381130493,7
249679102,7
28419328,7
21523714,7
21523715,7
21523716,7
1014803714,7
1014803718,7
1014803721,7
1014803736,7
24661273,7
25068862,7
1951616325,7
1951616327,7
5925584203,7
5925584204,7
302013776,7
9375100241,7
3816097106,7
3816097107,7
3816097108,7
3816097109,7
3816097110,7
9375100242,7
24950101,7
24950102,7
24950105,7
24950104,7
357999964,7
24950109,7
24950107,7
9042027865,7
24950112,7
9042027866,7
8807431546,7
8807431551,7
1678245252,7
9030155653,7
3550836102,7
8807431559,7
8807431560,7
9030155654,7
1312454038,7
2872704413,7
3499556266,7
8318797234,7
8318797235,7
1312454068,7
8318797236,7
1782717878,7
8318797237,7
2218362306,7
2218362310,7
2218362314,7
2218362316,7
2218362321,7
6985379285,7
6985379286,7
2218362332,7
2218362336,7
1731216865,7
1350430181,7
9030155749,7
9030155753,7
25069046,7
9080098305,7
9080098306,7
9080098307,7
9080098308,7
9080098309,7
9080098312,7
30078473,7
9080098314,7
9080098313,7
3528711693,7
255051289,7
3215685153,7
3528711722,7
27459116,7
27459120,7
6218501713,7
6218501715,7
6218501717,7
27459165,7
6218501740,7
6218501746,7
6218501751,7
6218501753,7
2218348156,7
6218501757,7
2218364541,7
2218364543,7
3528738434,7
3528738438,7
3528738439,7
4726152840,7
3528738440,7
1497452171,7
4726152844,7
4726152847,7
4726152848,7
4726152850,7
4726152854,7
9030037142,7
4726152857,7
25161370,7
1493722804,7
5218862786,7
472493763,7
7223326407,7
7223326408,7
7223326409,7
7223326410,7
7223326411,7
7223326412,7
7223326413,7
7223326414,7
6470264535,7
6470264536,7
9781190366,7
9781190367,7
9781190368,7
9781190369,7
3706494694,7
7223365368,7
7223365370,7
7223365371,7
7223365372,7
24659709,7
255678213,7
2538458898,7
2195965722,7
2195965723,7
3906588452,7
30056255,7
21307200,7
4864083784,7
4864083785,7
30056277,7
2203268985,7
8869435258,7
9030029183,7
2387224474,7
2387224475,7
9030121410,7
3247933381,7
8976060358,7
3247933387,7
9808795600,7
9808795601,7
9808795602,7
471488469,7
2218362849,7
9703794686,7
9703794687,7
5269678593,8
9703794691,8
9703794692,8
9703794693,8
9703794694,8
9703794695,8
9693971464,8
9703794697,8
9703794696,8
9690975243,8
9690975244,8
9690975245,8
1312932879,8
9673189925,8
9673189926,8
4534184507,8
107602,8
6110191188,8
28418144,8
9703827555,8
5904585328,8
27460210,8
27459198,8
4344245892,8
4344245893,8
9673091207,8
9673091208,8
9673091213,8
9673091214,8
3850146457,8
5517519002,8
27460250,8
7487734942,8
6110164641,8
6110164647,8
6110164649,8
6110164650,8
6110164659,8
6110164660,8
1233350847,8
1233350848,8
9693910743,8
7644741345,8
7644741346,8
7644741351,8
377490664,8
9080123624,8
9080123623,8
9080123627,8
9080123628,8
6969936105,8
6969936106,8
377490677,8
2612458244,8
2612458246,8
3987750677,8
3987750679,8
3987750684,8
3987750685,8
3987750686,8
3987750687,8
3987750688,8
4210859292,8
3987750692,8
7900888377,8
2969439040,8
9693974851,8
302013777,8
3220254039,8
27460439,8
4054356842,8
4054356847,8
7900888437,8
5977954180,8
4223357836,8
429346236,8
429346241,8
1312932832,8
1312932849,8
2872699894,8
4715264000,9
4715264001,9
4715264002,9
25475072,9
4715264004,9
5816743941,9
5816743942,9
722208263,9
5816743945,9
5816743947,9
5816743949,9
5816743950,9
6014302223,9
6014302222,9
6014302226,9
6014302227,9
6014302228,9
7236131861,9
7236131862,9
7236131864,9
7236131865,9
25476124,9
1312932894,9
25476127,9
25476131,9
25476132,9
25476134,9
4920098343,9
4920098342,9
4920098344,9
4920098349,9
9690974262,9
9690974263,9
9690974264,9
9690974265,9
2203888698,9
9690974266,9
9690974272,9
9690974274,9
9690974275,9
4534184516,9
9690974277,9
9690974276,9
9690974278,9
283061836,9
25475661,9
25475663,9
25475664,9
1505332730,9
675734610,9
675734613,9
107606,9
6332695638,9
6332695637,9
6332695639,9
9699944538,9
675734622,9
25497222,9
1312471188,9
1312471189,9
1312471190,9
1312471196,9
1312471197,9
109728,9
1312471202,9
9690769059,9
1312471210,9
1312471216,9
1312471217,9
1312471223,9
277337783,9
25475770,9
1233350862,9
1312471252,9
1312471258,9
1312471265,9
1312471267,9
1233350889,9
585129712,9
585180151,9
742399752,9
8429945617,9
8429945618,9
4164428578,9
8064065316,9
3231501611,9
8064065323,9
4166967089,9
4136137525,9
4136137529,9
4136137530,9
28418877,9
5816744255,9
28418879,9
5816744257,9
27459905,9
28418880,9
8429934918,9
9856119626,9
4629462859,9
9856119627,9
25496910,9
4167762778,9
25475419,9
28418909,9
9699953505,9
28418921,9
9693971448,9
9816821617,9
4529881970,9
8429945717,9
9690878337,9
1547657104,9
6266867111,9
6266867112,9
6266867113,9
6266867114,9
9690915259,9
1689605567,9
9690915264,9
9690915265,9
9690915263,9
429346243,9
9690915267,9
9690915268,9
9690915271,9
9690915273,9
9690915274,9
429346251,9
9690915275,9
429346253,9
5931509715,9
9135848919,9
9135848920,9
9135848921,9
9135848922,9
9135848923,9
9135848924,9
5931509720,9
9135848925,9
5931509721,9
585199079,9
25475561,9
9693971447,9
4715263992,9
9693971449,9
9693971450,9
9693971451,9
9693971452,9
2364384488,10
8030470473,10
585124778,10
1951242858,10
1951242860,10
2364378222,10
2364371185,10
2364379602,10
2364379603,10
2364379604,10
2364379605,10
107613,10
107614,10
1864047135,10
25475328,11
1990912129,11
9700060292,11
690295047,11
9690878344,11
4872502279,11
9632417162,11
9632417163,11
4777885222,11
9683581480,11
283062189,11
3385332654,11
9683686963,11
3733791671,11
1155552319,11
1137777343,11
8030470464,11
585130362,11
8030470469,11
7638732490,11
7638732491,11
25475417,11
4832472797,11
9135845214,11
680069471,11
107615,11
8579240311,11
9135845216,11
9135848931,11
680069473,11
9135845213,11
9135848928,11
1951242856,11
1951242857,11
1990912106,11
1951242859,11
2364384492,11
2364384490,11
680069483,11
2364387947,11
9135848938,11
9135848937,11
2364371186,11
1990912115,11
8579240307,11
8579240309,11
8579240310,11
8579240308,11
8579240312,11
8579240313,11
8579240314,11
5141216782,12
4077593104,12
5104314384,12
367114771,12
24662037,12
5141216790,12
7906964249,12
5473273373,12
5473273376,12
7745051680,12
2967343648,12
2967343649,12
1569343523,12
25067558,12
7926686250,12
25532464,12
385311796,12
6985395258,12
25532475,12
1547013692,12
1547013698,12
5342236740,12
5473273425,12
1678227031,12
5238587992,12
5473273433,12
5238587994,12
5473273435,12
1569343577,12
3585762393,12
1569343576,12
3272782433,12
329983075,12
1550763620,12
107626,12
107627,12
107628,12
1547013743,12
5049840242,12
5049840243,12
107634,12
5049840245,12
1186508405,12
25067636,12
5049840248,12
2961549,12
25161360,12
25161361,12
25161362,12
25161363,12
1569216662,12
25067670,12
1569312412,12
25161377,12
25161378,12
25161379,12
25161380,12
25161381,12
25161383,12
4867087535,12
7223298253,12
1569241807,12
1569241808,12
25067727,12
25067728,12
3708234964,12
24660697,12
25067737,12
3153656028,12
3153656030,12
1951616231,12
1951616232,12
1951616234,12
1951616236,12
5104314096,12
5104314098,12
1951616261,12
2378843909,12
1951616263,12
1951616268,12
1569343756,12
1951616270,12
1951616276,12
1951616278,12
7906964247,12
7906964248,12
6463234329,12
7906964250,12
1951616283,12
1951616284,12
1312453915,12
27458331,12
1951616287,12
1312453919,12
5218844446,12
5218844445,12
1951616291,12
1951616292,12
24950050,12
24950051,12
1951616295,12
7906964251,12
1951616297,12
24950064,12
27458353,12
24950065,12
24659764,12
4077599543,12
4077599545,12
9027328314,12
9027328313,12
1312453950,12
1951616319,12
1312453954,12
6032044867,12
6032044868,12
1951616322,12
9710359368,12
5925584201,12
9856119628,12
1312453966,12
8390582613,12
5141354328,12
5141354329,12
5141354330,12
5141354331,12
5141354332,12
1312453981,12
5141354333,12
25067871,12
24950113,12
24950114,12
5227220835,12
24950115,12
9856119649,12
9856119651,12
385311590,12
5141625698,12
25067883,12
1312453996,12
5227220845,12
5227220846,12
8807431535,12
5227220848,12
367121266,12
8807431541,12
3272712566,12
1782714747,12
8807431548,12
6369361790,12
8807431550,12
6369361792,12
1312454015,12
1556260235,12
1678226827,12
5104314255,12
4072083344,12
4072083345,12
1556260241,12
5104314256,12
2389802901,12
2389802904,12
5065949596,12
1312454045,12
5065949598,12
1678226846,12
1312454048,12
2279592861,12
3215687074,12
25067936,12
2279592862,12
25067935,12
25067933,12
1312454055,12
5931501991,12
5104314275,12
1569343909,12
25532332,12
25544111,12
25544112,12
24659736,12
1312454066,12
4748394420,12
259252667,12
25067461,12
1312454086,12
1312454087,12
5335245256,12
25067463,12
25067469,12
24661966,12
25067470,12
8753664977,12
25067473,12
1312454100,12
25067476,12
5104314325,12
25067479,12
471488472,12
25532377,12
3644748767,12
25532384,12
1312454114,12
2961891,12
471488484,12
1678226917,12
8807410152,12
5141216745,12
8807410154,12
5141216746,12
8807410158,12
8785024497,12
5141216754,12
5104314353,12
473258249,13
1312454029,13
1312454031,13
473258639,13
3887941013,13
2059790748,13
25532576,13
6458938017,13
7926686249,13
1312454058,13
7926686252,13
1312454061,13
25544110,13
25265075,13
5340811829,13
5340811830,13
25265077,13
25265079,13
25265078,13
4085783099,13
1418752708,13
5340811717,13
4077579334,13
1312454090,13
4166634955,13
2142502090,13
7911243856,13
1418752721,13
7911243857,13
4166634962,13
763372884,13
7911243861,13
7911243858,13
7911243863,13
763372886,13
9413430622,13
7911267686,13
7620895976,13
1727515754,13
7911267693,13
1312453999,13
107632,13
6369361796,14
6369361797,14
25067400,14
5141625621,14
5141625623,14
5141625625,14
5141625630,14
4729628192,14
4866664736,14
7223298252,14
7223298254,14
3644785104,14
5141625696,14
9856119650,14
5141625702,14
5141625703,14
107637,14
6369361788,14
6369361791,14
9856119648,15
5141877239,15
5141876996,15
5198585557,15
107638,15
5198585559,15
25067324,15
5119652864,16
5119652865,16
25495808,16
1832227968,16
9781435146,16
2458273291,16
1953202962,16
2453941139,16
6279388821,16
6279388822,16
6279388823,16
6279388824,16
26678169,16
26678168,16
2453941147,16
26678171,16
26678166,16
26678167,16
343669791,16
2458257570,16
8975700259,16
8975700260,16
2458257573,16
8975700261,16
343669798,16
5265953450,16
5265953451,16
5265953452,16
1364161197,16
2458257578,16
5265953455,16
2458301100,16
5265953457,16
5265953454,16
5265953459,16
2458260532,16
1832228016,16
25495858,16
2458256449,16
25495807,16
8645592521,16
1364172237,16
1832129873,16
6108171363,16
1832129878,16
1953202903,16
25495640,16
1953202907,16
21578459,16
25495646,16
6724775011,16
6724775012,16
108389,16
6724775013,16
6724775014,16
8787384680,16
6724775017,16
6724775018,16
6724775015,16
6724775016,16
1832248428,16
108390,16
1364168178,16
1364168180,16
2458303223,16
5119652857,16
2458307450,16
1364169899,16
5119652862,16
5119652863,16
9804578356,17
9820537921,17
9820537922,17
1736685635,17
9820537934,17
1326821457,17
4297243218,17
9576827481,17
9576827482,17
25475674,17
1326821465,17
25475692,17
25475693,17
1326821487,17
1326821489,17
1363483801,17
4297243295,17
9820538016,17
9820538017,17
4297243298,17
9820538018,17
9820538019,17
4158004390,17
1326821542,17
9820538028,17
4571238064,17
4571238067,17
4571238068,17
4297212084,17
25475767,17
1938953403,17
1938953406,17
1326821568,17
1938953413,17
748797126,17
1938953414,17
1938953417,17
6828863691,17
6828863692,17
6828863693,17
6828863694,17
6828863695,17
6828863696,17
6828863697,17
4297212114,17
6828863698,17
1938953430,17
4297212119,17
1938953431,17
748797145,17
1326821593,17
1938953432,17
25470166,17
1938953437,17
1938953433,17
4297212128,17
4297212129,17
21990633,17
21990634,17
21990637,17
21990638,17
1326821624,17
4298970364,17
25497340,17
4298970368,17
25497347,17
4298970380,17
4298970384,17
4297212194,17
4297212204,17
355416911,17
4297242961,17
355416914,17
1601797458,17
355416920,17
109403,17
9820523869,17
9820523870,17
9820523871,17
9820523872,17
4297054053,17
108393,17
6525671279,17
108406,17
1601832328,17
9820523913,17
9820523914,17
9820523915,17
9820523916,17
9161061776,17
9693963678,17
9693963679,17
9693963680,17
9693963681,17
9693963682,17
9693963683,17
710657963,17
7947041713,17
422573549,17
1913216493,17
25497596,17
25497599,17
469776896,18
2466456409,18
6369329155,18
6369329156,18
25632774,18
6369329158,18
6369329159,18
8989843465,18
25497611,18
25497612,18
25497613,18
6369329170,18
6369329172,18
10607127,18
10607128,18
10607129,18
1150003224,18
2632464413,18
10607133,18
2632464416,18
1125619235,18
2632464427,18
8784212017,18
1723388979,18
1813618227,18
1813618228,18
1813618229,18
1813618230,18
372978232,18
1723388985,18
1813618231,18
1596655163,18
1813618232,18
1813618234,18
256766529,18
1366095187,18
5238528591,18
1366095189,18
4530057817,18
1366095190,18
4870281309,18
2135411294,18
1326821471,18
2135411296,18
2135411297,18
4870281311,18
4369519204,18
25475688,18
25475690,18
25475691,18
1326821490,18
3076574323,18
4369519219,18
10606709,18
4369519227,18
1326821502,18
1326821504,18
1155584130,18
20460681,18
1326821513,18
1326821515,18
20460686,18
20460687,18
20460688,18
20460690,18
20460691,18
1326821524,18
1326821525,18
3722411669,18
20460695,18
20460696,18
20460697,18
20460692,18
20460694,18
6506796188,18
1326821539,18
1326821541,18
1326821557,18
5041784501,18
1326821559,18
1813618358,18
25473207,18
25473206,18
1326821564,18
2632431806,18
2632431807,18
1326821566,18
1326821569,18
255860415,18
110274,18
1326821577,18
1326821579,18
1081508186,18
1326821585,18
4703542482,18
4703542483,18
5060405461,18
1326821596,18
25497824,18
25497828,18
25497829,18
1326821613,18
2632486641,18
2632486645,18
2632486646,18
25497845,18
2632430340,18
2632430342,18
4076095242,18
275180300,18
25497872,18
4076095253,18
3320947996,18
4076095262,18
2331184927,18
2331184929,18
2331184930,18
2331184931,18
2331184932,18
2331184934,18
2331184935,18
2480657190,18
5041784633,18
5041784634,18
1813618497,18
8868824899,18
446765895,18
390073160,18
2466456399,18
2466456400,18
2466456401,18
2466456402,18
2466456403,18
2466456404,18
2466456405,18
2466456406,18
2466456407,18
2466456408,18
5306194265,18
6525670234,18
6525670235,18
6525670236,18
6525670237,18
6525670238,18
6525670239,18
6525670240,18
6525670241,18
6525670242,18
2466456414,18
2466456413,18
2466456412,18
9804653408,18
9804653406,18
5353604060,18
25497968,18
1081508209,18
632447859,18
4826555767,18
108409,18
372050299,18
1125619075,18
5711517571,18
2466449286,18
2466449287,18
2466449288,18
2466449289,18
2466449290,18
2466449291,18
2466449293,18
2466449294,18
9161061775,18
1939632526,18
2466449297,18
2466449296,18
2466449295,18
25634199,18
1759454104,18
4807796633,18
1759454106,18
6871422365,18
9693865890,18
25632677,18
1759454118,18
1954751914,18
25632683,18
25632684,18
1954751916,18
1954751918,18
4860825518,18
20965804,18
1759454122,18
20965805,18
20965806,18
1954751924,18
9693963701,18
9693963702,18
9693963703,18
9693963704,18
9693963705,18
9693963706,18
9693963707,18
9693963708,18
469759942,18
469759943,18
372978120,18
435104715,18
2632476621,18
5973397966,18
435104717,18
1150003155,18
9808795605,18
3586606038,18
3586606039,18
9808795606,18
1125619161,18
9808795608,18
25499095,18
9808795607,18
4571940314,18
4571940315,18
2632476639,18
25499104,18
9808795609,18
2466456411,18
9808795610,18
9808795611,18
1150003170,18
5353604061,18
25499115,18
2632488435,18
9804774392,18
2632488445,18
2496836226,19
108420,19
3093897988,19
3093897989,19
2496836231,19
3093897991,19
1312188679,19
1255490314,19
2402557839,19
1280491924,19
1280491926,19
2402557597,19
2402557599,19
2387232555,19
2387232556,19
2387232557,19
2387232559,19
3093894065,19
2387232561,19
2387232563,19
1150003513,19
806373565,19
9030284989,19
9030284990,19
3741117630,19
4749090120,19
25477197,19
1722268367,19
9856119633,19
1722268381,19
1722268384,19
1722268388,19
5492419693,19
5565455857,19
5565455858,19
8236052983,19
8236052987,19
8236052988,19
8236052990,19
8236052991,19
4193151464,20
108835,20
4305986091,21
5905893978,21
7620902731,21
108837,21
4211515621,22
108903,22
25496777,22
245200970,22
1830276654,22
9189397456,22
4211515569,22
663363473,22
4211515891,22
8256049397,22
8256049399,22
25509513,23
470727954,23
1938819346,23
1938819348,23
1938819350,23
1938819351,23
25509526,23
5207487900,23
25481504,23
25481506,23
6988528038,23
6988528039,23
9694031532,23
9201323575,23
1236791504,23
894485202,23
109408,23
109410,23
1236791535,23
9197589363,23
9197589238,23
1536948608,24
1536948612,24
25505670,24
20626311,24
1536948487,24
3796814729,24
1536948618,24
20626315,24
20626310,24
20626312,24
20626316,24
7572522511,24
1852996875,24
7572522513,24
1536948631,24
6509584413,24
1536948517,24
7572522534,24
109734,24
7572522540,24
1536948652,24
7572522547,24
1536948536,24
1572551227,24
2504847039,24
7572522566,24
4866475725,24
4866475730,24
7572522585,24
4866475737,24
1852996954,24
1536948578,24
109411,24
109412,24
25264998,24
2504822135,24
1536948474,24
7572522492,24
7824803494,25
7824803495,25
109737,25
9072449309,25
24952269,25
7824803501,25
4166634957,25
5104314264,25
1536948541,25
1951372959,25
9753609738,26
9753609739,26
9753609740,26
9753609741,26
9753609742,26
9753609743,26
9753609744,26
9680972177,26
9680972178,26
9753609745,26
9680972185,26
25161373,26
7824747295,26
7824747297,26
7824747298,26
7824747300,26
7824747302,26
7824747303,26
7824747304,26
7824747305,26
7824747307,26
25067307,26
7824747308,26
6967585840,26
6967585841,26
109746,26
6967585842,26
1827389620,26
1782727992,26
1722621630,26
4220613456,26
700774224,26
5201625566,26
2941549918,26
5840176866,26
9681020156,26
9681020157,26
5006764037,27
5006764038,27
5006764039,27
5006764040,27
1312189073,27
1312188945,27
1312188689,27
1312188696,27
25477149,27
25477150,27
25477151,27
25477152,27
25477153,27
25477154,27
26067235,27
25477156,27
26067237,27
1312189091,27
26067239,27
26067236,27
3320743081,27
1954751908,27
1312188843,27
26067238,27
26067234,27
1312188730,27
1312188858,27
9693935550,27
1312188735,27
109760,27
9693935551,27
1312188994,27
1312188614,27
1312188622,27
1312189013,27
1312188760,27
3892081372,27
1312319838,27
3741078112,27
7644884069,27
1312188774,27
1042862726,28
7815143559,28
249558409,28
25477258,28
1042862477,28
6304787860,28
6304787861,28
3735889430,28
1042862492,28
7815143581,28
3735886877,28
3858880674,28
3858880675,28
3858880676,28
3858880677,28
7815143465,28
3673602988,28
3673602993,28
25477300,28
25477301,28
7911297462,28
7911297463,28
5929540796,28
109766,28
5925628361,28
57786953,28
347541965,28
7911297486,28
9808795598,28
7815143503,28
1042862673,28
9808795599,28
9766629717,28
347541973,28
347542743,28
25477335,28
25477339,28
9027367517,28
9027367518,28
9027340515,28
9027340516,28
2935373159,28
1042862696,28
302013673,28
2935373161,28
302013676,28
25477228,28
302013678,28
3486459766,28
2935324280,28
9203578106,28
9203578107,28
27480957,28
9856119640,29
373402354,29
109780,29
9856119634,29
9514602150,30
9514602151,30
9514602152,30
9514602153,30
109785,30
6166157035,31
109788,31
24952267,31
109818,32
8975700266,32
3644748770,32
1882379274,33
2112030869,33
1882379285,33
2112030873,33
291951643,33
275179767,33
1723340842,33
4425001783,33
110140,33
9051462722,33
4823243100,33
6855696504,33
3247578846,33
435104742,33
6855696495,33
1882379248,33
6855696497,33
6855696498,33
6855696500,33
627985397,33
6855696502,33
6855696503,33
25472760,33
275179893,33
25472763,33
4823246342,34
1150003270,34
1684835245,34
1493658224,34
2036125649,34
1309067472,34
6864015603,34
1141415219,34
1685281076,34
2036125657,34
110143,34
1312189057,35
250326914,35
4835108998,35
4835108999,35
7636180236,35
7636180237,35
20458276,35
7636180239,35
1571298192,35
7636180241,35
7636180242,35
1571298195,35
1312188692,35
8672066581,35
1401416208,35
1312188694,35
1312188824,35
8869040027,35
9710348828,35
8869040028,35
110238,35
9710348827,35
1312188704,35
20458273,35
1312188955,35
250325411,35
2003007012,35
20458275,35
1787108646,35
1787108647,35
1787108648,35
1787108649,35
1787108650,35
3334162601,35
20458277,35
2490721964,35
1312188845,35
1312189098,35
1312188722,35
4618510643,35
8868010162,35
1312188731,35
475396924,35
250327100,35
1312188988,35
8868010171,35
354886082,35
8868194757,35
1312188741,35
18469132,35
9710304459,35
9710304460,35
8868001103,35
9856119632,35
8868001104,35
250549587,35
1312188883,35
9856119637,35
1782716888,35
7926563545,35
8868194778,35
1571298141,35
21990624,35
21990625,35
1233327202,35
21990627,35
21990626,35
2642878568,35
2642878569,35
250549670,35
2934268020,35
1312188660,35
250327159,35
1312188797,35
1238259337,36
4530011788,36
9375170320,36
6261920913,36
6261920914,36
4530012691,36
4530012690,36
4530012692,36
4530012694,36
4530012695,36
4530012696,36
6261920915,36
1150003480,36
4530012699,36
4530012700,36
4530012701,36
4530012702,36
6866779806,36
4530012703,36
4530012704,36
1771453218,36
7805198627,36
1771453217,36
3499567135,36
1771453860,36
1711679380,36
3197333544,36
7191329809,36
28728210,36
5565487612,36
3197339673,36
7191329811,36
3197339674,36
4729385030,36
4729385031,36
1711679434,36
9808795596,36
3197339676,36
9375170321,36
59526352,36
9375170322,36
282708,36
9375170323,36
1150003547,36
21990620,36
9375170324,36
1731225566,36
1150003423,36
9375170325,36
9375170326,36
249470452,36
4316306166,36
28728187,36
1536039932,36
25499808,37
25438595,37
2632476618,37
25438732,37
2632476590,37
25438638,37
1953096696,37
7796554012,37
282719,37
2632464415,37
1678452792,38
10572172,38
25495617,39
25495618,39
9856119619,39
1985084100,39
1938953377,39
350437608,39
10572779,39
5060391417,39
25495695,39
25496819,39
25496820,39
25496821,39
1816038230,39
321255925,39
25495769,39
25495770,39
8972441127,40
25496748,40
21583342,40
10572785,40
8972511963,40
8785568224,41
10572786,41
7847748059,41
1985084095,41
5470932256,42
10607629,42
7947057586,42
5468301555,42
2146369237,42
5470932252,42
5470932253,42
5470932255,42
9782353731,43
8784159562,43
6467134930,43
6467134931,43
8784181688,43
10676799,43
1312264577,44
1311961985,44
794039687,44
9042133642,44
5043864464,44
28800661,44
28800662,44
25161371,44
1782724124,44
28800667,44
316763548,44
1782724125,44
250550174,44
1401908258,44
1311962151,44
9042026424,44
1311962043,44
1312264648,44
1312264524,44
1684511955,44
9856119636,44
7836155864,44
7836155865,44
7836155867,44
7836155868,44
7836155870,44
9042041320,44
9042041321,44
1718328435,44
10677375,44
8975529088,45
4462680067,45
4462680068,45
9203541381,45
7840712839,45
1832248457,45
1832248458,45
9781435147,45
4462680078,45
5374174224,45
1360122901,45
595709975,45
14672924,45
5573994014,45
5573994016,45
5573994017,45
5603454627,45
5603454628,45
5573994019,45
1832129958,45
1360122919,45
5374174120,45
1360122925,45
7203717550,45
1938953395,45
1360122937,45
5374183741,45
5374183742,45
6329690691,45
8975645638,45
8975645640,45
8975645641,45
25151180,45
4512763348,45
1360122841,45
5460658138,45
5600934876,45
1360122860,45
5573931377,45
5839156209,45
1360122866,45
1360122871,45
5573931385,45
8975529082,45
8975529083,45
8975529084,45
8975529085,45
8975529086,45
529722111,45
7553887392,46
18382242,46
8869435266,46
7567588716,46
24950093,46
3533830193,46
268997560,46
8869435257,46
250550400,47
1939632514,47
4992781187,47
3739049348,47
4992781189,47
1939632519,47
20460684,47
973101839,47
9042120207,47
2387242385,47
2387242386,47
8869472274,47
3870640530,47
25477148,47
3870640547,47
3870640548,47
4401149224,47
2387240745,47
4401149225,47
2387240747,47
4401149228,47
4992781175,47
7636278191,47
4401149234,47
7636278194,47
7636278197,47
7636278199,47
7636278200,47
1326821561,47
7636278201,47
256766531,47
18398282,47
1312335310,47
5927671120,47
1326821460,47
1326821592,47
5238500312,47
5238500313,47
914822492,47
9042037853,47
2387245025,47
873684193,47
2387245026,47
2387245027,47
2387245029,47
1326821480,47
632438506,47
9030155757,47
9030155758,47
8869472239,47
9030155759,47
9030155760,47
8869472240,47
1326821619,47
9030155762,47
2990732269,47
5927671155,47
8869472247,47
4826555769,47
4826555770,47
4826555771,47
4992781180,47
5609638014,47
25066461,48
18468953,48
25066462,48
5047029678,48
18469130,49
9856119638,49
6978555522,50
1758554289,50
2990780037,50
2990780039,50
20460680,50
20460682,50
2990806410,50
2990806411,50
2990806413,50
2990806415,50
2990806416,50
968499092,50
968499093,50
819132568,50
1684781470,50
4246525220,50
4246525223,50
316763559,50
316763561,50
316763563,50
1758554286,50
8975833904,50
8975833905,50
6978563378,50
6978563379,50
6978563380,50
6978563381,50
6978563382,50
6978563383,50
6978563384,50
8975833913,50
8975833912,50
8975833915,50
4682627259,50
4682627261,50
8975833914,50
4682627263,50
4682627264,50
6978577985,50
4682627266,50
4682627265,50
256766532,50
256766533,50
748941508,50
4195111363,50
1758554291,50
1150003147,50
1150003532,50
9041828942,50
1759454163,50
1758554294,50
1759454429,50
3763407460,50
5041784423,50
748941546,50
748941552,50
1150003571,50
5067002867,50
6978531575,50
6978555518,50
6301948480,51
20625793,51
6301948477,51
697037343,51
5905807278,51
8579276917,51
9694104278,51
25474005,51
25474015,51
5976760445,51
5976760446,51
5976760447,51
9694032608,52
9694032609,52
585200775,52
20625800,52
585200818,52
710521820,52
9694032606,52
9694032607,52
5189042552,53
20626282,53
8675201272,53
5189042551,53
7824803490,54
7824747299,54
7824803492,54
7824747301,54
1536948646,54
7824803493,54
4085778920,54
7824747306,54
5146186589,54
7824803500,54
1536948431,54
1536948529,54
20626301,54
5146186590,54
9856119647,54
20626307,55
1852996517,55
1852996670,55
1360122886,56
1236791433,56
20955158,56
9805219991,56
9805219992,56
9805219993,56
9805219994,56
9805219990,56
1360122917,56
4076095791,56
4370333627,56
1609966653,56
4370333629,56
9856119620,56
4370333637,56
9197322310,56
4370333638,56
4370333643,56
4370333648,56
9197326420,56
3519872213,56
4076095834,56
1360122845,56
1596648671,56
1360122856,56
21685484,56
1360122861,56
21685485,56
1360122873,56
5041945479,57
1755265415,57
250550023,57
250550024,57
5041945481,57
1755265428,57
1755265432,57
28800670,57
1755265444,57
1343823418,57
21307201,57
21307202,57
8869464398,57
1718566880,57
1312264546,57
21990631,57
21990632,57
873809385,57
9030155751,57
5042033643,57
9042025325,57
2990721389,57
9856119623,58
9201323564,58
21392276,58
25509525,58
2343269909,58
25495809,59
25495822,59
350377999,59
25495824,59
25495823,59
21392278,59
350437528,59
1707790105,59
6828931875,59
1938953379,59
1832052008,59
1832227886,59
447887921,59
1832227893,59
6828927809,59
1148249927,59
338472567,59
4275394254,59
5899738713,59
1832129783,59
338472562,59
25495542,59
25495543,59
6828921209,59
6828921210,59
6828921211,59
5603454625,60
5603454626,60
6606135979,60
21392279,60
5335233120,61
2934288514,61
250324965,61
21523718,61
5165786239,61
21523719,61
8042022825,61
5573991659,61
5573991660,61
5335233119,61
4138224462,61
5335233113,61
252729234,61
5009060057,61
5335233114,61
2934288509,61
1014649631,61
25498458,62
9659603285,62
21578454,62
9748953621,63
21578461,63
4378043682,64
269547419,64
4331121754,64
21685481,64
21685483,64
4378043661,64
4378043662,64
1837610895,64
1360122929,64
25500530,64
4378043667,64
1360122933,64
25500246,64
1163955034,64
4331121755,64
269547420,64
5788363874,65
4208239651,65
4462680070,65
9201323561,65
9203541612,65
21686572,65
21686574,65
4462680076,65
9201323322,65
5374181585,65
4462683090,65
6606148797,65
3972566714,65
4208239642,65
6606148798,65
5899711453,65
5899711454,65
3515286914,66
3515286915,66
3515286916,66
5565466183,66
1493676622,66
1493676623,66
28728208,66
25477106,66
21990614,66
4556931602,67
4556931604,67
21990622,67
250327576,68
2987912733,68
1685272862,68
250327591,68
1326821544,68
8868010281,68
8868010280,68
8868010279,68
8868010287,68
250327609,68
5565443389,68
5565443390,68
250327618,68
250327619,68
250549699,68
5565443397,68
347335878,68
5875062471,68
5875062472,68
250549700,68
8868010216,68
9808795603,68
9808795604,68
1719422038,68
9856119639,68
8868010202,68
8923643489,68
8923643490,68
9693628386,68
21990628,68
21990629,68
9030155750,68
21990630,68
9693628387,68
9693628388,68
9030155754,68
9030155755,68
9030155756,68
2642612586,68
213668844,68
8868010221,68
8868010218,68
213668842,68
9042053623,68
24659907,69
1311961990,69
24659947,69
6948380395,69
24949780,69
9693920801,70
9693920794,70
9693920795,70
9693920797,70
24660863,70
24950048,71
5095547180,71
5095547184,71
24950005,71
24950013,71
3517985666,72
5090420610,72
25161348,72
5090420614,72
8807429660,72
8807429664,72
8807429665,72
9691082671,72
25066419,72
2387226304,72
3499500226,72
2387226307,72
2387226309,72
2387226311,72
2387226313,72
5090420940,72
24950097,72
5090420958,72
5090420959,72
5090420964,72
9024139130,72
9024139131,72
9693920802,73
9693920803,73
24950110,73
24950111,73
6918421504,74
1951372930,74
24952195,74
24952196,74
2528522503,74
1951372935,74
6918421512,74
6918421513,74
2528522507,74
1556097163,74
4072083342,74
4072083343,74
1561071632,74
2528522518,74
1556324759,74
1556097431,74
1556097092,74
1556097306,74
2528522528,74
1556097185,74
6985465124,74
6985465125,74
1561071655,74
1547013672,74
6985465129,74
6985465130,74
1556097321,74
1561071656,74
2528522542,74
4018000435,74
1590114998,74
1547013688,74
6985465145,74
1556324793,74
1556097080,74
1556097217,74
9694091972,74
9694091973,74
1556097222,74
4777897927,74
4777897928,74
1547013705,74
1556097353,74
1556324683,74
1556324684,74
25278669,74
25278670,74
1556097098,74
9856119630,74
3385387604,74
3385387605,74
3385387606,74
3385387607,74
696477399,74
1556097368,74
6918421503,74
1556097118,74
4117882851,74
4117882852,74
8807410149,74
4085404135,74
4117882856,74
4117882857,74
4085404136,74
4117882860,74
1556097136,74
1556097137,74
1951372915,74
1951372927,74
5087519104,75
25066338,75
25161347,75
5090420965,75
25066412,75
25067264,76
25067265,76
2566132609,76
25067266,76
1852996996,76
2504822145,76
25067267,76
1569382119,76
6509584414,76
2504822137,76
1569382170,76
2504822139,76
1569382174,76
25066687,76
25067304,77
2566132610,77
2566132611,77
25161356,77
25067395,78
25067396,78
25067397,78
5146186470,78
950703625,78
950703626,78
5146186463,78
5146186489,78
25067326,78
1726783391,78
9856119646,79
25067427,79
25067398,79
25067914,80
1569216650,80
25067920,80
7911231380,80
1722621718,80
7911231384,80
473219610,80
25067803,80
1569216123,80
25161375,80
5141228834,80
1569216316,80
4085783103,80
4085783105,80
1747873474,80
1569216326,80
6446292570,80
1951616226,80
5141216740,80
5141216741,80
7911267687,80
7911267688,80
7911267690,80
7911267692,80
8814668141,80
7911267694,80
7911267695,80
7911267696,80
5104314222,80
9659831673,80
9659831674,80
9659831675,80
25265023,80
25071090,81
25071131,81
5247857728,82
9691101411,82
9691101412,82
25161357,82
2387194158,82
5141877019,82
25471736,83
25503860,83
7271474849,84
321255907,84
25472324,84
25472545,85
4675821944,85
4675821925,85
4675821932,85
4665353645,85
4665353644,85
762080111,85
1617596591,85
8373728533,85
25472566,85
25473048,85
25472379,85
1617596607,85
4823246341,86
4425001781,86
4425001782,86
25472767,86
7447716112,87
25472789,87
9161061774,87
25472800,88
4571194090,88
4571194091,88
1954751920,88
2036125650,88
2940401398,88
6014339453,88
1684835105,89
1684835107,89
1684781486,89
3739048019,89
3739048020,89
3739048021,89
25472885,89
4948630427,89
4675822093,90
4675822095,90
4675822097,90
8373728531,90
4675822100,90
8373728532,90
1617647898,90
761830938,90
1617647900,90
1617647901,90
1617647903,90
4661317153,90
4661317155,90
1617647919,90
1617647924,90
1617647928,90
1617647931,90
1617647934,90
4665352262,90
4665352264,90
761831000,90
25472890,90
761831039,90
25473004,91
4665353662,91
1311962080,92
9042129985,92
9042129986,92
1401893666,92
1311961868,92
1215563885,92
25473199,92
25473200,92
25473204,92
25473205,92
1215563897,92
6871422362,92
6871422364,92
1759454078,92
9042129984,93
875789647,93
1150003472,93
25473201,93
25473202,93
1311961947,93
1311962012,93
9042129983,93
1311962111,93
25473203,94
5067002855,94
25473281,95
9683585635,95
903630659,95
8497605091,95
4777885221,95
4085387943,95
4085387945,95
7246486955,95
4136124524,95
4136124526,95
4078858000,95
4078858001,95
869968536,95
585127354,95
585148380,95
6265654109,95
25473279,95
25497603,96
9694091974,96
9694091975,96
9694091976,96
9694091977,96
9694091978,96
6149398571,96
9856119625,96
9694091981,96
25475053,96
9694091983,96
9694091982,96
9694104279,96
1547657140,96
1312471255,96
9694104280,96
1312471226,96
1312471228,96
1569486259,97
25475597,97
6696695781,98
8784000965,98
25475678,98
6696695783,98
9823138208,99
9823138209,99
1326821607,99
1326821594,99
25475694,99
25475695,99
25475696,99
25475697,99
4297211186,99
4297211187,99
25475698,99
435104726,99
435104728,99
355416921,99
1326821466,99
9823138206,99
7075087297,100
7075087298,100
7075087299,100
6273056647,100
6273056648,100
9693963689,100
6239229422,100
6239229423,100
9693963696,100
435104721,100
9693963698,100
25475699,100
1326821620,100
9693963699,100
6272993491,100
6272993492,100
9693963697,100
25497619,100
25475754,101
1816777875,101
1493229962,101
806373533,102
25477774,102
819157946,103
25477858,103
4556931603,103
3661703766,103
25495544,104
269550333,104
25495697,105
9856119622,105
1834657467,106
25495820,106
1834657469,106
6354294763,106
470727776,107
5736847361,107
5736847362,107
5736847363,107
5736847364,107
25496100,107
749947393,107
749947402,107
25495852,107
25495854,107
25495855,107
350629203,107
269584410,107
317930380,108
4211515637,108
4211515622,108
25496775,108
25496779,109
25496780,109
25496782,109
1816038211,110
1985084135,110
25496814,110
25496783,110
25496786,110
25496787,110
5265830862,111
25496815,111
25496785,111
4429088632,111
25498457,111
1958800795,111
8972511965,111
25496800,112
1816038214,112
323260106,112
1816038237,112
25496781,112
1816038224,112
5014591889,112
25496788,112
1816038239,112
1816038199,112
1816038233,112
25496797,112
25496798,112
25496799,112
2453947049,113
8787384684,113
8787384685,113
8787384686,113
4211515634,113
25496790,113
25496792,113
4211515645,113
4211515644,113
2576893629,113
25496817,114
25496818,114
5426506500,114
2135411308,115
5711517565,115
5457908028,115
25499655,115
25504145,116
25504146,116
25504148,116
1835355916,117
1793420660,117
25504149,117
1707790044,117
4232015838,117
25504770,118
367105858,118
367105859,118
25504777,118
1268892466,118
25504755,118
1268892467,118
25504756,118
25504763,118
7572833379,119
7572833380,119
7572833381,119
25505607,119
25505679,119
25505585,119
1828402762,120
25505643,120
1828402764,120
1828402763,120
25505618,120
25505662,120
3664398006,120
2142508727,120
25505593,120
25505630,120
25505695,120
1852996856,121
25505685,121
1852996734,121
1556097153,122
8785024515,122
1556097030,122
5905896973,122
1556097166,122
1556097177,122
1556097178,122
1556097051,122
1556097320,122
1556097448,122
1547013554,122
1556097227,122
1547013710,122
25532494,122
9856119631,122
1547013589,122
1547013719,122
8807410150,122
8807410151,122
1556097048,123
25532542,123
2480657188,124
4826448085,124
25632678,124
2135411293,124
25632680,125
25632679,125
25632864,126
25632865,126
1215563905,126
1215563890,126
244128953,126
25632863,126
1042862785,127
7911297478,127
302013672,127
302013674,127
302013675,127
7815533548,127
7815533546,127
6345441358,127
7911297487,127
3486459762,127
3486459764,127
3486459765,127
249558966,127
347539416,127
3081980920,127
27480956,127
27480960,128
27480961,128
2140125056,128
9678821156,128
1736734053,128
9678821159,128
9678821160,128
9678821161,128
1238249904,128
7900221108,128
3486459769,128
28193265,129
3170676207,129
249679365,130
4344245894,130
7817162929,130
4244498866,130
2140124996,130
28418138,130
28418141,130
3892081373,130
3892081378,130
1014803686,130
7797338599,130
7797338600,130
1014803691,130
302013681,130
302013682,130
1014803702,130
1014803704,130
3894948091,130
3894948093,130
4430996024,131
28418859,131
4155841820,131
3632581622,131
3984132034,132
3984132035,132
4116809027,132
3984132037,132
4116809028,132
302013708,132
4422013486,132
249679343,132
28418929,132
4244498867,132
4244498868,132
1755708768,133
2990651905,133
1755708646,133
1755708647,133
1755708648,133
1758552521,133
1758552522,133
1758552678,133
1758552682,133
2990717003,133
1759454351,133
2990664881,133
973128722,133
28800660,133
973128725,133
9693929369,133
1755708765,133
1755708766,133
1755708737,134
1755708738,134
1755708739,134
5041945508,134
9693903657,134
2990651920,134
2990651921,134
28800666,134
28800664,134
1755708730,134
1755708732,134
5565443391,134
5046314090,135
28800671,135
1311962065,135
1311961846,135
5046314073,135
1311962079,135
1547393025,136
1547392771,136
707377287,136
30056330,136
1547392914,136
1547393045,136
1312471191,136
1547392927,136
6149398572,136
4920098350,136
1547392818,136
4619022514,136
1547392951,136
3830043581,136
1312471231,136
8579233861,136
8579233862,136
1547013574,136
1547392848,136
1547013588,136
1547392728,136
1547013592,136
1547013724,136
1547013597,136
1547392865,136
5580861156,136
6600283121,136
251892979,136
1547013754,136
1547392764,136
1547392894,136
3741131608,137
149431715,137
213668839,138
347335859,138
354886099,138
9269886261,138
8868010205,138
1719422032,139
213670986,139
1312189047,139
2642878644,140
213672005,140
249559005,141
302013662,141
7900221088,142
249560091,142
9021491075,142
7900221087,142
250325410,143
250549636,143
3787645606,143
3787645607,143
3787645608,143
3787645609,143
3787645610,143
5492419692,143
250327037,144
1310663631,144
7151566952,145
250327660,145
338319877,145
3930921860,146
3708234957,146
4230027057,146
4155841811,146
251892564,146
843376599,146
1145174402,147
4571241384,147
9820538031,147
355416887,147
355416890,147
355416892,147
3257317059,147
9820537936,147
9820537937,147
9820537940,147
9820537941,147
9820537942,147
9820537943,147
9820537944,147
9820537946,147
1165343843,147
4729480806,147
4729480807,147
4729480808,147
4571244658,147
4571244659,147
4571244660,147
4571244663,147
20955169,148
367074596,148
9693971465,149
4230595026,149
377494060,149
27331469,149
435104736,150
435104732,150
435104735,150
7918978033,151
438170475,151
6218468163,152
1550763749,152
1547013711,152
9704122321,152
471488499,152
4847781268,152
1493722803,152
4847781269,152
1550763764,152
1550763708,152
25161386,153
473258827,153
3644748773,153
4305986094,153
473264457,154
1268903266,154
1561411396,155
585201189,155
8579276918,155
3068267824,156
670103313,156
690295042,157
9690878341,157
5122737222,157
9690878343,157
748941560,158
4195111355,158
748941556,158
811035012,159
5905897286,159
6446218921,159
6446218922,159
1556097034,159
1556097387,159
1556097139,159
1556097111,159
1556097271,159
1556097147,159
1556097215,159
1723315608,160
3247825561,160
3247825562,160
7636278193,160
7636278195,160
7636278196,160
7636278198,160
4807521484,160
1309067471,160
3741131600,160
5927671121,160
3741131606,160
7636244312,160
7636244313,160
7636244314,160
9042037852,160
914822496,160
2624005734,160
914822508,160
9030155763,160
5927671156,160
9030155766,160
9030155767,160
4826555772,160
4826555768,161
1150003195,161
25632870,161
1547013760,162
1547013601,162
1547013730,162
8785024514,162
1547013604,162
1547013704,162
1312453936,162
1547013653,162
1312453879,162
1547013593,162
9694096799,162
1353133536,163
4643336966,163
4643336968,163
4643336979,163
1353133533,163
1547013621,164
1547013694,164
1547013567,164
4402629177,165
4402594986,165
1547013655,165
1547013699,166
1550763732,166
1556097337,167
1556097148,167
1556097245,168
5189042550,168
1951372909,168
5976760443,169
1556324659,169
1590088452,170
1561071644,170
1599652497,171
5504771250,171
1599652492,171
1617532089,172
1617532091,172
2341656968,173
4697287178,173
8620082704,173
4169836445,173
6868293535,173
4696568114,173
6327557047,173
6327557048,173
8620105277,173
4697288390,173
367102039,173
1617596505,173
4166662878,173
4166662881,173
3265436260,173
1828408303,173
5146127859,173
4696544885,173
4696545402,173
1678452786,174
3474115151,174
7610670751,174
7610670826,175
7610670830,175
7610670771,175
1678452790,175
7610670780,175
7610670781,175
1684835042,176
4197055203,176
1684835138,176
1684835110,176
8868809321,176
1684835019,176
6014333809,176
1684835121,176
1684835093,176
1684835030,176
1684835062,176
5609643672,176
1684835097,176
5609643675,176
1707790024,177
4658088777,177
5177352932,178
5177352933,178
1707790099,178
5177352922,178
5177352923,178
250549835,179
1718566997,179
1718567007,179
9804685199,180
9804685200,180
9804685201,180
9804685202,180
1723388986,180
7620895974,181
25161384,181
1727515734,181
1755708736,182
4992781181,182
2990721391,182
1761598585,183
4316306163,183
4316306164,183
1137777341,183
1828402755,184
1828402756,184
1832248440,185
2576893628,185
1939632512,186
108418,186
4826555773,186
1939632510,186
1990694635,187
1990694638,187
1990694641,187
3130435826,187
1990694647,187
6431923714,188
6431923715,188
5471345385,188
9693974377,188
308837357,188
2146369238,188
9161061783,188
9846850972,188
9846850973,188
9846850974,188
2146369240,189
5468301601,189
10607626,189
6332545601,190
9030284967,190
3093894066,190
2254629351,190
2665239972,191
6509684093,191
2935324281,192
2737313094,192
288193455,192
3691462888,193
9804685203,193
9804685204,193
2755124949,193
9804685206,193
9804685205,193
2914561217,194
5924603458,194
5924603459,194
5924603460,194
5924603457,194
5924611312,194
5924603444,194
5924603445,194
5924603446,194
5924603447,194
5924603449,194
8500636794,194
5924603452,194
5924603453,194
5924603454,194
5924603455,194
4938216620,195
4166634958,195
3267461735,195
3272782432,196
1547013738,196
3272782429,196
3272782446,196
3644748769,197
3519288132,197
9693628389,198
3741117629,198
9693628390,198
9733914457,199
3817308667,199
5253290694,199
3892081362,200
3892081363,200
8675201264,201
7911282822,201
1556097326,201
4169714270,201
8026335686,202
4174200046,202
4879371168,203
4879371165,203
4421008566,203
4697525032,204
26374229,204
4697525030,204
4827019220,205
835390894,205
4866475736,206
4866475731,206
4866475733,206
25496750,207
5265840063,207
5609643673,208
5609643674,208
6645346885,209
6711365597,209
7572833353,210
7572833350,210
7911282827,211
4169714271,211
1587330970,212
8783914189,212
8604055550,212
9691082176,213
4872502280,213
