node_id,cluster_id
6369329152,0
6369329153,0
6369329154,0
6369329155,0
6369329156,0
25632774,0
6369329159,0
6369329160,0
6369329161,0
6369329162,0
6369329163,0
6369329164,0
6369329165,0
6369329166,0
6369329167,0
8989843465,0
6369329169,0
6369329170,0
6369329171,0
6369329172,0
20955158,0
6509584408,0
20955164,0
25477148,0
6509584414,0
25477149,0
2293833760,0
20955169,0
25477154,0
2293833763,0
25477153,0
25477156,0
25067558,0
25477152,0
25477151,0
7815143465,0
6149398572,0
2218344498,0
7815533546,0
2218344501,0
27459638,0
2218344503,0
2218344505,0
2218344508,0
2218344509,0
2218344510,0
2218344511,0
18468953,0
7815533548,0
2218344516,0
213672005,0
9197322310,0
4665352262,0
4665352264,0
262078536,0
2218344522,0
2218344518,0
25477197,0
6345441358,0
7815143503,0
7911243856,0
7911243857,0
7911243858,0
3673602993,0
1718566997,0
7911243861,0
25632855,0
25632856,0
25632857,0
25632858,0
25632859,0
25632860,0
7911243863,0
25632862,0
25632863,0
25632864,0
25632865,0
1718567007,0
28418144,0
28418141,0
25632870,0
2642878568,0
18468961,0
2642878569,0
7151566952,0
1312188679,0
25477228,0
6124650606,0
6855696495,0
6855696497,0
6855696498,0
2934268020,0
25067636,0
6855696502,0
6855696503,0
6855696500,0
6855696504,0
8579276918,0
7815143559,0
25477258,0
25067670,0
350437528,0
3381130086,0
7815143581,0
8785567902,0
1312188689,0
367100073,0
5160943793,0
5160943794,0
4297212084,0
2642878644,0
5160943798,0
1566269623,0
5160943797,0
25477301,0
25477300,0
5160943803,0
490946748,0
5160943806,0
5160943807,0
25067727,0
25067728,0
5374181585,0
4297212114,0
4826448085,0
4297212119,0
25477335,0
25067737,0
25477339,0
4297212128,0
4297212129,0
4211515622,0
350437608,0
3691462888,0
4076126448,0
377490664,0
4211515634,0
4211515637,0
27459830,0
25477371,0
4211515644,0
4211515645,0
4076126468,0
4211515660,0
25067788,0
7447716112,0
6463234329,0
25067803,0
5925626141,0
5925626142,0
3644785104,0
4297212194,0
26067235,0
26067236,0
26067237,0
26067234,0
26067239,0
26067238,0
4297212204,0
5095547180,0
5095547184,0
4618510643,0
6739026230,0
4663312695,0
4663312696,0
4663312697,0
4663312698,0
27459905,0
4297212226,0
1782718791,0
5247852872,0
1782718792,0
1144619335,0
8579522887,0
237908,0
8390582613,0
237911,0
1081508186,0
25067871,0
4675821925,0
1081508200,0
27459945,0
25067883,0
4675821932,0
1955520879,0
25248112,0
1081508209,0
25248113,0
25248115,0
25248114,0
25248117,0
25248118,0
1955520887,0
4675821944,0
2297373047,0
1955520890,0
25248119,0
25248120,0
25248122,0
1326821579,0
25248127,0
5087519104,0
25248128,0
25248126,0
25248125,0
25248123,0
25248124,0
27459971,0
27459970,0
27459969,0
1493229962,0
25067914,0
25067920,0
1280491924,0
1280491926,0
5065949596,0
25067933,0
5065949598,0
25067935,0
25067936,0
268124583,0
7203717550,0
4143767990,0
5095547321,0
259252667,0
9690915259,0
9690915263,0
9690915264,0
8373690817,0
8373690818,0
8373690819,0
8373690820,0
354886082,0
9690915265,0
28418497,0
8373690824,0
8373690825,0
8373690826,0
8373690827,0
8373690828,0
8373690829,0
8373690830,0
8373690831,0
8373690832,0
8373690833,0
8373690834,0
8373690835,0
8373690836,0
8373690837,0
8373690838,0
8373690839,0
8373690840,0
8373690841,0
8373690842,0
8373690843,0
7847748059,0
8373690845,0
8373690846,0
8373690844,0
8785568224,0
8785568228,0
3817308659,0
4076126707,0
3817308660,0
4675822093,0
4675822095,0
4077593104,0
4675822097,0
4675822100,0
470729237,0
473219610,0
6369329158,0
268124704,0
7926686249,0
7926686250,0
4305986091,0
7926686252,0
354886099,0
4305986094,0
295977520,0
4430996023,0
4430996024,0
3267461693,0
3267461696,0
4430996033,0
3267461703,0
7223298253,0
1326821619,0
57786953,0
3267461709,0
441958990,0
3267461710,0
441958992,0
1309067471,0
5238587992,0
3267461721,0
5238587994,0
3267461728,0
3267461729,0
1758552678,0
3267461735,0
107585,0
3267461737,0
1758552682,0
27460198,0
3267461742,0
27460210,0
3267461747,0
3267461749,0
3267461752,0
3267461756,0
3267461758,0
3267461759,0
1569343909,0
2294047369,0
9042133642,0
1599652492,0
1599652497,0
3247825561,0
3247825562,0
7836164763,0
7836164764,0
7836164765,0
27460250,0
4730978978,0
4730978979,0
27460259,0
4730978981,0
4730978982,0
4730978983,0
4730978984,0
2453947049,0
3787645606,0
6606135979,0
2453947051,0
3787645609,0
3787645610,0
3787645607,0
3787645608,0
1268892338,0
3715515059,0
107602,0
3499500226,0
1312471196,0
2241962700,0
107606,0
894485202,0
2620105428,0
21578454,0
1953202903,0
7926563545,0
5177352922,0
1953202907,0
21578459,0
21578461,0
5177352923,0
3519005409,0
5177352932,0
5177352933,0
3499500263,0
4571194090,0
4571194091,0
1566270189,0
4691460851,0
269550333,0
3093897988,0
3093897989,0
3093897991,0
251757321,0
1255490314,0
2454119184,0
8429945617,0
1953202962,0
8429945618,0
8807441176,0
3519013665,0
4164428578,0
1268900644,0
28418859,0
1268892466,0
1268892467,0
1268900660,0
107626,0
28418877,0
28418879,0
28418880,0
390341443,0
4144358216,0
4144358217,0
2466456399,0
2466456400,0
2466456401,0
2466456402,0
2466456403,0
2466456404,0
2466456405,0
2466456406,0
2466456407,0
2466456408,0
2466456409,0
3741131608,0
2466456411,0
2466456412,0
2466456413,0
9804653406,0
2466456414,0
9804653408,0
28418909,0
4167762778,0
4167762779,0
385311590,0
28418921,0
4529881970,0
632447859,0
8429945717,0
1268892541,0
1759454078,0
25265023,0
3517719434,0
251757452,0
5043864464,0
2586616722,0
4378043283,0
251757458,0
1759454104,0
1759454106,0
1759454118,0
5374174120,0
1759454122,0
1832666032,0
25265075,0
25265077,0
212927414,0
354935735,0
25265079,0
25265080,0
25265078,0
7840711614,0
7075087297,0
7075087298,0
7075087299,0
5177410511,0
1310663631,0
4462683090,0
1759454163,0
3586606038,0
3586606039,0
455705562,0
5353604060,0
5353604061,0
251757533,0
1312932832,0
5907366887,0
7918978033,0
1312932849,0
9693971447,0
1953096696,0
9693971449,0
9693971450,0
9693971451,0
25532377,0
9693971452,0
9693971448,0
585180151,0
9693971464,0
9693971465,0
9856119626,0
1312932879,0
5374174224,0
973128722,0
9856119627,0
973128725,0
4208239642,0
14672924,0
7926506525,0
7926506526,0
7926506527,0
1312932894,0
7926506529,0
9754453026,0
4208239651,0
9754453027,0
9754453028,0
9754453030,0
9754453031,0
9754453032,0
9754453033,0
9754453029,0
7926506530,0
7926506531,0
7926506532,0
385311796,0
5046314040,0
5046314041,0
5046314042,0
5046314043,0
1609966653,0
107584,0
2458256449,0
9820537921,0
9820537922,0
9856119637,0
107588,0
107587,0
3247932481,0
3247932486,0
9856119638,0
107586,0
9820537934,0
9820537936,0
9820537937,0
675734610,0
9856119640,0
9820537940,0
9820537941,0
9820537942,0
9820537943,0
9820537944,0
9856119641,0
9820537946,0
5046314073,0
2793874522,0
5046314077,0
9856119642,0
3585762393,0
1771458655,0
675734622,0
7572833379,0
7572833380,0
7572833381,0
329983075,0
5046314090,0
5046314091,0
1832248428,0
5046314092,0
9856119645,0
107628,0
107632,0
9856119646,0
107634,0
107627,0
1771458658,0
107637,0
107638,0
9856119647,0
1832248440,0
107641,0
107643,0
107644,0
9856119648,0
107646,0
107647,0
5165786239,0
9856119649,0
5165786242,0
2935392676,0
5165786245,0
9856119650,0
1832248457,0
1832248458,0
6374802571,0
9856119651,0
1759454351,0
107667,0
107668,0
1239549084,0
7487734942,0
9820538016,0
9820538017,0
9820538018,0
9820538019,0
107684,0
4942595236,0
107686,0
107687,0
107685,0
107688,0
107690,0
3320743081,0
107692,0
107693,0
9820538028,0
9820538031,0
4402594986,0
5504771250,0
8783914189,0
8807410150,0
25470166,0
1759454429,0
7620895974,0
7620895976,0
21685481,0
21685483,0
21685484,0
21685485,0
5924611312,0
2360681713,0
2387207417,0
2387207418,0
2935373161,0
2387207420,0
2387207421,0
9684083967,0
2387207423,0
2387207425,0
2387207426,0
9684083971,0
28419328,0
9684083975,0
9684083976,0
9684083977,0
9684083978,0
9684083979,0
4378043661,0
4378043662,0
9684083983,0
9684083981,0
9684083982,0
9684083984,0
4378043667,0
9684083987,0
9684083988,0
9684083992,0
9684083993,0
9684083995,0
3320947996,0
4378043682,0
1832052008,0
9021498664,0
2265048377,0
25068862,0
9699953505,0
3816097102,0
3816097103,0
3816097104,0
3816097105,0
3816097106,0
3816097107,0
3816097108,0
3816097109,0
3816097110,0
763372884,0
763372886,0
9042027865,0
9042027866,0
9690769059,0
357999964,0
1717650794,0
5146186589,0
5146186590,0
4826555767,0
4826555768,0
4826555769,0
4826555770,0
4826555771,0
4826555772,0
6509684093,0
4826555773,0
9203541381,0
1601832328,0
1556260235,0
4378043789,0
1556260241,0
4847781268,0
3887941013,0
4847781269,0
25634199,0
9846850972,0
9846850973,0
9846850974,0
9693963679,0
9693963680,0
9693963678,0
9693963681,0
9693963683,0
9693963682,0
149431715,0
1954751908,0
4367041960,0
9693963689,0
4367041962,0
1954751914,0
4665353644,0
4665353645,0
1954751918,0
1954751916,0
9693963696,0
9693963697,0
9693963698,0
9693963699,0
1954751924,0
9693963701,0
9693963702,0
9693963703,0
9693963704,0
9693963705,0
9693963706,0
9693963707,0
9693963708,0
8318797237,0
4665353662,0
2218362306,0
2218362310,0
8645592521,0
2218362314,0
2218362316,0
1312335310,0
2218362321,0
4571940314,0
4571940315,0
2218362332,0
9690915267,0
2218362336,0
1731216865,0
9690915268,0
1014803686,0
873809385,0
9690915271,0
25069046,0
9690915273,0
1014803691,0
9690915274,0
6293128709,0
4823246342,0
4823246341,0
9690915275,0
722208263,0
2458273291,0
4077495820,0
4077495821,0
8715830798,0
8620082704,0
4077495826,0
3735889430,0
1810130457,0
1810130458,0
255051289,0
5473273373,0
5573994014,0
5573994016,0
5573994017,0
4089226784,0
5573994019,0
4729628192,0
213668839,0
5473273376,0
4077495854,0
4077495855,0
4077495858,0
5924603444,0
5924603445,0
4077495862,0
5924603447,0
5924603446,0
5924603449,0
4077495867,0
1596655163,0
5924603452,0
5924603454,0
5924603455,0
4077495872,0
6978577985,0
5924603458,0
5924603459,0
5924603460,0
5924603453,0
5924603457,0
4077495883,0
27459966,0
5473273425,0
6600283121,0
5473273433,0
5473273435,0
25577057,0
1550763620,0
4729480806,0
4729480807,0
4729480808,0
5041784423,0
2624005734,0
9203541612,0
3528738434,0
264824452,0
3528738438,0
3528738439,0
3528738440,0
4054356842,0
4077495951,0
4077495957,0
25477150,0
4077495964,0
7271474849,0
1039290578,0
4077495971,0
8263157412,0
8263157413,0
8263157414,0
7271474855,0
7271474856,0
8263157415,0
8263157416,0
7824803494,0
2490721964,0
8785503917,0
8785503918,0
8785503919,0
8785503920,0
7824803501,0
7824803500,0
1493722803,0
1493722804,0
5041784501,0
8429774517,0
4077627063,0
1834657467,0
2576893628,0
2576893629,0
1834657469,0
1550763708,0
1039290584,0
5218862786,0
25151180,0
1550763732,0
6470264535,0
6470264536,0
3855607516,0
4167762776,0
1014803736,0
1550763749,0
5104314096,0
5104314098,0
2265065203,0
1550763764,0
2265065207,0
4167762777,0
4866623226,0
24659709,0
2378843909,0
4076095242,0
8868824843,0
4076095253,0
24659736,0
2195965722,0
2195965723,0
4076095262,0
8868824870,0
8868824871,0
2387240745,0
2387240747,0
2387232556,0
2387232555,0
2387232557,0
2387232559,0
2387232561,0
2387232563,0
24659764,0
5041784633,0
5041784634,0
25470781,0
25470783,0
25470784,0
8868824899,0
7946372933,0
7946372934,0
1148249927,0
7946372935,0
7946372937,0
7946372938,0
7946372939,0
7946372940,0
7946372941,0
7946372942,0
7946372936,0
4864083784,0
4864083785,0
2279589727,0
108389,0
108390,0
108391,0
108393,0
5104314222,0
3486459762,0
8373651315,0
8373651316,0
3486459765,0
108406,0
3486459766,0
4429088632,0
108409,0
3486459764,0
3486459769,0
5090420610,0
108418,0
108420,0
9021491075,0
2466449286,0
2466449287,0
2466449288,0
2466449289,0
2466449290,0
6407948171,0
6407948172,0
2466449293,0
957122446,0
2466449295,0
2466449296,0
2466449297,0
2466449294,0
2466449291,0
5104314255,0
5104314256,0
7900221087,0
7900221088,0
5104314264,0
4807796633,0
2387224474,0
2387224475,0
4169836445,0
7066617760,0
9693865890,0
5104314275,0
8042022825,0
710657963,0
2632476590,0
4719617974,0
24659907,0
3247933381,0
2632476618,0
5880186827,0
5880186828,0
2632476621,0
1150003147,0
3247933387,0
25470928,0
9704122321,0
1150003155,0
5931509715,0
5104314325,0
843376599,0
5931509720,0
5931509721,0
5460658138,0
347539416,0
3497461727,0
2632476639,0
1725360097,0
1150003170,0
2218362849,0
9693628386,0
9693628387,0
9693628388,0
9693628390,0
9693628389,0
250324965,0
9673091207,0
24659947,0
9673091208,0
8869472239,0
8869472240,0
5104314353,0
25495542,0
25495543,0
25495544,0
8869472247,0
1150003195,0
9754527740,0
9754527741,0
9754527742,0
9754527743,0
9754527744,0
9754527745,0
9703794686,0
9703794687,0
9703794688,0
5006764037,0
5006764038,0
5006764039,0
5006764040,0
1556097030,0
9703794689,0
9703794690,0
9703794691,0
9703794692,0
4344245892,0
4344245893,0
5104314384,0
1678452753,0
8869472274,0
1678452755,0
4344245894,0
1150003224,0
1678452760,0
269584410,0
1556097048,0
1556097051,0
1678452770,0
1569343523,0
1678452780,0
1678452786,0
1678452788,0
1678452789,0
1678452790,0
1678452791,0
1678452792,0
1678452793,0
9690974262,0
1678452795,0
1678452796,0
1678452797,0
9690974264,0
1678452799,0
9690974272,0
25495617,0
25495618,0
1678452802,0
9690974276,0
9690974277,0
1150003270,0
9690974275,0
3073173576,0
9690974278,0
9690974274,0
3073173585,0
21563479,0
25495640,0
21563481,0
367102039,0
1569343577,0
1569343576,0
9699944538,0
25495646,0
1215563870,0
25503841,0
21563489,0
1215563875,0
9703827555,0
25503845,0
1215563878,0
1215563879,0
25503848,0
1215563881,0
25503851,0
1215563885,0
21563503,0
4571244658,0
4571244659,0
4571244660,0
21563508,0
25503862,0
4571244663,0
1215563895,0
1215563894,0
1215563891,0
25503860,0
1215563897,0
5609638014,0
1215563903,0
5342251136,0
1215563905,0
1556097153,0
4835108995,0
4835108996,0
4835108997,0
4835108998,0
7840712839,0
25503880,0
4835108999,0
4835109002,0
4835109001,0
4835109000,0
25503885,0
419350669,0
25495695,0
1556097166,0
25495697,0
25495698,0
9673091214,0
9673091213,0
9805219989,0
9805219990,0
9805219991,0
9805219992,0
9805219993,0
9805219994,0
4156336279,0
2112030869,0
2112030873,0
25161377,0
1556097177,0
1556097178,0
5517519002,0
2458257570,0
2458257573,0
3334162601,0
2458257578,0
1758554286,0
1758554289,0
1758554291,0
2140506294,0
1758554294,0
368044217,0
806373565,0
9694087358,0
9694087359,0
9694087360,0
9694087361,0
4688513218,0
419350723,0
9694087364,0
9694087365,0
7082240198,0
4866705606,0
4866705607,0
1312188614,0
9694087363,0
1312188619,0
1782712524,0
5090420940,0
7223298252,0
7223298254,0
367077584,0
1938819280,0
1309067472,0
6272993491,0
6272993492,0
5060405461,0
1938819286,0
1938819285,0
1938819288,0
25495769,0
25495770,0
1938819290,0
1938819289,0
1938819292,0
1938819294,0
1938819293,0
1938819296,0
5090420958,0
5090420959,0
1938819299,0
5090420964,0
1938819301,0
1938819302,0
5090420965,0
1938819304,0
6969936105,0
1938819306,0
6969936106,0
9027340515,0
6969936109,0
6969936112,0
1938819313,0
5468301555,0
1938819316,0
1938819317,0
1312188660,0
1938819319,0
1938819320,0
275179767,0
1938819325,0
1938819326,0
25495807,0
25495808,0
25495809,0
1938819329,0
1828402755,0
1938819331,0
1938819330,0
1938819328,0
1828402756,0
1938819336,0
8263166217,0
8263166218,0
25495819,0
25495820,0
8263166219,0
25495822,0
25495823,0
25495824,0
1938819344,0
1938819346,0
1150003472,0
1938819348,0
1938819340,0
1938819350,0
1938819351,0
1717643537,0
2140227862,0
1312188692,0
1828402760,0
1312188694,0
1312188696,0
25495838,0
1046391070,0
4866664736,0
5468301601,0
1312188704,0
108835,0
108837,0
1782728999,0
1556097320,0
1312188714,0
25495852,0
21686572,0
25495854,0
25495855,0
21686574,0
21686573,0
25495858,0
21686578,0
4076095791,0
4383369519,0
1312188722,0
8043350325,0
1150003513,0
1312188730,0
1312188731,0
5374183741,0
5374183742,0
1312188735,0
2140432704,0
108864,0
108867,0
1312188741,0
8043350341,0
1150003532,0
8869464398,0
4383369553,0
1312188760,0
5224630617,0
4076095834,0
9703794693,0
1312319838,0
9703794694,0
1312188768,0
7824803490,0
9703794695,0
1312188774,0
9703794696,0
7824803492,0
2990721389,0
8814668141,0
2990721391,0
7824803493,0
9703794697,0
1150003571,0
275179893,0
7824803495,0
372050298,0
372050299,0
6014339453,0
5207476606,0
5207476607,0
1312188797,0
5207476609,0
5207476610,0
25438595,0
5207476611,0
5207476613,0
25504129,0
5207476615,0
2902624645,0
5207476617,0
5207476619,0
21563788,0
21563791,0
25504143,0
25504144,0
25504145,0
25504146,0
25504148,0
25504149,0
3870640530,0
1312188821,0
1312188824,0
2059790748,0
20965794,0
3870640547,0
20965796,0
20965797,0
20965798,0
4729448871,0
20965799,0
20965801,0
20965800,0
20965803,0
20965804,0
20965805,0
20965806,0
25438638,0
1312188845,0
1312188843,0
4244498866,0
1312188858,0
8868194757,0
5925628361,0
1312188883,0
1312188886,0
8868194778,0
2406484452,0
2406484453,0
2406484454,0
2406484455,0
2254629351,0
4193151464,0
8807410154,0
4085778923,0
2406484460,0
8807410152,0
8807410158,0
8807410151,0
471488469,0
7607077361,0
4085778934,0
9042053623,0
9042053624,0
471488472,0
7607077372,0
749947393,0
5269678593,0
749947402,0
4697287178,0
25438732,0
1365887500,0
1401416203,0
1401416208,0
1312188945,0
4689775124,0
4689775126,0
3847023130,0
9710348827,0
1312188955,0
9710348828,0
3847023131,0
25496100,0
9673189925,0
9673189926,0
4402629177,0
4534184507,0
1312188988,0
1312188994,0
6329690691,0
4534184516,0
3474115148,0
1782729295,0
1782729296,0
3474115151,0
9684101713,0
1312189013,0
9576827481,0
9576827482,0
4658088539,0
5905893978,0
2135411293,0
2135411294,0
2135411296,0
2135411297,0
3763407460,0
8868809321,0
2135411308,0
1493658224,0
1312189047,0
1215563890,0
1312189057,0
4658088585,0
25544108,0
4866591373,0
4866591374,0
4866591375,0
4866591376,0
1312189073,0
25544110,0
25544111,0
25544112,0
9710332576,0
9710332577,0
1312189091,0
4922952362,0
1312189098,0
6280047275,0
6280047277,0
6280047278,0
6280047280,0
4922952373,0
473262779,0
25471681,0
1684835019,0
1684835030,0
24660697,0
8972511963,0
8972511965,0
1684835042,0
256766531,0
4827019220,0
8318757605,0
8318757606,0
373402354,0
25471732,0
25471733,0
25471734,0
1684835062,0
25471736,0
529722111,0
5426506500,0
4089236235,0
275180300,0
4089236236,0
18393873,0
1163954964,0
1684835093,0
1684835097,0
5207477021,0
1684835105,0
20458273,0
1684835107,0
20458276,0
20458277,0
1684835110,0
20458275,0
7824747299,0
7824747301,0
7824747306,0
1684835121,0
4425001781,0
4425001782,0
1816038199,0
4425001783,0
4627491642,0
4627491643,0
2969439040,0
6828927809,0
1718233922,0
1816038211,0
1684835138,0
6218468163,0
1816038214,0
390073160,0
4658088777,0
4138224462,0
1816038224,0
1816038226,0
1816038230,0
1816038233,0
1163955034,0
109403,0
1816038237,0
1816038239,0
109408,0
109409,0
109410,0
4866976611,0
4866976610,0
1718233957,0
4866976614,0
4866976613,0
109416,0
4866976617,0
109414,0
109415,0
762080111,0
4992781175,0
2458307450,0
4992781180,0
4992781181,0
24660863,0
4992781187,0
4992781189,0
1718233994,0
21392267,0
27331469,0
21392272,0
21392273,0
2453941139,0
21392276,0
21392278,0
21392279,0
2453941147,0
1684835245,0
1163955130,0
8620272571,0
2265050050,0
435104715,0
435104717,0
435104721,0
435104726,0
435104727,0
435104728,0
5238500312,0
5238500313,0
435104732,0
1733389278,0
435104735,0
435104736,0
435104742,0
1828408303,0
25504753,0
5473274866,0
25504755,0
25504756,0
627985397,0
3632581622,0
2872699894,0
25504760,0
3081980920,0
25504763,0
25504769,0
25504770,0
25504777,0
25504779,0
5334625292,0
5334625293,0
9690975244,0
9690975243,0
9690975245,0
9694087362,0
1401908258,0
4715264001,0
25496622,0
6985395258,0
2203888698,0
4077579334,0
4715264002,0
1719422032,0
1938819279,0
1719422038,0
1727515734,0
8787692633,0
8787692634,0
4331121755,0
4331121754,0
9042037853,0
9042037852,0
1938819282,0
5788363874,0
6724775011,0
6724775012,0
6724775013,0
6724775014,0
6724775015,0
6724775016,0
6724775017,0
6724775018,0
6108171363,0
1938819284,0
1938819283,0
7644884069,0
5492419692,0
5492419693,0
1727515754,0
3076574323,0
4715264004,0
8500636794,0
10677374,0
10677375,0
10677376,0
10677377,0
5880188045,0
5880188046,0
5931501991,0
6995618971,0
7553887392,0
109728,0
6995618979,0
109737,0
25496748,0
25496750,0
7553887409,0
2990664881,0
347335859,0
7553887415,0
4920098344,0
3741117629,0
3741117630,0
109760,0
2914561217,0
1319881922,0
4158000323,0
1319881924,0
25496773,0
347335878,0
25496775,0
2387209415,0
4530195657,0
109766,0
25496779,0
25496780,0
25496781,0
25496782,0
25496783,0
3708234957,0
25496785,0
25496786,0
25496787,0
25496788,0
25496789,0
25496790,0
109780,0
25496792,0
109785,0
3708234964,0
109788,0
25496797,0
25496798,0
25496799,0
25496800,0
1596648673,0
1596648671,0
5046627553,0
21990628,0
21990629,0
21990630,0
21990631,0
21990632,0
21990633,0
21990634,0
7553887464,0
1951616234,0
21990637,0
25496814,0
25496815,0
21990638,0
25496817,0
25496818,0
25496819,0
25496820,0
25496821,0
1014803702,0
109815,0
109816,0
2914561272,0
109818,0
1014803704,0
2642857212,0
377490677,0
249679102,0
21523714,0
21523715,0
1014803714,0
1951616261,0
21523718,0
1951616263,0
21523719,0
1014803718,0
7553887498,0
21523716,0
1951616268,0
1014803721,0
1951616270,0
25496847,0
25496848,0
25496849,0
25496850,0
25496851,0
1951616276,0
7553887509,0
25496854,0
25496855,0
1951616278,0
25496857,0
24661273,0
1951616283,0
5470932252,0
5470932253,0
1951616284,0
5470932255,0
5470932256,0
1951616287,0
5141228834,0
1951616291,0
1951616292,0
3876429831,0
1951616295,0
1951616297,0
7223668011,0
7223668012,0
3231501611,0
3068267824,0
6978563378,0
6978563379,0
6978563380,0
6978563381,0
6978563382,0
6978563383,0
6978563384,0
5976853817,0
9201323322,0
5046627645,0
5565443389,0
5565443391,0
5565443390,0
1951616319,0
1951616322,0
1556097227,0
25472324,0
5565443397,0
1951616325,0
1951616327,0
5516594509,0
5046447437,0
25496910,0
9375100241,0
9375100242,0
350629203,0
9690974263,0
3220254039,0
9820523869,0
9820523870,0
9820523871,0
9820523872,0
9413430622,0
1268903266,0
9690974265,0
9690974266,0
1793420652,0
316763500,0
1655418222,0
109935,0
1938819335,0
316763501,0
1793420660,0
250325410,0
316763513,0
2504822137,0
25472379,0
2504822139,0
250325411,0
2504822145,0
9820523913,0
9820523914,0
9820523915,0
9820523916,0
2387242385,0
2387242386,0
6304787860,0
6304787861,0
316763545,0
1958800795,0
316763548,0
9694096799,0
316763559,0
6266867111,0
316763561,0
6266867112,0
316763563,0
6266867113,0
6266867114,0
835390894,0
1547013554,0
6014302223,0
1547013563,0
429346236,0
1547013567,0
316763584,0
429346241,0
316763586,0
429346243,0
9693982149,0
316763590,0
1547013574,0
316763595,0
9693760971,0
4166634955,0
4166634958,0
4166634957,0
316763600,0
429346253,0
4166634962,0
3785895379,0
4512763348,0
4166634964,0
6985379285,0
6985379286,0
1547013589,0
1547013593,0
1148276186,0
4328443355,0
3499544028,0
1353133533,0
1547013597,0
1547013592,0
1353133536,0
1547013601,0
1547013604,0
1350430181,0
585199079,0
2466442731,0
1364168178,0
5146127859,0
1364168180,0
25071090,0
1547013621,0
1505332730,0
9080098305,0
9080098306,0
9080098307,0
9080098308,0
9080098309,0
249679365,0
9080098312,0
9080098313,0
9080098314,0
9042120207,0
1547013653,0
1547013655,0
25071131,0
2987912733,0
5042032158,0
4661317153,0
25472545,0
4661317155,0
9201323561,0
595709482,0
9201323564,0
25472566,0
9201323575,0
9310662201,0
9310662202,0
1148276284,0
110140,0
110141,0
110143,0
1547013692,0
1547013694,0
1547013698,0
1547013699,0
1547013704,0
283061836,0
1547013710,0
1547013711,0
6218501713,0
6218501715,0
6218501717,0
1547013719,0
1547013724,0
8336028507,0
1547013730,0
8336028508,0
1547013738,0
6218501740,0
1547013743,0
338472562,0
6218501746,0
1186508405,0
8336028511,0
338472567,0
6218501751,0
6218501753,0
1547013754,0
2218348156,0
2218364541,0
6978555518,0
2218364543,0
1547013760,0
25161345,0
6978555522,0
25161347,0
25161346,0
2990780037,0
8336028514,0
2990780039,0
25161351,0
25161353,0
25161352,0
8336028515,0
25161348,0
25161357,0
25161356,0
1497452171,0
25161360,0
25161361,0
25161362,0
25161363,0
25161365,0
25161366,0
9030037142,0
25161368,0
25161370,0
25161371,0
2360684188,0
25161372,0
1569312412,0
110238,0
25161375,0
5603454625,0
5603454626,0
5603454627,0
5603454628,0
25161379,0
9514602150,0
9514602151,0
9514602152,0
9514602153,0
25161378,0
25161381,0
9694031532,0
25161380,0
25161383,0
25161384,0
4571238064,0
25161386,0
25161387,0
4571238067,0
4571238068,0
7900221108,0
3972566710,0
3972566713,0
3972566714,0
3972566715,0
3972566716,0
2387226304,0
110274,0
2387226307,0
1747873474,0
2387226309,0
4697288390,0
1707790023,0
1707790024,0
2387226311,0
323260106,0
2387226313,0
472493763,0
1707790029,0
28418138,0
1721713699,0
1707790044,0
1707790052,0
5580861156,0
1707790055,0
1707790057,0
1707790062,0
1707790063,0
1707790064,0
2632486641,0
1707790067,0
2632486645,0
2632486646,0
7223365368,0
25472760,0
1707790074,0
7223365370,0
25497340,0
1707790076,0
1707790077,0
7223365371,0
7223365372,0
25472767,0
25472763,0
25497347,0
25472771,0
1707790085,0
1835355916,0
1782730512,0
1707790096,0
2538458898,0
1707790099,0
1707790100,0
25472789,0
1707790105,0
25505561,0
1707790107,0
2331184927,0
25472800,0
2331184929,0
2331184930,0
2331184931,0
2331184932,0
5006978853,0
2331184934,0
2331184935,0
5006978855,0
5006978856,0
5006978857,0
3906588452,0
25505585,0
25505607,0
25505622,0
1939558646,0
25505624,0
1939558647,0
283062108,0
25505629,0
1939558648,0
5227220835,0
7617785701,0
9693974377,0
5227220845,0
7617785710,0
5227220846,0
25505648,0
7617785713,0
7617785714,0
5227220848,0
9816821617,0
1835356021,0
25472885,0
9024139129,0
25472890,0
9024139131,0
9024139132,0
9024139133,0
9024139134,0
9024139135,0
9024139136,0
9024139137,0
9024139138,0
9024139130,0
250326914,0
9030029183,0
9024139143,0
9024139144,0
9024139145,0
9024139146,0
9024139147,0
9024139148,0
9024139149,0
9024139150,0
25505673,0
25505677,0
25505679,0
4072083344,0
4072083345,0
4661317524,0
7911231380,0
1233350862,0
1813794712,0
1939558659,0
7911231384,0
8869040027,0
8869040028,0
4661317536,0
4860825518,0
5047029678,0
9691082671,0
1939558664,0
1726730162,0
1726730165,0
1939558666,0
7797731341,0
27459165,0
8976060358,0
7797731343,0
24661966,0
2036125649,0
2036125650,0
2036125657,0
25497563,0
25497564,0
25497566,0
4232015838,0
7223709662,0
7223709664,0
1939558673,0
7223709668,0
7223709669,0
25473004,0
5046005743,0
5046005745,0
25497595,0
25497596,0
250327037,0
5046005758,0
25497599,0
1236791297,0
6014302222,0
3518967818,0
25497611,0
25497612,0
25497613,0
7797731340,0
7797731342,0
3233714192,0
3233714193,0
3233714194,0
25497619,0
3233714196,0
3233714197,0
3233714198,0
595709975,0
25473048,0
3233714195,0
24662037,0
5046005790,0
1561071647,0
9694072864,0
1043001378,0
1939558687,0
1726730281,0
2398924843,0
2398924845,0
1236791344,0
8784212017,0
2398924853,0
2398924855,0
250327100,0
5342236733,0
2398924863,0
1726730303,0
1043001410,0
1726730307,0
5342236740,0
4726152854,0
1043001422,0
1043001423,0
1326821457,0
9197326420,0
1326821460,0
1326821465,0
1726730329,0
1617596505,0
26374236,0
2398924893,0
1326821466,0
282719,0
2398924896,0
1326821471,0
2398924898,0
18468962,0
18468958,0
6369390691,0
18468966,0
6369390692,0
6369390696,0
6369390690,0
6369390698,0
6369390693,0
6369390700,0
6369390701,0
6369390695,0
1326821487,0
1236791408,0
1326821489,0
1726730354,0
1326821490,0
6369390699,0
6369390702,0
250327159,0
5257738379,0
2934288509,0
1326821502,0
1326821504,0
2934288513,0
1155584130,0
2934288514,0
2961540,0
2934288517,0
2934288518,0
1236791433,0
1326821513,0
1326821515,0
2934288523,0
2961549,0
2934288530,0
1326821524,0
1326821525,0
2961557,0
18395287,0
18395288,0
5257738384,0
1326821530,0
1236791459,0
1326821539,0
1326821541,0
1326821542,0
5257738387,0
1326821544,0
1312471188,0
5177397418,0
5177397419,0
5177397420,0
1312471189,0
1617596591,0
25473200,0
1617596593,0
25473199,0
25473202,0
25473204,0
25473205,0
1236791478,0
25473207,0
25473206,0
1326821557,0
1326821559,0
1326821561,0
1326821564,0
1617596606,0
1617596607,0
1326821568,0
1326821566,0
1326821569,0
1039290562,0
748941508,0
1233350848,0
1233350847,0
1617596615,0
1617596616,0
1326821577,0
1617596619,0
6828863691,0
1617596621,0
6828863692,0
6828863693,0
6828863694,0
1236791504,0
6828863698,0
6828863697,0
6828863695,0
6828863696,0
1326821587,0
1617596627,0
1326821585,0
1326821593,0
1236791506,0
1326821594,0
1326821596,0
472346838,0
1326821592,0
5009060057,0
25497824,0
1039290586,0
9080123618,0
9080123619,0
25497828,0
25497829,0
1617596646,0
1326821607,0
9080123622,0
9080123623,0
748941546,0
9080123624,0
1233350889,0
1326821613,0
9080123627,0
1236791535,0
748941552,0
9080123628,0
1617596659,0
1326821620,0
25497845,0
748941556,0
6978531575,0
1326821624,0
748941560,0
6864015603,0
1939558651,0
1939558650,0
1617596669,0
1939558649,0
1939558655,0
1236791552,0
1939558657,0
3894948093,0
1236791555,0
5141876996,0
748941573,0
1939558661,0
1939558663,0
1939558660,0
748941577,0
18469130,0
2387194123,0
18469132,0
1939558667,0
1617596686,0
2387194127,0
25497872,0
2387194126,0
2387194128,0
2387194131,0
1939558672,0
2387194133,0
1939558678,0
1939558674,0
1939558671,0
1939558681,0
1939558677,0
5141877019,0
1939558684,0
4072476959,0
25481504,0
1617596704,0
25481506,0
8975700259,0
8975700260,0
8975700261,0
4072476960,0
1617596711,0
2387194148,0
2387194149,0
8975700266,0
1617596714,0
2387194156,0
2387194157,0
2387194150,0
1939558701,0
1939558704,0
1939558697,0
4696568114,0
2387194158,0
1939558700,0
5457908028,0
7183962432,0
9693974851,0
473264457,0
1312264524,0
4195103055,0
3497472337,0
9766629717,0
1312264546,0
2642612586,0
25497968,0
5573931377,0
1771426165,0
1771426166,0
1939632502,0
1939632504,0
5573931385,0
6828921209,0
6828921211,0
6828921210,0
1771426173,0
1771426174,0
1771426172,0
4401156476,0
1312264577,0
1939632514,0
1782714747,0
1939632510,0
1939632512,0
9690878337,0
1939632519,0
367104392,0
10572172,0
2934411661,0
1939632526,0
1042862477,0
10572178,0
10572179,0
10572180,0
2934411668,0
1556097448,0
2934411667,0
1312264600,0
1547013588,0
1042862492,0
9823138206,0
9823138208,0
9823138209,0
1312264610,0
1312264618,0
1238249904,0
675734613,0
7911297463,0
7911297462,0
33141178,0
4195111355,0
747893184,0
4195111363,0
5340811717,0
7911297478,0
372978120,0
1312264648,0
347541965,0
5973397966,0
7911297486,0
7911297487,0
347541973,0
4085778920,0
864817628,0
2961885,0
2961891,0
1678283238,0
7797338599,0
7797338600,0
1678283242,0
1678283244,0
1678283247,0
5141877239,0
8236052983,0
5060391417,0
8236052987,0
8236052988,0
8236052990,0
8236052991,0
473264641,0
24662533,0
4017328647,0
250327576,0
2967343648,0
2967343649,0
250327591,0
5475684917,0
5340811829,0
5340811830,0
372978232,0
250327609,0
5177397821,0
5177397822,0
5177397823,0
5177397824,0
5177397825,0
256766529,0
5177397827,0
5177397828,0
5177397829,0
5177397830,0
256766532,0
5177397832,0
256766533,0
250327618,0
5177397835,0
250327619,0
1042862673,0
4530057817,0
5335233114,0
5335233113,0
3272782429,0
9027367517,0
5335233119,0
3741078112,0
3272782433,0
3272782432,0
5335233120,0
4369519204,0
2218340965,0
9027367518,0
1042862696,0
250327660,0
3272782446,0
5904585328,0
5049840242,0
4369519219,0
5049840243,0
5049840245,0
7797330549,0
5049840248,0
4369519227,0
251892353,0
2496836226,0
1042862726,0
2496836231,0
3850146457,0
6458938017,0
18395811,0
8318797234,0
5265953450,0
5265953451,0
5265953452,0
1364161197,0
2458301100,0
5265953455,0
5265953454,0
5265953457,0
4691514032,0
5265953459,0
8318797236,0
8318797235,0
30056330,0
4530270906,0
4530270908,0
4530270913,0
1042862785,0
1418752708,0
8785457867,0
1418752721,0
3892081362,0
3892081363,0
5090420614,0
3892081372,0
3892081373,0
9694032606,0
5146186463,0
9694032607,0
9694032608,0
1311961826,0
3892081378,0
9694032609,0
1020211942,0
5146186470,0
9197589238,0
1311961846,0
5146186489,0
251892475,0
2632430340,0
2612458244,0
2632430342,0
4643336966,0
4643336968,0
2612458246,0
1311961868,0
4643336979,0
7906964247,0
7906964248,0
7906964249,0
7906964250,0
7906964251,0
1014649631,0
1401893666,0
1401926435,0
2480657188,0
2480657190,0
5973627687,0
9021535020,0
4136137525,0
1311961910,0
4136137529,0
4136137530,0
5927671120,0
528126781,0
5927671121,0
9856119617,0
9856119619,0
3519288132,0
9856119620,0
9856119622,0
9856119621,0
9856119623,0
6032044867,0
6032044868,0
4643337035,0
9856119628,0
9710359368,0
1014649672,0
9856119631,0
9856119632,0
9856119633,0
9856119634,0
9856119635,0
4643337044,0
9856119636,0
1655214934,0
9856119639,0
8336028504,0
25498457,0
25498458,0
8336028505,0
6525670236,0
6525670237,0
6525670238,0
6525670234,0
6525670235,0
6525670241,0
6525670242,0
6525670239,0
9856119643,0
6525670240,0
8336028509,0
8336028510,0
8336028516,0
8336028512,0
8336028513,0
1655214955,0
438170475,0
3381130091,0
3381130090,0
3381130092,0
3381130087,0
6014333809,0
3381130089,0
9197589363,0
4663309171,0
367121266,0
4054356847,0
1649365881,0
27480956,0
27480957,0
27480958,0
3876713343,0
27480960,0
1311961985,0
2566132609,0
2566132610,0
3517985666,0
2566132611,0
1311961990,0
1311961991,0
3145798533,0
27480961,0
4223357836,0
26678166,0
26678167,0
26678168,0
26678169,0
26678171,0
1311962012,0
1311962013,0
2279592862,0
2279592861,0
1311962016,0
4240028580,0
4827050921,0
3093894065,0
3093894066,0
268997560,0
268997562,0
1311962043,0
3830043581,0
9197589454,0
9197589455,0
5265830862,0
9197589457,0
1311962065,0
8753664977,0
1360122841,0
710521820,0
5899711453,0
5899711454,0
1360122845,0
3644748768,0
3644748769,0
3644748770,0
1311962082,0
1311962080,0
1311962079,0
3644748774,0
2360685543,0
1360122856,0
1311962089,0
213668842,0
10572779,0
1360122860,0
1360122861,0
5042033643,0
213668844,0
1882379248,0
5839156209,0
1360122866,0
10572786,0
10572785,0
8373752817,0
5067002867,0
1360122871,0
5335245256,0
5119652857,0
1360122873,0
1758552521,0
5119652862,0
1360122879,0
5119652864,0
5119652865,0
5119652863,0
1311962111,0
1758552522,0
1360122886,0
1311962122,0
1882379274,0
24949776,0
1311962130,0
251892754,0
24949780,0
1360122901,0
1882379285,0
291951643,0
1360122917,0
1360122919,0
1311962151,0
319984684,0
1360122925,0
1832227886,0
1360122924,0
1360122929,0
1723388979,0
2458260532,0
1832227893,0
1360122933,0
1360122937,0
1723388985,0
1311962169,0
1723388986,0
9042129983,0
9042129984,0
9042129985,0
9042129986,0
5247857728,0
1311962182,0
4150883407,0
3272712566,0
1233327202,0
250549348,0
8868010171,0
4688513237,0
5948183671,0
8975529082,0
8975529083,0
8975529084,0
8975529085,0
8975529086,0
1832227968,0
8975529088,0
4688513241,0
585200775,0
20460680,0
20460681,0
20460682,0
20460684,0
20460686,0
20460687,0
20460688,0
20460690,0
1816777875,0
20460692,0
20460691,0
20460694,0
20460695,0
20460696,0
20460697,0
8785441944,0
7607080091,0
6506796188,0
8785441943,0
1938953377,0
1938953379,0
1617532073,0
1364169899,0
4938216619,0
4938216620,0
419632303,0
1832228016,0
419632306,0
1938953395,0
419632307,0
1617532085,0
585200818,0
1938953399,0
1617532087,0
1617532089,0
1617532088,0
1938953403,0
1617532092,0
6606148797,0
6606148798,0
1938953406,0
1617532091,0
1617532090,0
1938953413,0
1938953414,0
27460439,0
1938953417,0
4807521484,0
1938953430,0
1938953431,0
1938953432,0
1938953433,0
251892950,0
347542743,0
1938953437,0
1054045407,0
4822267107,0
4822267109,0
1832129778,0
251892979,0
24950005,0
1832129783,0
1312453879,0
9203578106,0
9203578107,0
4298970364,0
1832129789,0
24950013,0
3381130493,0
4298970368,0
1832129795,0
4298970380,0
1054045453,0
4298970384,0
8373728530,0
8373728531,0
8373728532,0
8373728533,0
1832129813,0
338474265,0
1312453915,0
338474269,0
1832129823,0
24950048,0
1312453919,0
24950050,0
24950051,0
4246525220,0
1832129831,0
4246525223,0
4401149225,0
4401149224,0
4401149228,0
24950064,0
24950065,0
4401149234,0
1312453936,0
1312453950,0
1312453954,0
24950093,0
1312453966,0
8868001103,0
8868001104,0
1832129873,0
24950097,0
1366095187,0
250549587,0
1366095189,0
1832129878,0
1366095190,0
24950101,0
24950102,0
24950105,0
24950104,0
914822492,0
24950109,0
24950107,0
24950110,0
24950111,0
24950113,0
24950114,0
24950115,0
914822496,0
24950117,0
24950112,0
1736734053,0
914822508,0
1312453996,0
1312453999,0
5927671155,0
5927671156,0
9659831673,0
9659831674,0
9659831675,0
1312454015,0
1125619075,0
250549636,0
3550836102,0
794039687,0
249558409,0
2990806410,0
2990806411,0
1678226827,0
2990806413,0
9161061774,0
9161061775,0
9161061776,0
2990806415,0
9161061778,0
9161061779,0
2990806416,0
1312454031,0
1312454038,0
9161061783,0
1723315608,0
5207487897,0
6871422362,0
5207487900,0
6871422365,0
6871422364,0
1954751920,0
1678226846,0
1312454045,0
1312454048,0
748885412,0
2665239972,0
1832129958,0
2665239975,0
2665239976,0
2665239977,0
2665239978,0
2665239973,0
250549670,0
1312454061,0
1312454055,0
1312454058,0
1312454066,0
1569486259,0
1312454068,0
2919962038,0
2919962039,0
2919962040,0
2919962041,0
2919962042,0
2919962043,0
2919962044,0
2919962045,0
2919962046,0
1689605567,0
250549699,0
250549700,0
1312454086,0
1312454087,0
1312454090,0
1312454100,0
25499095,0
9691076056,0
1125619161,0
4627445213,0
4627445215,0
25499104,0
4627445216,0
4627445217,0
1312454114,0
1678226917,0
25499115,0
422573549,0
21583342,0
6239229423,0
6239229422,0
8785024497,0
2632488435,0
4627445240,0
4627445241,0
2632488445,0
373364225,0
8785024514,0
8785024515,0
373364228,0
21583366,0
4627445257,0
4627445258,0
4627445259,0
4627445260,0
4627445261,0
950703625,0
950703626,0
30078473,0
5905896973,0
2343269909,0
1782724124,0
1782724125,0
9203537438,0
9203537439,0
8807429660,0
8807429665,0
8807429664,0
1125619235,0
2003007012,0
3215685153,0
585201189,0
8972441127,0
473265708,0
5006063170,0
5006063171,0
5006063172,0
5006063173,0
1828402758,0
5006063175,0
5006063176,0
5006063177,0
5006063178,0
5006063179,0
5006063180,0
1828402759,0
250549835,0
1828402767,0
1828402765,0
1828402769,0
5006063186,0
1828402771,0
1828402774,0
1678227031,0
3894948091,0
4696544885,0
1569216123,0
4962956931,0
973158035,0
28800660,0
28800661,0
28800662,0
28800664,0
28800666,0
28800667,0
28800668,0
28800670,0
28800671,0
28800672,0
1951372959,0
6110164641,0
25497222,0
9030284967,0
6110164647,0
6110164649,0
6110164650,0
28800689,0
6110164659,0
6110164660,0
277337783,0
9030284989,0
9030284990,0
3257317059,0
5875062471,0
5875062472,0
7223326409,0
7223326410,0
7223326407,0
7223326412,0
7223326411,0
4275394254,0
7223326414,0
7223326413,0
7223326408,0
7613626070,0
9693910743,0
1547392728,0
7613626073,0
8429795032,0
8429795035,0
8429795033,0
2775635677,0
8429795034,0
6166157035,0
4329502449,0
4379801334,0
2940401398,0
3644748767,0
7817162929,0
1547392764,0
1547392771,0
255678213,0
250550023,0
250550024,0
419632906,0
4569700109,0
6465896909,0
670103313,0
3644748773,0
9072449309,0
9678821156,0
9678821159,0
9678821160,0
9678821161,0
4230595026,0
4230027057,0
1637578546,0
1547392818,0
4866651959,0
4866651962,0
4866651963,0
1569216316,0
4866651966,0
9781311295,0
9781311296,0
9781311297,0
9781311298,0
9781311299,0
367105859,0
4866651969,0
367105858,0
4866651968,0
1569216326,0
2140124996,0
1547392848,0
4859246418,0
4859246419,0
4859246420,0
7636244312,0
7636244313,0
7636244314,0
5141354331,0
5141354328,0
5141354330,0
5141354329,0
5141354332,0
5141354333,0
1547392865,0
4297054053,0
6525671279,0
8869435257,0
8869435258,0
104315,0
2203268985,0
5711517565,0
104318,0
104319,0
104320,0
104321,0
104322,0
5711517571,0
8869435268,0
8869435266,0
2466445190,0
1547392894,0
104323,0
2140125056,0
4428887946,0
5114681227,0
5977954180,0
5114681230,0
1837610895,0
252729234,0
1547392914,0
8869435290,0
269547419,0
269547420,0
2387212189,0
250550174,0
6868293535,0
1547392927,0
25532332,0
249558966,0
1547392951,0
9693935550,0
5265840063,0
9693935551,0
9030121410,0
8784000965,0
469759942,0
469759943,0
9808795598,0
9808795599,0
9808795600,0
9808795601,0
9808795602,0
9808795603,0
9808795604,0
9808795605,0
9808795606,0
9808795607,0
9808795608,0
9808795609,0
9808795610,0
7223695323,0
7223695324,0
9808795611,0
7223695326,0
7223695327,0
25532384,0
2387245025,0
2387245026,0
2387245027,0
471488484,0
6696695781,0
2387245029,0
6696695783,0
6354294763,0
471488499,0
4715263992,0
8604055550,0
4715264000,0
5736847361,0
5736847362,0
4462680067,0
5736847364,0
5736847363,0
4462680068,0
4462680070,0
25499655,0
5816743942,0
1547393025,0
5816743945,0
4462680076,0
9756243981,0
4462680078,0
350377999,0
9756243982,0
9756243983,0
9756243986,0
9756243984,0
9756243985,0
1547393045,0
5816743949,0
5816743950,0
6014302226,0
6014302227,0
9693730842,0
6014302228,0
2632464413,0
2632464415,0
2632464416,0
6863550501,0
1419565097,0
1723340842,0
2632464427,0
6863550510,0
25532464,0
3533830193,0
25532475,0
1736685635,0
8579233861,0
8579233862,0
25524297,0
2990717003,0
25532494,0
3739048019,0
3739048020,0
3739048021,0
4870281309,0
4870281310,0
4870281311,0
1211381855,0
1311961947,0
25475182,0
10606709,0
32921720,0
4696545402,0
25532542,0
250550400,0
373364868,0
373364870,0
707377287,0
7617755274,0
7617755275,0
373364874,0
4650375309,0
3965024397,0
373364878,0
3965024399,0
3519879307,0
3965024398,0
9611081868,0
5257738381,0
5257738389,0
1569216662,0
3528710290,0
819132568,0
1312471193,0
250550426,0
250550427,0
1312471190,0
1312471197,0
5257738390,0
1312471191,0
25499808,0
25532576,0
3858880674,0
3858880675,0
3858880676,0
3858880677,0
3858880678,0
1312471202,0
1312471208,0
1312471210,0
1312471216,0
3656358065,0
8868010162,0
1312471217,0
1547657099,0
4866807989,0
1312471222,0
1312471223,0
4682627259,0
2215139515,0
4650375357,0
2632431806,0
2632431807,0
4682627261,0
4682627265,0
4682627263,0
4682627266,0
4682627264,0
1312471231,0
1547657104,0
1536948431,0
1312471252,0
8868010202,0
1312471258,0
3153656028,0
8868010205,0
3153656030,0
1312471265,0
9691101411,0
9691101412,0
1312471267,0
1312471271,0
8868010216,0
4650375402,0
8868010218,0
8868010221,0
27351282,0
27351284,0
25473201,0
4619022514,0
25475331,0
25475332,0
473258249,0
1617647896,0
1617647898,0
1617647900,0
1617647901,0
7796554012,0
1617647903,0
6985373980,0
6985373982,0
6985373983,0
6985373984,0
6866516260,0
3139705121,0
1685272862,0
8868010279,0
8868010280,0
8868010281,0
1617647919,0
8868010287,0
1536948529,0
1617647924,0
1685281076,0
1617647928,0
9027328313,0
9027328314,0
1617647931,0
1536948541,0
1617647934,0
5816744255,0
5816744257,0
8429934918,0
1617647944,0
1617647945,0
4650375504,0
4297242961,0
2140420434,0
4650375508,0
9659603285,0
5306194265,0
25475419,0
4823243100,0
1536948581,0
8787384680,0
3319978344,0
8787384683,0
8787384684,0
8787384685,0
8787384686,0
1536948605,0
1145174402,0
1755265415,0
2341656968,0
20625800,0
1536948622,0
5014591889,0
1755265428,0
1755265432,0
1684781470,0
367106464,0
1755265444,0
6988528038,0
6988528039,0
1536948646,0
3741131600,0
1684781486,0
7947057586,0
473266627,0
2387220933,0
3741131606,0
3741131607,0
1782716888,0
321255907,0
9042041320,0
7223728617,0
9042041321,0
212916714,0
25475561,0
321255919,0
321255925,0
6369401334,0
8785484288,0
469776896,0
2990651905,0
1816959492,0
338319877,0
25475597,0
2990651920,0
2990651921,0
367114771,0
9748953621,0
10607127,0
8785484312,0
8785484313,0
8785484314,0
8785484315,0
8785484316,0
10607133,0
10607129,0
10607128,0
377494060,0
7657257518,0
447887921,0
4085783099,0
9375078973,0
9375078974,0
4085783103,0
9375078975,0
6332545601,0
4085783105,0
25475661,0
5238528591,0
6840965712,0
25475664,0
4297243218,0
25475663,0
25500246,0
3696548438,0
3265436246,0
25475674,0
9729684314,0
25475678,0
9024076384,0
9024076385,0
3265436260,0
25475688,0
25475690,0
25475691,0
25475692,0
25475693,0
5736692334,0
25475694,0
25475696,0
25475697,0
25475698,0
25475699,0
25475695,0
7223712382,0
8429225386,0
3870640548,0
473258639,0
4297243295,0
4297243298,0
25475754,0
25475767,0
1684437690,0
25475770,0
1684437692,0
1684437694,0
1985084095,0
1985084100,0
1569241807,0
1569241808,0
1722268367,0
1951616226,0
1722268381,0
4166662878,0
1722268384,0
4166662881,0
4197055203,0
1722268388,0
1985084135,0
5471345385,0
1951616231,0
1951616232,0
2458303223,0
419347194,0
419347195,0
419347196,0
419347197,0
419347198,0
419347199,0
419347200,0
419347201,0
419347202,0
419347203,0
1951616236,0
9781435146,0
9781435147,0
9781435148,0
9781435149,0
25500427,0
973101839,0
5141625621,0
5141625623,0
5141625625,0
27458331,0
5141625630,0
6828931875,0
2793904931,0
9693903657,0
8975833904,0
8975833905,0
27458353,0
355416887,0
8975833912,0
8975833913,0
355416890,0
8975833915,0
355416892,0
8975833914,0
475396924,0
4077599544,0
4077599543,0
2990732269,0
4077599545,0
446765895,0
473258827,0
355416911,0
355416914,0
7223704403,0
355416920,0
355416921,0
1571298141,0
5141625696,0
25066338,0
5141625698,0
25500517,0
5141625702,0
5141625703,0
9042025325,0
25500530,0
25500535,0
4860803960,0
4860803961,0
5141216745,0
20626301,0
1237883773,0
6369390694,0
5141216746,0
3930921860,0
1718328198,0
5041945479,0
5041945481,0
317930380,0
1571298192,0
6369390697,0
1571298195,0
4948630427,0
5041945508,0
4571241384,0
24951721,0
25066412,0
3673602988,0
7636278191,0
7947041713,0
7636278194,0
25066419,0
7636278193,0
7636278197,0
7636278195,0
6327557047,0
6327557048,0
7636278201,0
7636278199,0
7636278200,0
7636278196,0
7636278198,0
8975645638,0
8975645640,0
8975645641,0
25066450,0
25066451,0
25066453,0
25066457,0
5816743941,0
5600934875,0
5600934876,0
269589467,0
25066462,0
9310682079,0
25066461,0
8373623781,0
25066470,0
8429706219,0
308837357,0
2012969971,0
9804774392,0
5816743947,0
4866784251,0
3265436678,0
3265436680,0
10607626,0
10607629,0
3265436686,0
3265436688,0
3518995475,0
3265436692,0
8672066581,0
7236131861,0
3265436695,0
7236131864,0
7236131862,0
7236131865,0
3497483291,0
25476124,0
3735886877,0
249560091,0
343669791,0
7745051680,0
25476127,0
25476131,0
25476132,0
343669798,0
25476134,0
24951853,0
24951854,0
7636163631,0
24951856,0
4866653236,0
9051462722,0
213670986,0
18398282,0
9041828942,0
9855343702,0
1684511838,0
470727776,0
1165343843,0
2140421219,0
2140421220,0
2140421222,0
2140421223,0
2140421224,0
1718328435,0
8755805313,0
8515091589,0
1721678995,0
9691102358,0
1363483801,0
9691102362,0
4158004390,0
4867087535,0
244128953,0
25066684,0
5929540796,0
25066687,0
1782725824,0
748797126,0
25066694,0
25066696,0
21990624,0
9021504714,0
9021504715,0
9021504716,0
21990625,0
9710304459,0
9710304460,0
2142502090,0
4703542482,0
4703542483,0
1684511955,0
3519872213,0
21990626,0
21990627,0
748797145,0
873684193,0
302013668,0
1755708646,0
1755708647,0
1755708648,0
302013673,0
302013672,0
5573991659,0
5573991660,0
302013676,0
302013678,0
302013674,0
302013675,0
302013681,0
302013682,0
302013685,0
388455682,0
7636180236,0
7636180237,0
7636180239,0
7636180241,0
470727954,0
7636180242,0
4155841811,0
4155841820,0
4210859292,0
25066784,0
367074596,0
1787108646,0
1787108647,0
1787108648,0
1787108649,0
1787108650,0
4297211186,0
4297211187,0
1141415219,0
9269886261,0
7900888377,0
1755708730,0
1755708732,0
251892564,0
1755708736,0
1755708737,0
1755708738,0
1755708739,0
4749090120,0
5925584201,0
5925584203,0
5925584204,0
875789647,0
302013776,0
302013777,0
1601797458,0
1755708765,0
1755708766,0
1755708768,0
7911267686,0
7911267687,0
7911267688,0
2935373159,0
6951230826,0
7911267690,0
7567588716,0
7911267693,0
7911267692,0
7946378607,0
7946378608,0
8807431535,0
7911267696,0
7911267695,0
7911267694,0
8807431541,0
7900888437,0
1569216650,0
8807431546,0
8807431548,0
8807431550,0
8807431551,0
1852996996,0
9030155653,0
3739049348,0
4729448869,0
8807431560,0
8807431559,0
9030155654,0
1678245252,0
5006065037,0
5006065038,0
5006065039,0
5006065040,0
5006065041,0
3987750687,0
9804471701,0
9804471702,0
2872704413,0
18382242,0
3215687074,0
3499556266,0
1782717878,0
25475072,0
24952267,0
2775653836,0
1364172237,0
24952269,0
9135848919,0
9135848920,0
9135848921,0
9135848922,0
9135848923,0
9135848924,0
9135848925,0
249560538,0
1852997088,0
5141216740,0
9030155749,0
9030155750,0
9030155751,0
5141216741,0
9030155753,0
9030155754,0
9030155755,0
9030155756,0
1913216493,0
9030155757,0
9030155758,0
9030155759,0
9030155760,0
9030155762,0
5141216754,0
9030155763,0
5565455858,0
9030155766,0
9030155767,0
5565455857,0
5055364608,0
6431923714,0
6431923715,0
5055364612,0
5055364611,0
5055364610,0
5055364614,0
3528711693,0
5141216782,0
8620105233,0
8620105234,0
8620105236,0
5141216790,0
8620105240,0
4630855193,0
761830938,0
8620105243,0
8620105244,0
8620105242,0
9693920795,0
9693920794,0
9693920797,0
9693920801,0
4630855202,0
4630855203,0
4630855204,0
4630855205,0
9693920803,0
9693920802,0
4920098343,0
5040168489,0
3528711722,0
8620105259,0
27459116,0
4920098349,0
4920098350,0
4920098342,0
27459120,0
8620105265,0
1813618227,0
8620105268,0
8620105269,0
1813618228,0
9804578356,0
1813618229,0
1813618231,0
1813618232,0
1813618234,0
1813618230,0
8620105277,0
8620105270,0
1678155318,0
1343823418,0
25067068,0
2387213896,0
2387213899,0
2387213902,0
2387213904,0
6110191186,0
6110191188,0
761831000,0
5899738713,0
9756278362,0
9756278363,0
9756278364,0
6446292570,0
3704225374,0
3704225375,0
3704225376,0
8923643489,0
6327615074,0
6327615075,0
6327615076,0
8923643490,0
3704225380,0
5976850023,0
5976850024,0
3704225379,0
3704225378,0
7610670710,0
2935324280,0
1312453981,0
27459198,0
761831039,0
3328228993,0
3328228994,0
3328228996,0
3328228998,0
4726152840,0
25509513,0
3328229004,0
4726152844,0
5504212623,0
4726152847,0
4726152848,0
4726152850,0
761831060,0
6279388821,0
6279388822,0
6279388823,0
6279388824,0
25509527,0
25509525,0
25509526,0
3722411669,0
25509533,0
25509534,0
7610670751,0
5609643675,0
5609643672,0
4726152857,0
2402557599,0
2402557597,0
7610670771,0
1214922421,0
1813618358,0
1214922426,0
1214922428,0
1214922429,0
7610670780,0
255860415,0
7610670781,0
9027340516,0
2402557839,0
2146369237,0
2146369238,0
2755124949,0
2146369240,0
5198585557,0
5198585559,0
9781190365,0
3247578846,0
9781190367,0
9781190366,0
9781190369,0
9781190368,0
7644741346,0
7644741345,0
6218501757,0
3706494694,0
4034060007,0
1569382119,0
7644741351,0
7610670826,0
6948380395,0
4034060012,0
632438506,0
7610670830,0
4034060015,0
585129712,0
4034060017,0
4034060018,0
25067264,0
25067265,0
25067266,0
25067267,0
25067268,0
25067269,0
742399752,0
4532363026,0
3987750677,0
1722621718,0
3987750679,0
1569382170,0
7610670876,0
5218844445,0
1569382174,0
5218844446,0
3987750684,0
3987750685,0
4085767970,0
4085767971,0
8064065316,0
3987750692,0
4085767974,0
3987750686,0
25067304,0
3987750688,0
4085767978,0
8064065323,0
7610670892,0
4085767980,0
4085767983,0
4166967089,0
4085767989,0
7926554423,0
4085767992,0
4085767993,0
7610670906,0
7926554424,0
25067324,0
27459951,0
7926554430,0
7926554431,0
21307200,0
1813618497,0
7610670913,0
21307201,0
21307202,0
25067326,0
30056255,0
7610670919,0
1561411396,0
7610670921,0
7620902731,0
4629462859,0
1312188622,0
4764884821,0
30056277,0
27459959,0
429346251,0
1046306670,0
1312454029,0
4530339698,0
4530339699,0
4530339700,0
4530339701,0
4530339702,0
30056310,0
6369361788,0
6369361789,0
6369361790,0
8438226815,0
6369361791,0
6369361792,0
6369361794,0
6369361795,0
25067395,0
6369361797,0
6369361796,0
6273056647,0
6273056648,0
25067396,0
25067400,0
25067397,0
25067398,0
1326821480,0
1569343756,0
9804685199,0
9804685200,0
9804685201,0
9804685202,0
9804685203,0
9804685204,0
9804685205,0
9804685206,0
968499092,0
968499093,0
9693929369,0
1587330970,0
2389802901,0
2389802904,0
1726783391,0
25067427,0
25632677,0
25632678,0
25632679,0
25632680,0
25632683,0
25632684,0
367091632,0
4748394420,0
9042026424,0
4370333627,0
4370333629,0
4370333637,0
4370333638,0
25067463,0
25067461,0
4370333643,0
6332695637,0
25067469,0
25067470,0
4370333648,0
25067473,0
6332695638,0
3813810132,0
3813810133,0
25067476,0
25067479,0
7836155864,0
7836155865,0
7836155866,0
7836155867,0
7836155868,0
7836155869,0
7836155870,0
6332695639,0
1718566880,0
4872502279,1
1864047135,1
4777885221,1
4777885222,1
9683581480,1
3397689900,1
9683686963,1
1155552319,1
5122737222,1
107613,1
107614,1
107615,1
9683585635,1
1951242856,1
1951242857,1
1951242858,1
1990912106,1
4136124524,1
1951242860,1
2364378222,1
2364387947,1
4136124526,1
1951242859,1
1990912115,1
1990912129,1
9700060292,1
869968536,1
4085387943,1
4085387945,1
1137777343,1
7638732490,1
7638732491,1
4832472797,1
2364384488,1
2364384490,1
2364384492,1
2364371185,1
2364371186,1
25473279,1
25475328,1
25473281,1
690295042,1
690295047,1
4078858000,1
4078858001,1
8030470464,1
903630659,1
8030470469,1
8030470473,1
25475417,1
6265654109,1
9135845214,1
680069471,1
9135845216,1
680069473,1
9135845213,1
680069483,1
8579240307,1
8579240308,1
8579240309,1
8579240310,1
8579240311,1
8579240312,1
8579240313,1
8579240314,1
585130362,1
9690878341,1
9690878343,1
9690878344,1
9632417162,1
9632417163,1
585124778,1
7246486955,1
283062189,1
3385332654,1
3733791671,1
585127354,1
2364379602,1
2364379603,1
2364379604,1
2364379605,1
585148380,1
9135848928,1
9135848931,1
8497605091,1
9135848937,1
9135848938,1
4211515621,2
108903,2
25496777,2
245200970,2
1830276654,2
9189397456,2
4211515569,2
663363473,2
4211515891,2
8256049397,2
8256049399,2
1536948608,3
20626307,3
1536948612,3
25505670,3
20626311,3
1536948487,3
3796814729,3
1536948618,3
20626315,3
20626310,3
20626312,3
20626316,3
7572522511,3
1852996875,3
7572522513,3
1536948631,3
6509584413,3
20955170,3
1536948517,3
7572522534,3
109734,3
1852996517,3
7572522540,3
1536948652,3
7572522547,3
1536948536,3
1572551227,3
1852996670,3
2504847039,3
7572522566,3
4866475725,3
4866475730,3
4866475731,3
4866475733,3
4866475736,3
7572522585,3
4866475737,3
1852996954,3
1536948578,3
109411,3
109412,3
25264997,3
25264998,3
2504822135,3
1536948474,3
7572522492,3
9753609738,4
9753609739,4
9753609740,4
9753609741,4
9753609742,4
9753609743,4
9753609744,4
9680972177,4
9680972178,4
9753609745,4
25505685,4
9680972185,4
25161373,4
7824747295,4
7824747297,4
7824747298,4
7824747300,4
7824747302,4
7824747303,4
7824747304,4
7824747305,4
7824747307,4
25067307,4
7824747308,4
6967585840,4
6967585841,4
109746,4
6967585842,4
1827389620,4
1782727992,4
1722621630,4
4220613456,4
700774224,4
5201625566,4
2941549918,4
5840176866,4
25505634,4
1990694635,4
1990694638,4
1990694641,4
3130435826,4
25505653,4
1990694647,4
1852996856,4
9681020156,4
9681020157,4
1852996734,4
7191329809,5
4530012690,5
4530012691,5
4530012692,5
7191329811,5
4530012694,5
4530012695,5
4530012696,5
3197339673,5
3197339674,5
4530012699,5
4530012700,5
4530012701,5
4530012702,5
4530012703,5
4530012704,5
3499567135,5
3197339676,5
3197333544,5
10676799,5
4729385030,5
4729385031,5
5565466183,5
1493676622,5
1493676623,5
282708,5
2935324281,5
1761598585,5
1238259337,5
4530011788,5
25477774,5
6261920913,5
6261920914,5
6261920915,5
249467025,5
806373533,5
6866779806,5
1137777341,5
1536039932,5
2496836303,5
59526352,5
21990614,5
21990620,5
1150003423,5
4316306163,5
4316306164,5
4316306166,5
9375170320,5
9375170321,5
9375170322,5
9375170323,5
9375170324,5
9375170325,5
9375170326,5
1150003480,5
1771453217,5
1771453218,5
7805198627,5
9782353731,5
2737313094,5
8784159562,5
1150003547,5
28728187,5
3515286914,5
3515286915,5
3515286916,5
28728208,5
28728210,5
1711679380,5
1771453860,5
288193455,5
8784181688,5
1711679434,5
9808795596,5
6467134930,5
6467134931,5
1731225566,5
3170676207,5
28193265,5
25477106,5
249470452,5
5565487612,5
20625793,6
25497603,6
697037343,6
6149398571,6
5905807278,6
1556324659,6
1547657140,6
1312471226,6
1312471228,6
6301948477,6
6301948480,6
9694091974,6
9694091975,6
9694091976,6
9856119625,6
9694091978,6
9694091977,6
9694091981,6
9694091982,6
9694091983,6
25474005,6
9694104278,6
9694104279,6
9694104280,6
1312471255,6
25474015,6
25475053,6
1547393008,6
8579276917,6
5976760443,6
5976760445,6
5976760446,6
5976760447,6
6918421504,7
6918421512,7
6918421513,7
1556097034,7
1561071632,7
1561071655,7
1561071656,7
1547013672,7
4018000435,7
1556097080,7
1547013688,7
1556097092,7
1547013705,7
1556097098,7
3385387604,7
3385387605,7
3385387606,7
3385387607,7
1556097111,7
1556097118,7
4169714271,7
1556097120,7
1951372909,7
1556097136,7
1556097137,7
1951372915,7
1556097139,7
1556097147,7
1951372927,7
1951372930,7
1951372935,7
1556097163,7
7911282827,7
1556097185,7
6446218921,7
6446218922,7
1590114998,7
1556260024,7
1556097215,7
1556097217,7
9694091972,7
9694091973,7
1556097222,7
25278669,7
25278670,7
696477399,7
1556097245,7
1556097271,7
8675201272,7
2528522503,7
2528522507,7
2528522518,7
1556097306,7
2528522528,7
6985465124,7
6985465125,7
1556097321,7
6985465130,7
6985465129,7
2528522542,7
6985465145,7
5905897286,7
1556097353,7
1556324683,7
1556324684,7
9856119630,7
1556097368,7
20626282,7
1556097387,7
5189042550,7
5189042551,7
5189042552,7
24952195,7
24952196,7
811035012,7
4072083342,7
4072083343,7
1556097431,7
1556324759,7
1556324793,7
4777897927,7
4777897928,7
4117882851,7
4117882852,7
8807410149,7
4085404135,7
4085404136,7
4117882856,7
4117882857,7
4117882860,7
1561071609,7
6918421503,7
25477858,8
2496836262,8
4556931602,8
4556931603,8
4556931604,8
3661703766,8
819157975,8
819157946,8
21990622,8
25473203,9
5067002855,9
1828402762,10
25505643,10
1828402764,10
1828402763,10
25505618,10
25505662,10
3664398006,10
2142508727,10
25505593,10
25505630,10
25505695,10
4697525030,11
8026335686,11
4697525032,11
4174200046,11
26374229,11
3811094142,11
3984132034,12
3984132035,12
4116809027,12
3984132037,12
4116809028,12
302013708,12
4422013486,12
249679343,12
28418929,12
4089885905,12
4244498867,12
4244498868,12
249558964,13
249559005,13
302013662,13
1556097337,14
1556097148,14
1590088452,15
7911282822,15
1556097326,15
8675201264,15
1561071644,15
4169714270,15
25471289,16
2836220819,16
9733914457,17
3817308667,17
5253290694,17
4879371168,18
4096485377,18
4859130051,18
9822267116,18
4421008566,18
4879371165,18
4107646656,19
2360681708,19
4872502280,20
5947858321,20
9691082176,20
5609643673,21
5609643674,21
1326821507,21
6645346885,22
6711365597,22
7572833353,23
7572833350,23
