node_id,cluster_id
4211515660,0
5014591889,0
6866516260,0
2453947049,0
2453947051,0
1832666032,0
1637578546,0
1816038199,0
2576893629,0
1816038211,0
3519288132,0
1816038214,0
323260106,0
25496779,0
25496780,0
25496781,0
25496782,0
25496783,0
1816038224,0
25496786,0
25496787,0
25496788,0
25496789,0
25496790,0
25496792,0
8787692633,0
8787692634,0
1816038233,0
25496797,0
25496798,0
25496799,0
25496800,0
3644748769,0
1816038237,0
1816038239,0
1985084135,0
8787384683,0
8787384684,0
8787384685,0
8787384686,0
25496814,0
4211515634,0
104315,0
4211515644,0
4211515645,0
5119652864,1
5119652865,1
6431923714,1
6431923715,1
1816959492,1
2458273291,1
4077495820,1
4077495821,1
350377999,1
4077495826,1
25495543,1
1810130458,1
9203537438,1
9203537439,1
343669791,1
343669798,1
4077495854,1
4077495855,1
1832227886,1
447887921,1
4077495858,1
2458260532,1
1832227893,1
4077495862,1
9201323575,1
4077495867,1
4077495872,1
2458256449,1
4077495883,1
25495640,1
5899738713,1
25495646,1
6724775011,1
6724775012,1
6724775013,1
6724775014,1
6724775015,1
6724775016,1
6724775017,1
6724775018,1
6108171363,1
1832248428,1
6124650606,1
1236791408,1
338472562,1
5948183671,1
338472567,1
1832227968,1
25509513,1
5504212623,1
4077495951,1
26678167,1
9805219989,1
25509526,1
25509527,1
4077495957,1
6279388822,1
6279388823,1
6279388824,1
4077495964,1
25509533,1
25509534,1
350437528,1
4730978978,1
1236791459,1
4942595236,1
4730978981,1
4730978982,1
4730978979,1
4730978983,1
4077495971,1
4730978984,1
2458257578,1
9694031532,1
5265953452,1
5265953454,1
1364161197,1
5265953455,1
5265953457,1
5265953450,1
5265953459,1
5265953451,1
2458301100,1
1832228016,1
1938953399,1
1684437690,1
1684437692,1
1319881922,1
4158000323,1
1319881924,1
4530195657,1
4275394254,1
1236791504,1
894485202,1
2146369238,1
1953202903,1
1953202907,1
21578459,1
1596648673,1
5471345385,1
1236791535,1
4076126448,1
1832129778,1
9197589238,1
109815,1
109816,1
2458303223,1
109818,1
1832129783,1
1832129789,1
25495807,1
1236791552,1
25495808,1
25495809,1
1832129795,1
4076126468,1
9781435146,1
9781435148,1
9781435149,1
25495822,1
25496847,1
25496848,1
25496849,1
470727954,1
25496850,1
1938819348,1
1938819346,1
1938819350,1
1938819351,1
25496851,1
25496854,1
1832129813,1
25496855,1
25496857,1
338474269,1
1707790107,1
1832129823,1
25481504,1
1707790105,1
25481506,1
8975700259,1
8975700260,1
8975700261,1
6828931875,1
1832129831,1
1832052008,1
25495823,1
8975700266,1
25495858,1
9781311295,1
9856119617,1
6828927809,1
7946372933,1
7946372934,1
7946372935,1
7946372936,1
7946372937,1
7946372938,1
7946372939,1
7946372940,1
7946372941,1
7946372942,1
5516594509,1
21392278,1
1832129873,1
1655214934,1
1832129878,1
109408,1
109409,1
109410,1
108389,1
108390,1
8787384680,1
9693974377,1
1655214955,1
2458257570,1
9197589363,1
1953202962,1
6828921209,1
2458307450,1
6828921211,1
6828921210,1
104318,1
2458257573,1
6407948171,1
6407948172,1
9161061778,1
9161061779,1
2453941139,1
9804471701,1
9804471702,1
9161061783,1
26678168,1
26678169,1
26678166,1
2453941147,1
5207487900,1
9846850972,1
9846850974,1
9846850973,1
26678171,1
5119652863,1
25495824,1
1148249927,1
6988528038,1
6988528039,1
8645592521,1
1364172237,1
9197589454,1
9197589455,1
9197589457,1
1938953379,1
25497563,1
25497564,1
25497566,1
6279388821,1
3644748768,1
25495838,1
3644748770,1
308837357,1
1364168178,1
3817308659,1
3817308660,1
4076126707,1
1364168180,1
25495542,1
5119652857,1
1364169899,1
5119652862,1
1360122879,1
6369329152,2
6369329153,2
6369329154,2
6369329155,2
6369329156,2
6369329158,2
6369329159,2
6369329160,2
6369329161,2
6369329162,2
6369329163,2
6369329164,2
6369329165,2
6369329166,2
6369329167,2
8989843465,2
6369329169,2
6369329170,2
6369329171,2
6369329172,2
20955158,2
6509584408,2
20955164,2
2293833760,2
2293833763,2
25067558,2
7815143465,2
2218344498,2
2218344501,2
27459638,2
2218344503,2
2218344505,2
2218344508,2
2218344509,2
2218344510,2
2218344511,2
2218344516,2
9197322310,2
2218344518,2
4665352264,2
4665352262,2
2218344522,2
262078536,2
6345441358,2
7815143503,2
7911243856,2
7911243857,2
7911243858,2
7911243861,2
25632855,2
25632856,2
25632857,2
25632858,2
25632859,2
7911243863,2
28418138,2
25632862,2
25632863,2
25632864,2
25632865,2
28418144,2
28418141,2
2642878568,2
2642878569,2
25477228,2
2934268020,2
25067636,2
7815143559,2
25477258,2
25067670,2
3381130086,2
7815143581,2
8785567902,2
367100073,2
5160943793,2
5160943794,2
4297212084,2
5160943797,2
5160943798,2
1566269623,2
25477301,2
25477300,2
5160943803,2
490946748,2
5160943806,2
5160943807,2
25067727,2
25067728,2
4297212114,2
4297212119,2
25477335,2
25067737,2
25477339,2
4297212128,2
4297212129,2
377490664,2
27459830,2
25477371,2
25067788,2
6463234329,2
25067803,2
5925626141,2
5925626142,2
3644785104,2
4297212194,2
4297212204,2
4618510643,2
6739026230,2
4663312695,2
4663312696,2
4663312697,2
4663312698,2
27459905,2
4297212226,2
8579522887,2
1144619335,2
1782718791,2
1782718792,2
5247852872,2
237908,2
8390582613,2
237911,2
1081508186,2
25067871,2
1081508200,2
27459945,2
25067883,2
1955520879,2
25248112,2
1081508209,2
25248113,2
25248115,2
25248114,2
25248117,2
25248118,2
1955520887,2
2297373047,2
25248119,2
1955520890,2
25248120,2
25248122,2
25248125,2
25248126,2
25248127,2
5087519104,2
25248128,2
25248123,2
25248124,2
27459971,2
27459970,2
27459969,2
27459966,2
25067914,2
25067920,2
5065949596,2
25067933,2
5065949598,2
25067935,2
25067936,2
268124583,2
4143767990,2
5095547321,2
259252667,2
9690915259,2
9690915263,2
9690915264,2
8373690817,2
354886082,2
8373690819,2
8373690820,2
8373690818,2
28418497,2
9690915265,2
8373690824,2
8373690825,2
8373690826,2
8373690827,2
8373690828,2
8373690829,2
8373690830,2
8373690831,2
8373690832,2
8373690833,2
8373690834,2
8373690835,2
8373690836,2
8373690837,2
8373690838,2
8373690839,2
8373690840,2
8373690841,2
8373690842,2
8373690843,2
8373690844,2
8373690845,2
8373690846,2
8785568228,2
4675822093,2
4675822095,2
4077593104,2
4675822097,2
4675822100,2
470729237,2
473219610,2
268124704,2
7926686249,2
7926686250,2
7926686252,2
354886099,2
4305986094,2
4430996023,2
4430996024,2
3267461693,2
3267461696,2
4430996033,2
3267461703,2
57786953,2
3267461709,2
441958990,2
3267461710,2
441958992,2
5238587992,2
3267461721,2
5238587994,2
3267461728,2
3267461729,2
27460198,2
3267461737,2
3267461742,2
27460210,2
3267461747,2
3267461749,2
3267461752,2
3267461756,2
3267461758,2
3267461759,2
1569343909,2
2294047369,2
9042133642,2
27460250,2
7836164763,2
7836164764,2
7836164765,2
27460259,2
1268892338,2
3715515059,2
3499500226,2
2241962700,2
2620105428,2
21578454,2
7926563545,2
3519005409,2
3499500263,2
1566270189,2
4691460851,2
251757321,2
8429945617,2
8429945618,2
8807441176,2
3519013665,2
4164428578,2
1268900644,2
28418859,2
1268892466,2
1268892467,2
1268900660,2
28418877,2
28418879,2
28418880,2
390341443,2
4144358216,2
4144358217,2
2466456399,2
2466456400,2
2466456401,2
2466456402,2
2466456403,2
2466456404,2
2466456405,2
2466456406,2
2466456407,2
2466456408,2
2466456409,2
27460439,2
2466456411,2
2466456412,2
2466456413,2
9804653406,2
2466456414,2
9804653408,2
28418909,2
4167762778,2
385311590,2
28418921,2
4529881970,2
632447859,2
8429945717,2
1268892541,2
1759454078,2
25265023,2
3517719434,2
251757452,2
5043864464,2
2586616722,2
4378043283,2
251757458,2
1759454104,2
1759454106,2
1759454118,2
1759454122,2
25265075,2
25265077,2
212927414,2
354935735,2
25265079,2
25265080,2
25265078,2
7075087297,2
7075087298,2
7075087299,2
18469132,2
5177410511,2
1310663631,2
3586606038,2
3586606039,2
455705562,2
5353604060,2
5353604061,2
251757533,2
1312932832,2
1312932849,2
9693971447,2
1953096696,2
9693971449,2
9693971450,2
9693971451,2
9693971452,2
9693971448,2
585180151,2
9693971464,2
1312932879,2
7926506525,2
7926506526,2
7926506527,2
1312932894,2
7926506529,2
7926506530,2
7926506531,2
7926506532,2
1721713699,2
9754453026,2
9754453031,2
9754453032,2
9754453033,2
9754453027,2
9754453030,2
9754453028,2
9754453029,2
385311796,2
1609966653,2
9856119636,2
107584,2
9820537921,2
9820537922,2
107587,2
107588,2
3247932481,2
3247932486,2
107586,2
107585,2
9820537934,2
107602,2
675734610,2
675734613,2
107606,2
6332695638,2
6332695637,2
5046314073,2
2793874522,2
3585762393,2
6332695639,2
5046314077,2
1771458655,2
675734622,2
7572833379,2
7572833380,2
7572833381,2
329983075,2
5046314090,2
5046314091,2
5046314092,2
107628,2
107627,2
107626,2
107632,2
1771458658,2
107634,2
107637,2
107638,2
107641,2
107643,2
107644,2
9856119648,2
107646,2
107647,2
5165786239,2
9856119649,2
5165786242,2
2935392676,2
5165786245,2
9856119650,2
107667,2
107668,2
1239549084,2
7487734942,2
9820538016,2
9820538017,2
9820538018,2
9820538019,2
107684,2
107685,2
107686,2
107687,2
107688,2
107690,2
9820538028,2
107692,2
107693,2
8783914189,2
25470166,2
7620895974,2
7620895976,2
21685481,2
21685483,2
21685484,2
21685485,2
2360681713,2
2387207417,2
2387207418,2
2935373161,2
2387207420,2
2387207421,2
2387207423,2
9684083967,2
2387207425,2
2387207426,2
9684083971,2
28419328,2
9684083975,2
9684083976,2
9684083977,2
9684083978,2
9684083979,2
4378043661,2
4378043662,2
9684083983,2
9684083981,2
9684083982,2
9684083984,2
4378043667,2
9684083987,2
9684083988,2
9684083992,2
9684083993,2
9684083995,2
3320947996,2
4378043682,2
9021498664,2
2265048377,2
25068862,2
3816097102,2
3816097103,2
3816097104,2
3816097105,2
3816097106,2
3816097107,2
3816097108,2
3816097109,2
3816097110,2
763372884,2
763372886,2
9042027865,2
9042027866,2
357999964,2
1717650794,2
4826555767,2
6509684093,2
4826555773,2
1601832328,2
1556260235,2
4378043789,2
1556260241,2
3887941013,2
25634199,2
9693963678,2
9693963679,2
9693963680,2
9693963681,2
9693963682,2
9693963683,2
4367041960,2
9693963689,2
1954751914,2
4367041962,2
1954751916,2
1954751918,2
25544110,2
9693963696,2
9693963697,2
8318797234,2
8318797235,2
8318797236,2
9693963698,2
9693963699,2
1954751924,2
9693963701,2
9693963702,2
9693963703,2
9693963704,2
9693963705,2
9693963706,2
9693963707,2
9693963708,2
2218362306,2
2218362310,2
2218362314,2
2218362316,2
2218362321,2
4571940314,2
4571940315,2
2218362332,2
9690915267,2
2218362336,2
1731216865,2
9690915268,2
1014803686,2
873809385,2
9690915271,2
25069046,2
9690915273,2
9690915274,2
6293128709,2
9690915275,2
722208263,2
3735889430,2
1810130457,2
255051289,2
5473273373,2
5473273376,2
4729628192,2
4089226784,2
1596655163,2
5473273425,2
5473273433,2
5473273435,2
25577057,2
1550763620,2
3528738434,2
264824452,2
3528738438,2
3528738439,2
3528738440,2
9690769059,2
8263157412,2
8263157413,2
8263157414,2
8263157415,2
8263157416,2
7271474856,2
7271474855,2
7824803494,2
2490721964,2
8785503917,2
8785503918,2
8785503919,2
8785503920,2
7824803501,2
1493722804,2
5041784501,2
4077627063,2
5218862786,2
6470264535,2
6470264536,2
5104314096,2
5104314098,2
2265065203,2
2265065207,2
4866623226,2
24659709,2
2378843909,2
4076095242,2
8868824843,2
4076095253,2
24659736,2
2195965722,2
2195965723,2
4076095262,2
8868824870,2
8868824871,2
24659764,2
5041784633,2
5041784634,2
25470781,2
25470783,2
25470784,2
8868824899,2
4864083784,2
4864083785,2
108391,2
108393,2
5104314222,2
3486459762,2
8373651315,2
8373651316,2
3486459764,2
108406,2
3486459766,2
3486459765,2
108409,2
5090420610,2
108418,2
5090420614,2
2466449286,2
2466449288,2
2466449287,2
2466449289,2
2466449290,2
2466449291,2
2466449293,2
957122446,2
2466449295,2
2466449296,2
2466449294,2
2466449297,2
5104314255,2
5104314256,2
5104314264,2
4807796633,2
2387224474,2
2387224475,2
7066617760,2
9693865890,2
5104314275,2
8042022825,2
710657963,2
2632476590,2
4719617974,2
24659907,2
3247933381,2
2632476618,2
5880186827,2
5880186828,2
2632476621,2
3247933387,2
25470928,2
1150003155,2
5931509715,2
5104314325,2
843376599,2
347539416,2
5931509720,2
5931509721,2
2632476639,2
3497461727,2
1725360097,2
1150003170,2
2218362849,2
9693628386,2
9693628387,2
9693628388,2
250324965,2
9673091207,2
24659947,2
5104314353,2
9754527740,2
9754527741,2
9754527742,2
9754527743,2
9754527744,2
9754527745,2
9703794688,2
9703794689,2
9703794687,2
9703794690,2
9703794686,2
9703794691,2
9703794692,2
9703794693,2
9703794694,2
9703794696,2
9703794695,2
9703794697,2
5104314384,2
1678452753,2
1150003224,2
1678452760,2
1678452770,2
1569343523,2
1678452780,2
1678452786,2
1678452788,2
1678452789,2
1678452790,2
1678452791,2
1678452792,2
1678452793,2
9690974262,2
1678452795,2
1678452796,2
1678452797,2
9690974264,2
1678452799,2
9690974272,2
9690974266,2
1678452802,2
9690974275,2
9690974276,2
9690974277,2
9690974278,2
9690974274,2
3073173576,2
3073173585,2
21563479,2
1569343576,2
21563481,2
1569343577,2
9699944538,2
1215563870,2
21563489,2
25503841,2
1215563875,2
9703827555,2
25503845,2
1215563878,2
1215563879,2
25503848,2
1215563881,2
25503851,2
1215563885,2
21563503,2
1215563890,2
1215563891,2
21563508,2
1215563894,2
1215563895,2
25503862,2
1215563897,2
1617596619,2
1215563903,2
5342251136,2
1215563905,2
4835108995,2
4835108996,2
4835108997,2
4835108998,2
4835108999,2
25503880,2
4835109001,2
4835109002,2
4835109000,2
1617596621,2
25503885,2
419350669,2
9673091208,2
9673091214,2
9673091213,2
25495698,2
9805219990,2
9805219991,2
9805219992,2
9805219993,2
9805219994,2
4156336279,2
5517519002,2
3334162601,2
2140506294,2
368044217,2
9694087358,2
9694087359,2
9694087360,2
9694087361,2
4688513218,2
9694087363,2
9694087364,2
9694087365,2
4866705606,2
7082240198,2
4866705607,2
9694087362,2
419350723,2
1312188619,2
5090420940,2
7223298253,2
7223298254,2
1938819279,2
7223298252,2
367077584,2
1938819282,2
6272993491,2
6272993492,2
5060405461,2
1938819286,2
1938819285,2
1938819288,2
1938819289,2
1938819290,2
1938819283,2
1938819292,2
1938819293,2
1938819294,2
5090420959,2
1938819296,2
5090420958,2
4688513241,2
1938819299,2
5090420964,2
1938819301,2
5090420965,2
1938819302,2
1938819304,2
6969936105,2
1938819306,2
6969936106,2
9027340515,2
6969936109,2
6969936112,2
1938819313,2
1312188660,2
1938819317,2
1938819316,2
1938819319,2
1938819320,2
1938819325,2
1938819326,2
1938819328,2
1938819329,2
1938819330,2
1938819331,2
1938819335,2
1938819336,2
8263166217,2
8263166218,2
8263166219,2
1569343756,2
1938819340,2
1150003472,2
1938819344,2
1717643537,2
1312188692,2
2140227862,2
1312188694,2
1046391070,2
1312188704,2
4866664736,2
1782728999,2
1312188714,2
4076095791,2
4383369519,2
1312188722,2
8043350325,2
1312188731,2
2140432704,2
108864,2
108867,2
1312188741,2
8043350341,2
8869464398,2
4383369553,2
5224630617,2
4076095834,2
25498458,2
1312188768,2
2990721389,2
8814668141,2
2990721391,2
7824803495,2
372050299,2
1312188797,2
5207476606,2
5207476607,2
5207476609,2
5207476610,2
25438595,2
5207476611,2
2902624645,2
5207476613,2
5207476615,2
25504129,2
5207476617,2
5207476619,2
25504143,2
25504144,2
25504145,2
25504146,2
21563791,2
25504148,2
25504149,2
1312188821,2
1312188824,2
2059790748,2
20965794,2
250325411,2
20965796,2
20965797,2
20965798,2
20965799,2
20965800,2
20965801,2
4729448869,2
20965803,2
20965804,2
20965805,2
20965806,2
4729448871,2
25438638,2
1312188845,2
4244498866,2
8868194757,2
5925628361,2
1617596686,2
1312188883,2
1312188886,2
8868194778,2
2406484452,2
2406484453,2
2406484454,2
2406484455,2
8807410152,2
471488469,2
8807410154,2
4085778923,2
2406484460,2
8807410158,2
7607077361,2
4085778934,2
9042053623,2
9042053624,2
7607077372,2
5269678593,2
1401416203,2
1365887500,2
25438732,2
1401416208,2
4689775124,2
4689775126,2
3847023130,2
9710348827,2
9710348828,2
1312188955,2
3847023131,2
9673189925,2
9673189926,2
4534184507,2
1312188988,2
4534184516,2
3474115148,2
1782729295,2
1782729296,2
3474115151,2
9684101713,2
9576827481,2
9576827482,2
4658088539,2
2135411294,2
2135411296,2
2135411297,2
1312189057,2
4658088585,2
4866591373,2
4866591374,2
4866591375,2
4866591376,2
25544111,2
25544112,2
9710332576,2
9710332577,2
4922952362,2
1312189098,2
6280047275,2
6280047277,2
6280047278,2
6280047280,2
473262779,2
25471681,2
24660697,2
4827019220,2
8318757605,2
8318757606,2
25471732,2
25471733,2
25471734,2
4089236235,2
275180300,2
4089236236,2
18393873,2
1163954964,2
5207477021,2
20458273,2
20458275,2
20458276,2
20458277,2
4627491642,2
4627491643,2
2969439040,2
1718233922,2
390073160,2
4138224462,2
1163955034,2
109403,2
9699953505,2
4866976610,2
4866976611,2
1718233957,2
4866976613,2
4866976614,2
109416,2
4866976617,2
109414,2
109415,2
4992781181,2
24660863,2
1718233994,2
21392267,2
21392272,2
21392273,2
1163955130,2
8620272571,2
2265050050,2
435104715,2
435104717,2
435104721,2
1733389278,2
5473274866,2
25504755,2
25504756,2
3632581622,2
2872699894,2
25504760,2
3081980920,2
25504763,2
25504769,2
25504770,2
25504777,2
25504779,2
5334625292,2
5334625293,2
9690975244,2
9690975243,2
9690975245,2
1401908258,2
25496622,2
6985395258,2
2203888698,2
4077579334,2
1719422038,2
1727515734,2
1938819280,2
4331121754,2
4331121755,2
1727515754,2
1938819284,2
3076574323,2
10677374,2
10677375,2
10677376,2
10677377,2
5880188045,2
5880188046,2
5931501991,2
6995618971,2
7553887392,2
109728,2
6995618979,2
109737,2
7553887409,2
347335859,2
7553887415,2
347335878,2
2387209415,2
109766,2
3708234957,2
3708234964,2
1596648671,2
21990624,2
5046627553,2
21990625,2
21990626,2
21990628,2
21990629,2
21990630,2
21990631,2
7553887464,2
21990632,2
21990634,2
1951616234,2
1951616236,2
21990637,2
21990638,2
21990633,2
1951616231,2
1951616232,2
1014803691,2
377490677,2
1014803702,2
1014803704,2
2914561272,2
2642857212,2
249679102,2
21523714,2
21523715,2
21523716,2
1951616261,2
1014803714,2
1951616263,2
1014803718,2
1014803721,2
7553887498,2
21523718,2
1951616268,2
21523719,2
1951616270,2
1951616276,2
7553887509,2
1951616278,2
1014803736,2
24661273,2
1951616283,2
1951616284,2
1951616287,2
5141228834,2
1951616291,2
1951616292,2
3876429831,2
1951616295,2
1951616297,2
7223668011,2
7223668012,2
3231501611,2
3068267824,2
5976853817,2
5046627645,2
5565443389,2
5565443390,2
1951616319,2
1951616322,2
1951616325,2
5565443397,2
1951616327,2
5046447437,2
25496910,2
9375100241,2
9375100242,2
9690974263,2
3220254039,2
9820523869,2
9820523870,2
9820523871,2
9820523872,2
9413430622,2
1268903266,2
9690974265,2
1793420652,2
316763501,2
1655418222,2
316763500,2
1793420660,2
316763513,2
9820523913,2
9820523914,2
9820523915,2
9820523916,2
6304787860,2
6304787861,2
316763545,2
316763548,2
6266867111,2
6266867112,2
6266867113,2
6266867114,2
835390894,2
429346236,2
316763584,2
429346241,2
316763586,2
429346243,2
9693982149,2
316763590,2
316763595,2
4166634955,2
4166634957,2
429346253,2
429346251,2
316763600,2
4166634962,2
6985379285,2
6985379286,2
1148276186,2
4328443355,2
3499544028,2
1350430181,2
585199079,2
2466442731,2
1505332730,2
9080098305,2
9080098306,2
9080098307,2
9080098308,2
9080098309,2
249679365,2
9080098312,2
9080098313,2
9080098314,2
2987912733,2
4661317153,2
4661317155,2
9310662201,2
9310662202,2
1148276284,2
1547013692,2
1547013698,2
283061836,2
6218501713,2
6218501715,2
6218501717,2
6218501740,2
1547013743,2
6218501746,2
1186508405,2
6218501751,2
6218501753,2
2218348156,2
2218364541,2
6218501757,2
2218364543,2
25161345,2
25161346,2
25161347,2
25161348,2
4344245893,2
4344245892,2
25161351,2
25161352,2
25161353,2
4344245894,2
1497452171,2
25497222,2
25161357,2
25161360,2
25161361,2
25161362,2
25161363,2
25161365,2
25161366,2
9030037142,2
25161368,2
25161370,2
25161371,2
25161372,2
1569312412,2
2360684188,2
110238,2
25161375,2
25161377,2
25161378,2
25161379,2
25161380,2
25161381,2
25161383,2
25161384,2
25161386,2
25161387,2
4571238064,2
4571238067,2
4571238068,2
3972566710,2
3972566713,2
3972566715,2
3972566716,2
2387226304,2
110274,2
2387226307,2
1747873474,2
2387226309,2
472493763,2
2387226311,2
1707790023,2
2387226313,2
1707790029,2
1707790044,2
1707790052,2
1707790055,2
1707790057,2
1707790062,2
1707790063,2
1707790064,2
2632486641,2
1707790067,2
2632486645,2
2632486646,2
7223365368,2
7223365370,2
7223365371,2
7223365372,2
25497340,2
1707790076,2
1707790077,2
1707790074,2
6014302223,2
25497347,2
1707790085,2
1835355916,2
1707790096,2
1782730512,2
2538458898,2
25505561,2
2331184927,2
2331184929,2
2331184930,2
2331184931,2
2331184932,2
5006978853,2
2331184934,2
5006978855,2
5006978856,2
5006978857,2
2331184935,2
3906588452,2
25505585,2
25505607,2
25505622,2
25505624,2
6525670234,2
25505629,2
6525670235,2
5227220835,2
7617785701,2
6525670236,2
6525670237,2
5227220845,2
7617785710,2
5227220846,2
25505648,2
6525670238,2
7617785714,2
7617785713,2
5227220848,2
1835356021,2
6525670239,2
9816821617,2
9024139129,2
9024139130,2
9024139131,2
9024139132,2
9024139133,2
9024139134,2
9024139135,2
9024139136,2
9024139137,2
9024139138,2
9030029183,2
250326914,2
9024139143,2
9024139144,2
9024139145,2
9024139146,2
9024139147,2
25505673,2
25505677,2
9024139148,2
25505679,2
9024139149,2
9024139150,2
4072083344,2
4072083345,2
4661317524,2
7911231380,2
1233350862,2
1813794712,2
7911231384,2
8869040027,2
8869040028,2
4661317536,2
4860825518,2
9691082671,2
1726730162,2
1726730165,2
7797731341,2
27459165,2
8976060358,2
24661966,2
1939558671,2
7223709662,2
4232015838,2
7223709664,2
7223709668,2
7223709669,2
5046005743,2
5046005745,2
25497596,2
250327037,2
5046005758,2
25497599,2
1236791297,2
3518967818,2
25497611,2
25497612,2
25497613,2
7797731340,2
7797731342,2
3233714192,2
3233714193,2
3233714194,2
25497619,2
3233714196,2
3233714197,2
3233714198,2
3233714195,2
7797731343,2
24662037,2
5046005790,2
9694072864,2
1043001378,2
1726730281,2
2398924843,2
2398924845,2
1236791344,2
8784212017,2
2398924853,2
2398924855,2
250327100,2
5342236733,2
2398924863,2
1726730303,2
1043001410,2
1726730307,2
5342236740,2
1043001422,2
1043001423,2
1326821457,2
9197326420,2
1726730329,2
1326821465,2
26374236,2
2398924893,2
18468958,2
282719,2
2398924896,2
18468961,2
2398924898,2
18468962,2
6369390691,2
6369390690,2
18468966,2
6369390692,2
6369390696,2
6369390693,2
6369390698,2
6369390694,2
6369390700,2
6369390701,2
6369390702,2
6369390695,2
6369390697,2
6369390699,2
1326821490,2
1726730354,2
1326821487,2
1326821489,2
250327159,2
5257738379,2
2934288509,2
1326821502,2
1326821504,2
2934288513,2
1155584130,2
2934288514,2
2961540,2
2934288517,2
2934288518,2
5257738381,2
1326821513,2
1236791433,2
1326821515,2
2934288523,2
2961549,2
2934288530,2
1326821524,2
1326821525,2
2961557,2
5257738384,2
18395288,2
1326821539,2
1326821541,2
1326821542,2
1326821544,2
5177397418,2
5177397419,2
5177397420,2
25473199,2
25473200,2
25473201,2
25473202,2
1617596593,2
25473204,2
25473205,2
25473206,2
25473207,2
1326821557,2
1326821559,2
1236791478,2
1326821564,2
1326821566,2
1617596606,2
1326821568,2
1326821569,2
1233350848,2
1039290562,2
1233350847,2
1617596615,2
1617596616,2
1326821577,2
1326821579,2
6828863692,2
6828863691,2
6828863694,2
6828863693,2
6828863696,2
1326821585,2
1236791506,2
1326821587,2
6828863695,2
6828863697,2
6828863698,2
1617596627,2
472346838,2
1326821593,2
1039290586,2
1039290578,2
1326821596,2
5009060057,2
1039290584,2
25497824,2
9080123618,2
9080123619,2
25497828,2
25497829,2
1617596646,2
9080123622,2
9080123623,2
9080123624,2
1233350889,2
9080123627,2
9080123628,2
1326821613,2
1617596659,2
1326821620,2
25497845,2
1939558646,2
1939558647,2
1939558648,2
1939558649,2
1939558650,2
1939558651,2
1326821624,2
1617596669,2
3894948093,2
1939558655,2
3894948091,2
1939558657,2
1939558659,2
1939558660,2
1939558661,2
1236791555,2
1939558663,2
1939558664,2
5141876996,2
1939558666,2
2387194123,2
1939558667,2
18469130,2
2387194126,2
2387194127,2
25497872,2
2387194128,2
1939558672,2
2387194131,2
1939558674,2
2387194133,2
1939558678,2
1939558677,2
1939558673,2
1939558681,2
5141877019,2
1939558684,2
4072476959,2
1939558687,2
4072476960,2
1617596704,2
2387194148,2
2387194149,2
2387194150,2
1617596711,2
1939558697,2
1617596714,2
2387194156,2
2387194157,2
1939558701,2
1939558700,2
1939558704,2
2387194158,2
7183962432,2
9693974851,2
473264457,2
1312264524,2
4195103055,2
3497472337,2
9766629717,2
1312264546,2
2642612586,2
25497968,2
1771426165,2
1771426166,2
1939632502,2
1939632504,2
1782714747,2
4401156476,2
1771426172,2
1771426174,2
1771426173,2
1939632510,2
1312264577,2
1939632512,2
9690878337,2
367104392,2
10572172,2
2934411661,2
1939632526,2
1042862477,2
10572178,2
10572179,2
10572180,2
2934411668,2
2934411667,2
1312264600,2
1042862492,2
1312264610,2
1312264618,2
7911297462,2
7911297463,2
33141178,2
747893184,2
5340811717,2
7911297478,2
372978120,2
1312264648,2
347541965,2
5973397966,2
7911297486,2
7911297487,2
347541973,2
864817628,2
2961885,2
2961891,2
1678283238,2
7797338599,2
7797338600,2
1678283242,2
1678283244,2
1678283247,2
5141877239,2
473264641,2
4017328647,2
250327576,2
2967343648,2
2967343649,2
250327591,2
5475684917,2
5340811829,2
5340811830,2
372978232,2
250327609,2
5177397821,2
5177397822,2
5177397823,2
5177397824,2
256766529,2
250327618,2
5177397825,2
5177397828,2
5177397829,2
5177397827,2
5177397830,2
5177397832,2
250327619,2
5177397835,2
1042862673,2
4530057817,2
5335233114,2
5335233113,2
9027367517,2
9027367518,2
5335233119,2
5335233120,2
3272782433,2
4369519204,2
2218340965,2
1042862696,2
5904585328,2
5049840242,2
4369519219,2
5049840243,2
5049840245,2
7797330549,2
5049840248,2
4369519227,2
251892353,2
1042862726,2
3850146457,2
6458938017,2
18395811,2
4691514032,2
8318797237,2
4530270906,2
4530270908,2
4530270913,2
1042862785,2
1418752708,2
8785457867,2
1418752721,2
3892081373,2
25472890,2
1311961826,2
3892081378,2
1020211942,2
1311961846,2
251892475,2
2632430340,2
2612458244,2
2632430342,2
2612458246,2
1311961868,2
7906964247,2
7906964248,2
7906964249,2
7906964250,2
7906964251,2
1014649631,2
1401893666,2
1401926435,2
2480657190,2
5973627687,2
9021535020,2
4136137525,2
1311961910,2
4136137529,2
4136137530,2
6032044867,2
9856119620,2
9856119621,2
6032044868,2
9710359368,2
1014649672,2
9856119626,2
4643337035,2
9856119628,2
9856119627,2
9856119632,2
9856119635,2
4643337044,2
9856119637,2
9856119638,2
9856119639,2
8336028504,2
8336028505,2
9856119642,2
9856119643,2
1311961947,2
8336028509,2
8336028508,2
8336028510,2
6525670240,2
6525670241,2
6525670242,2
8336028507,2
9856119645,2
8336028516,2
8336028511,2
8336028512,2
8336028513,2
8336028515,2
8336028514,2
9856119651,2
3381130091,2
3381130090,2
3381130092,2
3381130087,2
3381130089,2
4054356842,2
367121266,2
4663309171,2
4054356847,2
1649365881,2
27480956,2
27480957,2
27480958,2
3876713343,2
1311961985,2
3517985666,2
3145798533,2
1311961990,2
1311961991,2
4223357836,2
1311962012,2
1311962013,2
2279592862,2
2279592861,2
1311962016,2
4240028580,2
4827050921,2
268997560,2
1311962043,2
8753664977,2
1311962065,2
1360122845,2
1311962079,2
1311962080,2
3644748767,2
1311962082,2
3644748773,2
3644748774,2
2360685543,2
1360122856,2
1311962089,2
213668842,2
5042033643,2
213668844,2
1360122861,2
213668839,2
7815533548,2
7815533546,2
8373752817,2
5335245256,2
1360122873,2
1311962111,2
1360122886,2
1311962122,2
1311962130,2
251892754,2
24949780,2
1360122917,2
1311962151,2
319984684,2
1360122924,2
1360122929,2
1723388979,2
1360122933,2
1311962169,2
1723388985,2
9042129983,2
9042129984,2
9042129985,2
9042129986,2
5247857728,2
1311962182,2
4150883407,2
3272712566,2
1233327202,2
250549348,2
4688513237,2
20460681,2
20460686,2
20460687,2
20460688,2
20460690,2
20460691,2
20460692,2
20460694,2
20460695,2
20460696,2
20460697,2
8785441943,2
8785441944,2
6506796188,2
7607080091,2
1617532073,2
4938216619,2
419632303,2
419632306,2
419632307,2
1617532085,2
1617532087,2
1617532088,2
1617532090,2
1938953403,2
1617532092,2
1938953406,2
1938953413,2
1938953414,2
1938953417,2
1938953430,2
1938953431,2
1938953432,2
1938953433,2
251892950,2
347542743,2
1938953437,2
1054045407,2
4822267107,2
4822267109,2
9203578106,2
9203578107,2
4298970364,2
3381130493,2
4298970368,2
4298970380,2
1054045453,2
4298970384,2
8373728530,2
8373728531,2
8373728532,2
1312453915,2
1312453919,2
24950050,2
24950051,2
24950064,2
24950065,2
1312453950,2
1312453954,2
24950093,2
1312453966,2
8868001103,2
8868001104,2
24950097,2
1366095187,2
250549587,2
1366095189,2
1366095190,2
24950101,2
24950104,2
24950102,2
24950105,2
24950107,2
24950109,2
24950110,2
24950111,2
24950112,2
24950113,2
24950114,2
24950115,2
1312453981,2
24950117,2
1312453996,2
1312453999,2
9659831673,2
9659831674,2
9659831675,2
1312454015,2
1125619075,2
3550836102,2
794039687,2
249558409,2
1678226827,2
1312454029,2
9161061775,2
9161061776,2
1312454031,2
1312454038,2
5207487897,2
6871422362,2
6871422364,2
6871422365,2
1678226846,2
1312454045,2
1312454048,2
748885412,2
2665239972,2
250549670,2
1312454055,2
2665239976,2
2665239977,2
2665239978,2
1312454058,2
2665239975,2
1312454061,2
2665239973,2
1312454066,2
1312454068,2
2919962038,2
2919962039,2
2919962040,2
2919962041,2
2919962042,2
2919962043,2
2919962044,2
2919962045,2
2919962046,2
1689605567,2
250549699,2
250549700,2
1312454086,2
1312454087,2
1312454090,2
1312454100,2
25499095,2
9691076056,2
1125619161,2
4627445213,2
4627445215,2
25499104,2
4627445216,2
4627445217,2
1312454114,2
1678226917,2
25499115,2
422573549,2
6239229422,2
6239229423,2
8785024497,2
2632488435,2
4627445240,2
4627445241,2
2632488445,2
373364225,2
373364228,2
21583366,2
30078473,2
4627445257,2
4627445258,2
4627445260,2
4627445261,2
4627445259,2
8807429660,2
1782724125,2
1782724124,2
8807429664,2
8807429665,2
3215685153,2
1125619235,2
2003007012,2
473265708,2
5006063170,2
5006063171,2
5006063172,2
5006063173,2
1828402758,2
5006063175,2
1828402760,2
5006063176,2
5006063177,2
1828402759,2
5006063178,2
1828402765,2
5006063179,2
1828402767,2
5006063180,2
1828402769,2
5006063186,2
1828402771,2
1828402774,2
1678227031,2
1569216123,2
4962956931,2
973158035,2
28800661,2
28800662,2
28800667,2
28800670,2
28800671,2
28800672,2
1951372959,2
6110164641,2
6110164647,2
6110164649,2
6110164650,2
28800689,2
6110164659,2
6110164660,2
277337783,2
7223326407,2
5875062472,2
7223326409,2
7223326410,2
7223326411,2
7223326412,2
7223326413,2
7223326414,2
7223326408,2
5875062471,2
7613626070,2
9693910743,2
7613626073,2
2775635677,2
4329502449,2
4379801334,2
7817162929,2
255678213,2
250550023,2
250550024,2
419632906,2
6465896909,2
670103313,2
9072449309,2
4230027057,2
4866651959,2
4866651962,2
4866651963,2
1569216316,2
4866651966,2
9781311296,2
4866651968,2
9781311298,2
9781311299,2
367105859,2
4866651969,2
367105858,2
9781311297,2
1569216326,2
2140124996,2
4859246418,2
4859246419,2
4859246420,2
5141354328,2
5141354329,2
5141354330,2
5141354331,2
5141354332,2
5141354333,2
4297054053,2
6525671279,2
8869435257,2
8869435258,2
2203268985,2
104319,2
104320,2
104322,2
8869435266,2
5711517571,2
8869435268,2
2466445190,2
5977954180,2
4428887946,2
5114681227,2
5114681230,2
1837610895,2
252729234,2
8869435290,2
269547419,2
269547420,2
2387212189,2
250550174,2
25532332,2
249558966,2
9030121410,2
8784000965,2
469759942,2
469759943,2
9808795598,2
9808795599,2
9808795600,2
9808795601,2
9808795602,2
9808795603,2
9808795604,2
9808795605,2
9808795606,2
9808795607,2
9808795608,2
9808795609,2
9808795610,2
9808795611,2
25532377,2
7223695323,2
7223695326,2
7223695327,2
25532384,2
471488472,2
7223695324,2
471488484,2
6696695781,2
6696695783,2
4715263992,2
8604055550,2
4715264000,2
4715264001,2
4715264002,2
25475072,2
4715264004,2
5816743941,2
5816743942,2
5816743945,2
5816743947,2
9756243981,2
9756243982,2
9756243983,2
9756243984,2
9756243985,2
9756243986,2
5816743950,2
5816743949,2
6014302226,2
6014302227,2
6014302222,2
6014302228,2
9693730842,2
2632464413,2
2632464415,2
2632464416,2
6863550501,2
1419565097,2
2632464427,2
6863550510,2
25532464,2
3533830193,2
25532475,2
1736685635,2
25524297,2
4870281309,2
4870281310,2
4870281311,2
1211381855,2
25475182,2
10606709,2
32921720,2
373364868,2
373364870,2
373364874,2
3519879307,2
9611081868,2
3965024397,2
373364878,2
3965024399,2
3965024398,2
7617755275,2
7617755274,2
4650375309,2
3528710290,2
5257738389,2
1569216662,2
1312471190,2
5257738387,2
1312471193,2
5257738390,2
1312471188,2
1312471196,2
1312471197,2
1312471189,2
25499808,2
25532576,2
3858880674,2
3858880675,2
3858880676,2
3858880677,2
3858880678,2
1312471202,2
1312471208,2
1312471210,2
1312471216,2
3656358065,2
8868010162,2
1312471217,2
4866807989,2
1312471222,2
1312471223,2
2215139515,2
8868010171,2
4650375357,2
2632431806,2
2632431807,2
1312471252,2
8868010202,2
1312471258,2
3153656028,2
8868010205,2
3153656030,2
1312471265,2
9691101411,2
9691101412,2
1312471267,2
1312471271,2
8868010216,2
8868010218,2
4650375402,2
8868010221,2
27351282,2
27351284,2
25475331,2
25475332,2
473258249,2
1617647898,2
6985373980,2
7796554012,2
6985373982,2
25632774,2
6985373983,2
3139705121,2
6985373984,2
1685272862,2
1617647901,2
1617647900,2
1617647903,2
8868010279,2
8868010280,2
8868010281,2
8868010287,2
1617647919,2
1617647924,2
1617647928,2
9027328313,2
9027328314,2
1617647931,2
1536948541,2
1617647934,2
5816744255,2
5816744257,2
8429934918,2
1617647944,2
1617647945,2
4650375504,2
4297242961,2
2140420434,2
4650375508,2
9659603285,2
5306194265,2
25475419,2
1536948581,2
3319978344,2
1536948605,2
1755265415,2
1536948622,2
1755265428,2
1755265432,2
367106464,2
1755265444,2
473266627,2
2387220933,2
1782716888,2
9042041320,2
7223728617,2
212916714,2
9042041321,2
25475561,2
321255919,2
6369401334,2
8620105268,2
469776896,2
8785484288,2
367114771,2
10607127,2
10607128,2
10607129,2
8785484312,2
8785484313,2
8785484316,2
10607133,2
8785484315,2
8785484314,2
7657257518,2
4085783099,2
9375078973,2
9375078974,2
4085783103,2
9375078975,2
4085783105,2
25475661,2
5238528591,2
6840965712,2
25475664,2
4297243218,2
25475663,2
25500246,2
3696548438,2
25475674,2
9729684314,2
25475678,2
9024076384,2
9024076385,2
25475688,2
25475690,2
25475691,2
25475692,2
25475693,2
5736692334,2
25475699,2
7223712382,2
473258639,2
4297243295,2
4297243298,2
25475767,2
25475770,2
1569241807,2
1569241808,2
1951616226,2
419347194,2
419347195,2
419347196,2
419347197,2
419347198,2
419347199,2
419347200,2
419347201,2
419347202,2
419347203,2
25500427,2
5141625621,2
5141625623,2
5141625625,2
27458331,2
5141625630,2
2793904931,2
27458353,2
4077599543,2
4077599544,2
4077599545,2
475396924,2
446765895,2
473258827,2
355416911,2
355416914,2
7223704403,2
355416920,2
1571298141,2
5141625696,2
25066338,2
5141625698,2
25500517,2
5141625702,2
5141625703,2
9042025325,2
25500530,2
25500535,2
4860803960,2
4860803961,2
3930921860,2
1718328198,2
5041945479,2
5041945481,2
1571298192,2
1571298195,2
24951721,2
25066412,2
3673602988,2
7947041713,2
3673602993,2
25066419,2
25066450,2
25066451,2
25066453,2
25066457,2
269589467,2
9310682079,2
8373623781,2
25066470,2
2012969971,2
9804774392,2
4866784251,2
3265436678,2
3265436680,2
3265436686,2
3265436688,2
3518995475,2
3265436692,2
8672066581,2
7236131861,2
3265436695,2
7236131864,2
7236131862,2
7236131865,2
3497483291,2
25476124,2
3735886877,2
25476127,2
7745051680,2
25476131,2
25476132,2
25476134,2
7636163631,2
24951856,2
4866653236,2
1782712524,2
9855343702,2
1684511838,2
2140421219,2
2140421220,2
2140421222,2
2140421223,2
2140421224,2
1718328435,2
8755805313,2
8515091589,2
1721678995,2
9691102358,2
1363483801,2
9691102362,2
4158004390,2
4867087535,2
244128953,2
25066684,2
5929540796,2
1782725824,2
25066694,2
748797126,2
25066696,2
9021504714,2
9021504715,2
9021504716,2
9710304459,2
9710304460,2
2142502090,2
4703542482,2
4703542483,2
1684511955,2
3519872213,2
21990627,2
748797145,2
302013672,2
302013673,2
302013674,2
5573991659,2
5573991660,2
302013676,2
302013678,2
302013675,2
302013681,2
302013682,2
302013685,2
388455682,2
7636180236,2
7636180237,2
7636180239,2
7636180241,2
7636180242,2
4155841811,2
4155841820,2
4210859292,2
25066784,2
1787108646,2
1787108647,2
1787108648,2
1787108649,2
1787108650,2
9269886261,2
7900888377,2
251892564,2
1755708736,2
5925584201,2
5925584203,2
5925584204,2
875789647,2
302013776,2
302013777,2
1601797458,2
7911267686,2
7911267687,2
7911267688,2
2935373159,2
6951230826,2
7911267690,2
7567588716,2
7911267693,2
7911267692,2
7946378607,2
7946378608,2
8807431535,2
7911267696,2
7911267695,2
7911267694,2
8807431541,2
7900888437,2
1569216650,2
8807431546,2
8807431548,2
8807431550,2
8807431551,2
1678245252,2
9030155653,2
9030155654,2
8807431559,2
8807431560,2
5006065037,2
5006065038,2
5006065039,2
5006065040,2
5006065041,2
2872704413,2
18382242,2
3215687074,2
3499556266,2
1782717878,2
2775653836,2
24952269,2
9135848919,2
9135848920,2
9135848921,2
9135848922,2
9135848923,2
249560538,2
9135848924,2
9135848925,2
1852997088,2
5141216740,2
9030155749,2
9030155750,2
9030155751,2
5141216741,2
9030155753,2
9030155754,2
5141216745,2
9030155756,2
1913216493,2
9030155755,2
5141216746,2
5141216754,2
5055364608,2
5055364610,2
5055364611,2
5055364612,2
5055364614,2
3528711693,2
5141216782,2
8620105233,2
8620105234,2
8620105236,2
5141216790,2
8620105240,2
4630855193,2
9693920794,2
9693920795,2
8620105244,2
9693920797,2
8620105243,2
8620105242,2
761830938,2
9693920801,2
4630855202,2
4630855203,2
4630855204,2
4630855205,2
9693920803,2
9693920802,2
4920098343,2
4920098342,2
3528711722,2
8620105259,2
27459116,2
4920098344,2
4920098349,2
27459120,2
8620105265,2
1813618227,2
1813618228,2
1813618229,2
1813618230,2
1813618231,2
1813618232,2
1678155318,2
1813618234,2
9804578356,2
25067068,2
1343823418,2
8620105269,2
8620105270,2
2387213896,2
2387213899,2
2387213902,2
2387213904,2
6110191188,2
761831000,2
6446292570,2
9756278363,2
9756278364,2
9756278362,2
3704225374,2
3704225375,2
3704225376,2
8923643489,2
3704225378,2
3704225379,2
3704225380,2
6327615076,2
8923643490,2
5976850023,2
5976850024,2
6327615075,2
6327615074,2
7610670710,2
2935324280,2
27459198,2
761831039,2
3328228993,2
3328228994,2
3328228996,2
3328228998,2
4726152840,2
3328229004,2
4726152844,2
4726152847,2
4726152848,2
4726152850,2
761831060,2
3722411669,2
4726152854,2
4726152857,2
7610670751,2
7610670771,2
1214922421,2
1813618358,2
1214922426,2
7610670780,2
7610670781,2
1214922428,2
255860415,2
1214922429,2
9027340516,2
5198585557,2
5198585559,2
9781190365,2
9781190366,2
9781190367,2
9781190368,2
9781190369,2
7644741346,2
7644741345,2
3706494694,2
4034060007,2
7644741351,2
7610670826,2
6948380395,2
4034060012,2
7610670830,2
4034060015,2
585129712,2
4034060017,2
4034060018,2
25067268,2
742399752,2
3987750677,2
1722621718,2
3987750679,2
7610670876,2
5218844445,2
5218844446,2
3987750684,2
3987750685,2
3987750686,2
4085767970,2
4085767971,2
3987750692,2
8064065316,2
4085767974,2
3987750687,2
3987750688,2
4085767978,2
8064065323,2
7610670892,2
4085767980,2
4085767983,2
4166967089,2
4085767989,2
7926554423,2
7926554424,2
4085767993,2
7610670906,2
4085767992,2
25067324,2
27459951,2
7926554430,2
7926554431,2
21307200,2
1813618497,2
7610670913,2
21307201,2
30056255,2
21307202,2
7610670919,2
7610670921,2
4629462859,2
30056277,2
4764884821,2
1326821471,2
27459959,2
4530339698,2
4530339699,2
4530339700,2
4530339701,2
4530339702,2
30056310,2
6369361788,2
6369361789,2
6369361790,2
8438226815,2
6369361792,2
6369361791,2
6369361794,2
6369361795,2
6369361796,2
6369361797,2
6273056647,2
6273056648,2
25067400,2
1547657099,2
1547657104,2
2389802901,2
2389802904,2
1587330970,2
25632677,2
25632683,2
25632684,2
367091632,2
4748394420,2
9042026424,2
4370333627,2
4370333629,2
4370333637,2
4370333638,2
25067463,2
25067461,2
4370333643,2
25067469,2
25067470,2
4370333648,2
25067473,2
25067476,2
3813810133,2
3813810132,2
25067479,2
7836155864,2
7836155865,2
7836155866,2
7836155867,2
7836155868,2
7836155869,2
7836155870,2
1718566880,2
104321,3
5046314042,3
9693760971,3
24951853,3
1046306670,3
24951854,3
4922952373,3
5046314040,3
9856119641,3
268997562,3
5046314043,3
25632860,3
5046314041,3
4167762779,4
104323,4
8429225386,4
8429706219,4
8429795032,4
295977520,4
6110191186,4
4167762777,4
8429774517,4
4167762776,4
8429795033,4
8429795034,4
8429795035,4
3855607516,4
1237883773,4
2364384488,5
8030470473,5
585124778,5
1951242858,5
1951242860,5
3397689900,5
2364378222,5
2364371185,5
2364379602,5
2364379603,5
2364379604,5
2364379605,5
107613,5
107614,5
1864047135,5
25475328,6
1990912129,6
25473281,6
9700060292,6
690295047,6
9690878344,6
4872502279,6
9632417162,6
9632417163,6
4078858000,6
4078858001,6
869968536,6
4136124524,6
4777885221,6
4777885222,6
4085387943,6
9683581480,6
4085387945,6
4136124526,6
7246486955,6
283062189,6
3385332654,6
9683686963,6
3733791671,6
585127354,6
1155552319,6
1137777343,6
8030470464,6
585130362,6
9683585635,6
903630659,6
8030470469,6
8497605091,6
7638732490,6
7638732491,6
25475417,6
585148380,6
4832472797,6
9135845214,6
680069471,6
107615,6
8579240311,6
9135845216,6
9135848931,6
680069473,6
9135845213,6
6265654109,6
9135848928,6
1951242856,6
1951242857,6
1990912106,6
1951242859,6
2364384492,6
2364384490,6
680069483,6
2364387947,6
9135848938,6
9135848937,6
2364371186,6
1990912115,6
8579240307,6
8579240309,6
8579240310,6
8579240308,6
8579240312,6
8579240313,6
8579240314,6
25473279,6
2496836226,7
108420,7
3093897988,7
3093897989,7
2496836231,7
3093897991,7
1312188679,7
1255490314,7
250549636,7
2402557839,7
1280491924,7
1280491926,7
2402557597,7
2402557599,7
250325410,7
3787645606,7
3787645607,7
3787645608,7
3787645609,7
3787645610,7
2387232555,7
2387232556,7
2387232557,7
2387232559,7
3093894065,7
2387232561,7
2387232563,7
1150003513,7
806373565,7
9030284989,7
9030284990,7
3741117630,7
4749090120,7
25477197,7
1722268367,7
9856119633,7
1722268381,7
1722268384,7
1722268388,7
5492419692,7
5492419693,7
5565455857,7
5565455858,7
8236052983,7
8236052987,7
8236052988,7
8236052990,7
8236052991,7
108835,8
108837,8
4193151464,8
4305986091,8
7620902731,8
5905893978,8
4211515621,9
108903,9
25496777,9
245200970,9
1830276654,9
9189397456,9
4211515569,9
663363473,9
4211515891,9
8256049397,9
8256049399,9
1536948608,10
20626307,10
1536948612,10
25505670,10
20626311,10
1536948487,10
3796814729,10
1536948618,10
20626315,10
20626310,10
20626312,10
20626316,10
7572522511,10
1852996875,10
7572522513,10
1536948631,10
6509584413,10
1536948517,10
7572522534,10
109734,10
1852996517,10
7572522540,10
1536948652,10
7572522547,10
1536948536,10
1572551227,10
1852996670,10
2504847039,10
7572522566,10
4866475725,10
4866475730,10
4866475731,10
4866475733,10
4866475736,10
7572522585,10
4866475737,10
1852996954,10
1536948578,10
109411,10
109412,10
25264998,10
2504822135,10
1536948474,10
7572522492,10
9753609738,11
9753609739,11
9753609740,11
9753609741,11
9753609742,11
9753609743,11
9753609744,11
9680972177,11
9680972178,11
9753609745,11
25505685,11
9680972185,11
25161373,11
7824747295,11
7824747297,11
7824747298,11
7824747300,11
7824747302,11
7824747303,11
7824747304,11
7824747305,11
7824747307,11
25067307,11
7824747308,11
6967585840,11
6967585841,11
109746,11
6967585842,11
1827389620,11
1782727992,11
1722621630,11
4220613456,11
700774224,11
5201625566,11
2941549918,11
5840176866,11
25505634,11
1990694635,11
1990694638,11
1990694641,11
3130435826,11
1990694647,11
1852996856,11
9681020156,11
9681020157,11
1852996734,11
5006764037,12
5006764038,12
5006764039,12
5006764040,12
1312189073,12
1312188945,12
1312188689,12
1312188696,12
25477149,12
25477150,12
25477151,12
25477152,12
25477153,12
25477154,12
26067235,12
25477156,12
26067237,12
1312189091,12
26067239,12
26067236,12
3320743081,12
1954751908,12
1312188843,12
26067238,12
26067234,12
1312188730,12
1312188858,12
9693935550,12
1312188735,12
109760,12
9693935551,12
1312188994,12
1312188614,12
1312188622,12
1312189013,12
1312188760,12
3892081372,12
1312319838,12
3741078112,12
7644884069,12
1312188774,12
9856119640,13
373402354,13
109780,13
9856119634,13
18468953,14
9514602150,14
9514602151,14
9514602152,14
9514602153,14
5047029678,14
109785,14
25066461,14
25066462,14
6166157035,15
109788,15
24952267,15
1882379274,16
2112030869,16
1882379285,16
2112030873,16
291951643,16
275179767,16
1723340842,16
4425001783,16
110140,16
110141,16
9051462722,16
4823243100,16
6855696504,16
3247578846,16
435104742,16
6855696495,16
1882379248,16
6855696497,16
6855696498,16
6855696500,16
627985397,16
6855696502,16
6855696503,16
25472760,16
275179893,16
25472763,16
4823246342,17
1684835093,17
5609643672,17
1684835097,17
5609643675,17
1684835110,17
1684835245,17
1684835121,17
1141415219,17
1685281076,17
110143,17
1684835138,17
1150003270,17
1684835019,17
1309067472,17
2036125649,17
1684835030,17
2036125657,17
1684835042,17
4197055203,17
8868809321,17
1493658224,17
6014333809,17
6864015603,17
1684835062,17
1238259337,18
4530011788,18
9375170320,18
6261920913,18
6261920914,18
4530012691,18
4530012690,18
4530012692,18
4530012694,18
4530012695,18
4530012696,18
6261920915,18
1150003480,18
4530012699,18
4530012700,18
4530012701,18
4530012702,18
6866779806,18
4530012703,18
4530012704,18
1771453218,18
7805198627,18
1771453217,18
3499567135,18
1771453860,18
1711679380,18
3197333544,18
288193455,18
7191329809,18
28728210,18
5565487612,18
3197339673,18
7191329811,18
3197339674,18
4729385030,18
4729385031,18
2737313094,18
1711679434,18
9808795596,18
3197339676,18
9375170321,18
59526352,18
9375170322,18
282708,18
9375170323,18
1150003547,18
21990620,18
9375170324,18
1731225566,18
1150003423,18
9375170325,18
9375170326,18
249470452,18
4316306166,18
2935324281,18
28728187,18
1536039932,18
5426506500,19
25495695,19
1938953377,19
25495617,19
25495618,19
9856119619,19
1985084100,19
1816038230,19
25495769,19
25495770,19
350437608,19
10572779,19
25496817,19
25496818,19
25496819,19
25496820,19
25496821,19
321255925,19
5060391417,19
1958800795,20
8972441127,20
25496748,20
528126781,20
1985084095,20
5265830862,20
25496785,20
25498457,20
7847748059,20
8972511963,20
8972511965,20
8785568224,20
438170475,20
21583342,20
25496815,20
10572785,20
7918978033,20
10572786,20
4429088632,20
5470932256,21
5468301601,21
10607626,21
10607629,21
8715830798,21
7947057586,21
5468301555,21
2146369237,21
2146369240,21
5470932252,21
5470932253,21
5470932255,21
9782353731,22
8784159562,22
25477774,22
2496836303,22
249467025,22
6467134930,22
6467134931,22
8784181688,22
806373533,22
10676799,22
8975529088,23
4462680067,23
4462680068,23
9203541381,23
7840712839,23
1832248457,23
1832248458,23
9781435147,23
4569700109,23
4462680078,23
5374174224,23
1360122901,23
595709975,23
338474265,23
14672924,23
5573994014,23
5573994016,23
5573994017,23
5603454627,23
5603454628,23
5573994019,23
1832129958,23
1360122919,23
5374174120,23
1360122925,23
7203717550,23
1938953395,23
1360122937,23
5374183741,23
5374183742,23
6329690691,23
8975645638,23
8975645640,23
8975645641,23
25151180,23
4512763348,23
1360122841,23
5460658138,23
5600934876,23
1360122860,23
5573931377,23
5839156209,23
1360122866,23
1360122871,23
5573931385,23
8975529082,23
8975529083,23
8975529084,23
8975529085,23
8975529086,23
529722111,23
250550400,24
1939632514,24
4992781187,24
3739049348,24
4992781189,24
1939632519,24
20460684,24
973101839,24
9042120207,24
2387242385,24
2387242386,24
8869472274,24
3870640530,24
25477148,24
3870640547,24
3870640548,24
4401149224,24
2387240745,24
4401149225,24
2387240747,24
4401149228,24
4992781175,24
7636278191,24
4401149234,24
7636278194,24
7636278197,24
7636278199,24
7636278200,24
1326821561,24
7636278201,24
3741117629,24
256766531,24
18398282,24
1312335310,24
5927671120,24
1326821460,24
1326821592,24
5238500312,24
5238500313,24
914822492,24
9042037853,24
2387245025,24
873684193,24
2387245026,24
2387245027,24
2387245029,24
9693628390,24
9693628389,24
1326821480,24
632438506,24
9030155757,24
9030155758,24
8869472239,24
9030155759,24
9030155760,24
8869472240,24
1326821619,24
9030155762,24
2990732269,24
5927671155,24
8869472247,24
4826555769,24
4826555770,24
4826555771,24
4992781180,24
5609638014,24
6978555522,25
1758554289,25
748941573,25
2990780037,25
2990780039,25
20460680,25
748941577,25
20460682,25
2990806410,25
2990806411,25
2990806413,25
2990806415,25
2990806416,25
968499092,25
968499093,25
819132568,25
1684781470,25
4195111355,25
4246525220,25
4246525223,25
316763559,25
316763561,25
316763563,25
1758554286,25
8975833904,25
8975833905,25
6978563378,25
6978563379,25
6978563380,25
6978563381,25
6978563382,25
6978563383,25
6978563384,25
8975833913,25
8975833912,25
8975833915,25
4682627259,25
4682627261,25
8975833914,25
4682627263,25
4682627264,25
6978577985,25
4682627266,25
4682627265,25
256766532,25
256766533,25
748941508,25
4195111363,25
1758554291,25
1150003147,25
1150003532,25
9041828942,25
1759454163,25
1758554294,25
1759454429,25
3763407460,25
5041784423,25
748941546,25
748941552,25
1150003571,25
5067002867,25
748941556,25
6978531575,25
748941560,25
6978555518,25
20625793,26
25497603,26
697037343,26
6149398571,26
5905807278,26
1547657140,26
1312471226,26
1312471228,26
6301948477,26
6301948480,26
9694091974,26
9694091975,26
9694091976,26
9856119625,26
9694091978,26
9694091977,26
9694091981,26
9694091982,26
9694091983,26
25474005,26
9694104278,26
9694104279,26
1312471255,26
9694104280,26
25474015,26
25475053,26
8579276917,26
5976760445,26
5976760446,26
5976760447,26
9694032608,27
9694032609,27
1561411396,27
585201189,27
585200775,27
20625800,27
585200818,27
8579276918,27
710521820,27
9694032606,27
9694032607,27
5189042552,28
20626282,28
8675201272,28
5189042551,28
7824803490,29
7824747299,29
7824803492,29
7824747301,29
1536948646,29
7824803493,29
4085778920,29
7824747306,29
5146186589,29
7824803500,29
1536948431,29
1536948529,29
20626301,29
5146186590,29
9856119647,29
9856119623,30
9201323564,30
21392276,30
25509525,30
2343269909,30
4462680070,31
4462680076,31
21392279,31
4208239642,31
5603454625,31
5603454626,31
4208239651,31
9201323561,31
6606135979,31
21686572,31
21686574,31
9201323322,31
3972566714,31
6606148797,31
6606148798,31
5374181585,31
4462683090,31
5899711453,31
5899711454,31
5788363874,31
9203541612,31
21563788,32
5907366887,32
9748953621,33
21578461,33
3515286914,34
3515286915,34
3515286916,34
5565466183,34
1493676622,34
1493676623,34
28728208,34
25477106,34
21990614,34
25477858,35
4556931602,35
4556931603,35
4556931604,35
3661703766,35
819157975,35
819157946,35
21990622,35
24950048,36
5095547180,36
5095547184,36
24950005,36
24950013,36
6918421504,37
6918421512,37
6918421513,37
1556097034,37
1561071632,37
1561071655,37
1547013672,37
1561071656,37
4018000435,37
1556097080,37
1547013688,37
1556097092,37
1547013705,37
1556097098,37
3385387604,37
3385387605,37
3385387606,37
3385387607,37
1556097111,37
1556097118,37
1556097120,37
1951372909,37
1556097136,37
1556097137,37
1951372915,37
1556097139,37
1556097147,37
1951372927,37
1951372930,37
1951372935,37
1556097163,37
1556097185,37
6446218921,37
6446218922,37
1590114998,37
1556097215,37
1556097217,37
9694091972,37
9694091973,37
1556097222,37
25278669,37
25278670,37
696477399,37
1556097245,37
1556097271,37
2528522503,37
2528522507,37
2528522518,37
1556097306,37
2528522528,37
6985465124,37
6985465125,37
6985465129,37
6985465130,37
1556097321,37
2528522542,37
6985465145,37
5905897286,37
1556097353,37
1556324683,37
1556324684,37
9856119630,37
1556097368,37
1556097387,37
5189042550,37
24952195,37
24952196,37
811035012,37
4072083342,37
4072083343,37
1556324759,37
1556097431,37
1556324793,37
4777897927,37
4777897928,37
4117882851,37
4117882852,37
8807410149,37
4085404135,37
4117882856,37
4117882857,37
4085404136,37
4117882860,37
6918421503,37
25067264,38
25067265,38
2566132609,38
25067266,38
1852996996,38
2504822145,38
25067267,38
1569382119,38
6509584414,38
2504822137,38
1569382170,38
2504822139,38
1569382174,38
25066687,38
25067304,39
2566132610,39
2566132611,39
25161356,39
25067395,40
25067396,40
25067397,40
5146186470,40
25067398,40
25067427,40
950703625,40
950703626,40
9856119646,40
5146186463,40
5146186489,40
25067326,40
1726783391,40
25071090,41
25071131,41
25471736,42
25503860,42
7271474849,43
321255907,43
25472324,43
25472545,44
4675821944,44
4675821925,44
4675821932,44
4665353645,44
4665353644,44
762080111,44
1617596591,44
8373728533,44
25472566,44
25473048,44
25472379,44
1617596607,44
4823246341,45
4425001781,45
4425001782,45
25472767,45
7447716112,46
25472789,46
9161061774,46
25472800,47
4571194090,47
4571194091,47
1954751920,47
2036125650,47
2940401398,47
6014339453,47
1684835105,48
1684835107,48
1684781486,48
3739048019,48
3739048020,48
3739048021,48
25472885,48
4948630427,48
25473004,49
4665353662,49
25473203,50
5067002855,50
1569486259,51
25475597,51
9823138208,52
9823138209,52
1326821607,52
1326821594,52
25475694,52
25475695,52
25475696,52
25475697,52
4297211186,52
4297211187,52
25475698,52
435104726,52
435104727,52
435104728,52
355416921,52
1326821466,52
9823138206,52
25475754,53
1816777875,53
1493229962,53
25495544,54
269550333,54
25495697,55
9856119622,55
25495819,56
25495820,56
6354294763,56
1834657467,56
1834657469,56
470727776,57
5736847361,57
5736847362,57
5736847363,57
5736847364,57
25496100,57
749947393,57
749947402,57
25495852,57
25495854,57
25495855,57
350629203,57
269584410,57
317930380,58
4211515637,58
4211515622,58
25496775,58
1145174402,59
1599652492,59
1599652497,59
4571241384,59
9820538031,59
5504771250,59
355416887,59
355416890,59
355416892,59
3257317059,59
9820537936,59
9820537937,59
9820537940,59
9820537941,59
9820537942,59
9820537943,59
9820537944,59
9820537946,59
1165343843,59
4729480806,59
4729480807,59
4729480808,59
4571244658,59
4571244659,59
4571244660,59
4571244663,59
25497595,59
2135411308,60
5711517565,60
5457908028,60
25499655,60
1828402762,61
25505643,61
1828402764,61
1828402763,61
25505618,61
25505662,61
3664398006,61
2142508727,61
25505593,61
25505630,61
25505695,61
1556097153,62
8785024515,62
1556097030,62
5905896973,62
1556097166,62
1556097177,62
1556097178,62
1556097051,62
1556097320,62
1556097448,62
1547013554,62
1556097227,62
1547013710,62
25532494,62
9856119631,62
1547013589,62
1547013719,62
3272782429,62
3272782432,62
8807410150,62
8807410151,62
1547013738,62
3272782446,62
1556097048,63
25532542,63
2480657188,64
4826448085,64
25632678,64
2135411293,64
25632680,65
25632679,65
27480960,66
27480961,66
2140125056,66
7900221088,66
9678821156,66
1736734053,66
9021491075,66
9678821159,66
9678821160,66
9678821161,66
1238249904,66
7900221108,66
3486459769,66
249560091,66
7900221087,66
28193265,67
3170676207,67
3984132034,68
3984132035,68
4116809027,68
3984132037,68
4116809028,68
302013708,68
4422013486,68
249679343,68
28418929,68
4089885905,68
4244498867,68
4244498868,68
2990651905,69
1759454351,69
2990651920,69
2990651921,69
973128722,69
28800660,69
973128725,69
28800664,69
9693929369,69
28800666,69
5042032158,69
5041945508,69
9693903657,69
2990664881,69
1755708730,69
1755708732,69
5565443391,69
1755708737,69
1755708738,69
1755708739,69
1758552521,69
1758552522,69
2990717003,69
250549835,69
1718566997,69
1755708765,69
1755708766,69
1718567007,69
1755708768,69
1755708646,69
1755708647,69
1755708648,69
1758552678,69
1758552682,69
1547013760,70
1547393025,70
8785024514,70
1547392771,70
707377287,70
30056330,70
1547392914,70
1547393045,70
1547013653,70
1312471191,70
1547013655,70
1547392927,70
9694096799,70
4402594986,70
6149398572,70
4920098350,70
1312453936,70
1547392818,70
4619022514,70
1547392951,70
4402629177,70
3830043581,70
1312471231,70
1547013699,70
8579233861,70
8579233862,70
1547013574,70
1547013704,70
1547392848,70
1550763732,70
1547013588,70
1547392728,70
1547013592,70
1547013593,70
1547013724,70
1547013597,70
1547392865,70
1547013601,70
1547013730,70
5580861156,70
1547013604,70
6600283121,70
251892979,70
1312453879,70
1547013754,70
1547392764,70
1547392894,70
3741131608,71
149431715,71
3741131607,71
213672005,72
213670986,72
1719422032,72
2642878644,72
1312189047,72
249558964,73
249559005,73
302013662,73
6332545601,74
338319877,74
9030284967,74
7151566952,74
2254629351,74
250327660,74
3093894066,74
20955169,75
367074596,75
9693971465,76
4230595026,76
377494060,76
27331469,76
435104736,77
435104732,77
435104735,77
6218468163,78
1550763749,78
1547013711,78
9704122321,78
471488499,78
4847781268,78
1493722803,78
4847781269,78
1550763764,78
1550763708,78
690295042,79
9690878341,79
5122737222,79
9690878343,79
1723315608,80
3247825561,80
3247825562,80
7636278193,80
7636278195,80
7636278196,80
7636278198,80
4807521484,80
1309067471,80
3741131600,80
5927671121,80
3741131606,80
7636244312,80
7636244313,80
7636244314,80
9042037852,80
914822496,80
2624005734,80
914822508,80
9030155763,80
5927671156,80
9030155766,80
9030155767,80
4826555772,80
4826555768,81
1150003195,81
25632870,81
1353133536,82
4643336966,82
4643336968,82
4643336979,82
1353133533,82
1547013621,83
1547013694,83
1547013567,83
1556097337,84
1556097148,84
1590088452,85
7911282822,85
1556097326,85
8675201264,85
1561071644,85
4169714270,85
1556260024,86
7911282827,86
4169714271,86
5976760443,87
1556324659,87
1617532089,88
1617532091,88
2341656968,89
4697287178,89
8620082704,89
4169836445,89
6868293535,89
4696568114,89
6327557047,89
6327557048,89
8620105277,89
4697288390,89
367102039,89
1617596505,89
4166662878,89
4166662881,89
3265436260,89
1828408303,89
5146127859,89
4696544885,89
4696545402,89
1707790024,90
4658088777,90
5177352932,91
5177352933,91
1707790099,91
5177352922,91
5177352923,91
9804685199,92
9804685200,92
9804685201,92
9804685202,92
1723388986,92
1761598585,93
4316306163,93
4316306164,93
1137777341,93
1828402755,94
1828402756,94
1832248440,95
5600934875,95
2576893628,95
3691462888,96
9804685203,96
9804685204,96
2755124949,96
9804685206,96
9804685205,96
2914561217,97
5924603458,97
5924603459,97
5924603460,97
5924603457,97
5924611312,97
5924603444,97
5924603445,97
5924603446,97
5924603447,97
5924603449,97
8500636794,97
5924603452,97
5924603453,97
5924603454,97
5924603455,97
4938216620,98
4166634958,98
3267461735,98
9733914457,99
3817308667,99
5253290694,99
3892081362,100
3892081363,100
4879371168,101
4096485377,101
4859130051,101
9822267116,101
4421008566,101
4879371165,101
8026335686,102
4174200046,102
4697525032,103
26374229,103
4697525030,103
4872502280,104
5947858321,104
9691082176,104
25496750,105
5265840063,105
5609643673,106
5609643674,106
6645346885,107
6711365597,107
7572833353,108
7572833350,108
