node_id,cluster_id
6866516260,0
2453947051,0
4211515660,0
8787384683,0
1832666032,0
1637578546,0
8787692633,0
8787692634,0
104315,0
1236791552,1
4076126468,1
9805219989,1
25509527,1
25509533,1
1236791459,1
9856119617,1
7946372933,1
7946372934,1
7946372935,1
7946372936,1
7946372937,1
7946372938,1
7946372939,1
7946372940,1
7946372941,1
7946372942,1
9197589455,1
9197589454,1
9197589457,1
5516594509,1
1596648673,1
4076126448,1
3817308659,1
3817308660,1
104318,1
6369329153,2
373364225,2
25504769,2
373364228,2
6369329161,2
6369329162,2
6369329163,2
6369329164,2
6369329166,2
6369329167,2
6369329169,2
1311962130,2
7926506525,2
7926506526,2
7926506527,2
7926506529,2
7926506530,2
7926506531,2
7926506532,2
319984684,2
2398924845,2
24951856,2
5475684917,2
1311962169,2
9310662202,2
1311962182,2
441958990,2
441958992,2
1215563870,2
4870281310,2
18468962,2
1215563878,2
1215563895,2
107641,2
107646,2
107647,2
373364868,2
373364870,2
373364874,2
3965024397,2
373364878,2
3965024398,2
3965024399,2
973158035,2
107687,2
4922952362,2
1707790029,2
1054045407,2
1311961826,2
1707790052,2
8868824843,2
1054045453,2
8868824870,2
8868824871,2
5006978855,2
5006978856,2
5006978857,2
5973627687,2
3816097104,2
8336028509,2
8336028510,2
25500517,2
1835356021,2
1771426165,2
4860803960,2
1649365881,2
4860803961,2
9024139134,2
9024139135,2
104320,2
9024139136,2
9024139138,2
9024139137,2
2466445190,2
1311961991,2
9024139143,2
9024139144,2
1311962013,2
20965794,2
20965796,2
20965797,2
20965803,2
1163955130,2
7223709662,2
7223709664,2
1311962082,2
7223709668,2
7223709669,2
3644748774,2
1311962089,2
7223728617,2
2466442731,2
9856119641,3
104321,3
268997562,3
104322,4
1718233922,4
8869435268,4
1718233957,4
1718328198,4
1718233994,4
5046005790,4
7553887409,4
2140227862,4
1771426166,4
25161368,4
7553887415,4
7836155866,4
7836164763,4
7836164764,4
1771426173,4
1684511838,4
8438226815,4
104323,5
8429795032,5
295977520,5
4167762776,5
8429795033,5
8429795034,5
8429795035,5
107584,6
3847023130,6
251892950,6
107585,7
27460259,7
1312471271,7
4864083785,7
1493722804,7
1312471222,7
6218501751,7
1312471193,7
1312188768,8
107586,8
8043350341,8
8318757606,8
8318757605,8
4835109000,8
255678213,8
1312188619,8
9808795601,8
4726152850,8
8043350325,8
4726152854,8
4726152857,8
1678245252,9
4835109001,9
1312454038,9
1782717878,9
3247932481,9
107587,9
8976060358,9
3247932486,9
4688513237,9
30056277,9
9781190366,9
9781190367,9
9781190368,9
3381130086,9
3381130087,9
109415,9
3381130089,9
3381130090,9
3381130091,9
3381130092,9
25248122,9
25248123,9
25248124,9
3381130493,9
25248128,10
1939558664,10
1497452171,10
1939558671,10
1939558672,10
1939558673,10
9710332576,10
9710332577,10
2793904931,10
2218344498,10
3715515059,10
2218344501,10
4866807989,10
2218344503,10
2218344505,10
2218344508,10
2218344509,10
2218344510,10
2218344511,10
107588,10
2218344518,10
3816097106,10
3816097107,10
1312188886,10
109416,10
25248112,10
25248115,10
25248127,10
5269678593,11
5977954180,11
9673091207,11
9673091208,11
9673091213,11
9673091214,11
3850146457,11
3987750684,11
3987750685,11
3987750686,11
3987750687,11
3987750688,11
3987750692,11
9673189925,11
9673189926,11
6110164649,11
6110164650,11
7900888377,11
107602,11
6110191188,11
7644741351,11
7900888437,11
5816743941,12
5816743942,12
5816743945,12
5816743947,12
5816743949,12
5816743950,12
8429945617,12
8429945618,12
4136137525,12
2203888698,12
25475770,12
5816744255,12
1689605567,12
5816744257,12
8429934918,12
107606,12
585199079,12
28418921,12
9693971447,12
1505332730,12
2364384488,13
8030470473,13
585124778,13
1951242858,13
1951242860,13
2364378222,13
2364371185,13
2364379602,13
2364379603,13
2364379604,13
2364379605,13
107613,13
107614,13
1864047135,13
25475328,14
1990912129,14
9700060292,14
4872502279,14
9690878344,14
9632417162,14
9632417163,14
9683581480,14
3385332654,14
9683686963,14
3733791671,14
1155552319,14
1137777343,14
8030470464,14
8030470469,14
7638732490,14
7638732491,14
25475417,14
4832472797,14
9135845214,14
107615,14
8579240311,14
9135845216,14
9135845213,14
9135848931,14
1951242856,14
1951242857,14
1990912106,14
1951242859,14
2364384492,14
2364384490,14
2364387947,14
9135848938,14
9135848937,14
2364371186,14
1990912115,14
8579240307,14
8579240309,14
8579240310,14
8579240308,14
8579240312,14
8579240313,14
8579240314,14
1312454055,15
5925584201,15
107626,15
8807410154,15
4072083345,15
8390582613,15
259252667,15
1312454045,15
1951616231,16
107627,16
8807410158,16
4072083344,16
8785024497,16
1312453981,16
6369361792,17
5141354331,17
2378843909,17
1951616261,17
1951616263,17
1678226827,17
1951616268,17
1951616270,17
4077593104,17
1951616276,17
1951616278,17
1569216662,17
6463234329,17
1951616283,17
5065949596,17
5473273373,17
5065949598,17
1951616287,17
5473273376,17
7745051680,17
1678226846,17
1951616291,17
1951616292,17
25161379,17
25161378,17
1951616295,17
25161377,17
1951616297,17
7926686250,17
4867087535,17
4077599543,17
9027328313,17
6985395258,17
9027328314,17
4077599545,17
1951616319,17
5238587992,17
5473273425,17
5238587994,17
1678227031,17
5141354328,17
5473273433,17
5141354329,17
5473273435,17
3153656028,17
5141354332,17
3153656030,17
5141354333,17
25532384,17
25532377,17
5141354330,17
329983075,17
8807431550,17
1678226917,17
24950114,17
1951616232,17
1951616234,17
107628,17
1951616236,17
5227220846,17
8807431535,17
5049840242,17
5049840243,17
5049840245,17
1951616284,17
5049840248,17
1782714747,17
8807431548,17
6369361790,17
1312454029,18
1312454031,18
3887941013,18
2059790748,18
25532576,18
6458938017,18
1312454058,18
1312454061,18
25544110,18
5340811829,18
5340811830,18
25265077,18
25265079,18
4085783099,18
1418752708,18
5340811717,18
1312454090,18
4166634955,18
7911243856,18
1418752721,18
7911243857,18
4166634962,18
7911243858,18
7911243863,18
9413430622,18
1312453999,18
107632,18
8753664977,19
107634,19
7223298253,19
25161361,19
5141625696,20
4729628192,20
9856119650,20
6369361796,20
6369361797,20
5141625702,20
5141625703,20
25067400,20
7223298252,20
7223298254,20
3644785104,20
107637,20
5141625621,20
5141625623,20
5141625625,20
6369361788,20
5141625630,20
6369361791,20
9856119648,21
107638,21
25505673,22
25504779,22
25161365,22
8807441176,22
3656358065,22
4866653236,22
1311961910,22
7926554423,22
4866651959,22
7926554424,22
4866651962,22
4866651963,22
4866651966,22
7926554430,22
4866651968,22
4866651969,22
7926554431,22
5046447437,22
1938819288,22
1938819301,22
25066470,22
1938819306,22
1938819313,22
2012969971,22
4866623226,22
107643,22
5207476609,23
5207476610,23
5207476611,23
5207476613,23
5055364614,23
5207476615,23
4627445257,23
5207476617,23
5207476619,23
4627445261,23
9684083982,23
9684083983,23
9684083984,23
107667,23
9684083987,23
9684083988,23
9684083992,23
9684083993,23
9684083995,23
5207477021,23
7066617760,23
473265708,23
4627491642,23
4627491643,23
5207476606,23
1828402769,23
1828402771,23
3813810132,23
3813810133,23
1828402774,23
3696548438,23
4627445213,23
4627445215,23
4627445216,23
4627445217,23
1938819299,23
1938819302,23
1938819304,23
1938819316,23
9754527740,23
9754527741,23
9754527742,23
5207476607,23
9754527744,24
9754527745,24
5055364608,24
5055364611,24
5055364612,24
5055364610,24
3265436678,24
3265436680,24
3265436686,24
3265436688,24
8620105233,24
8620105234,24
1678452753,24
8620105236,24
3265436692,24
3265436695,24
8620105240,24
8620105242,24
8620105243,24
8620105244,24
268124704,24
9754453026,24
9754453027,24
9754453028,24
9754453029,24
9754453030,24
9754453031,24
9754453032,24
9754453033,24
8620105259,24
8620105265,24
8620105268,24
8620105269,24
8620105270,24
5177397821,24
5177397822,24
5177397823,24
5177397825,24
5177397827,24
5177397828,24
5177397829,24
5177397830,24
5177397832,24
5177397835,24
4150883407,24
107668,24
1239549084,24
2360684188,24
367100073,24
5177397419,24
5177397420,24
419632303,24
419632306,24
419632307,24
1214922421,24
3972566710,24
4077627063,24
1617532088,24
368044217,24
1214922426,24
1617532090,24
490946748,24
1214922429,24
1617532087,24
1707790023,24
367077584,24
2775635677,24
4034060007,24
4650375402,24
4034060012,24
4034060015,24
4034060017,24
4034060018,24
2265065203,24
2360681713,24
2265065207,24
419632906,24
2140432704,24
9781311297,24
108864,24
4859246418,24
237911,24
6951230826,24
1955520879,24
1813794712,24
268124583,24
8620272571,24
473266627,24
2775653836,24
5177410511,24
455705562,24
864817628,24
2360685543,24
9754527743,24
1236791297,25
107684,25
1726730281,25
7617755275,25
4378043789,25
957122446,25
1236791506,25
4378043283,25
4072476959,25
8785484288,26
1938819344,26
4072476960,26
4630855202,26
4630855203,26
4630855204,26
107685,26
4630855205,26
4729448871,26
107686,26
107688,26
1236791344,26
1726730303,26
25471681,26
8373690833,26
8373690834,26
8373690835,26
8373690836,26
8373690837,26
8373690838,26
8373690839,26
8373690840,26
8373690841,26
1726730329,26
8373690842,26
7613626073,26
7613626070,26
25503841,26
7617785701,26
25503848,26
7617785710,26
8373752817,26
7617785714,26
1726730354,26
4530339698,26
4530339700,26
4530339702,26
4530339699,26
4530339701,26
6293128709,27
7223695324,27
3518995475,27
4689775124,27
4689775126,27
8785484312,27
1810130457,27
8785484313,27
8785484315,27
8785484316,27
8785484314,27
2293833760,27
2293833763,27
25496622,27
5006063170,27
5006063171,27
5006063172,27
5006063173,27
5006063175,27
5006063176,27
5006063177,27
6840965712,27
5006063186,27
21563479,27
21563481,27
26374236,27
9024076384,27
9024076385,27
21563489,27
25475182,27
5736692334,27
21563508,27
32921720,27
2294047369,27
5880188045,27
5880188046,27
761831060,27
4156336279,27
8785567902,27
8263157412,27
8263157413,27
8263157414,27
8263157415,27
8263157416,27
7271474856,27
107690,27
7271474855,27
107692,27
8785503917,27
8785503918,27
8785503919,27
8785503920,27
107693,27
4530270906,27
4530270908,27
3972566716,27
4530270913,27
1782712524,27
3519005409,27
4822267109,27
1020211942,27
4691460851,27
1236791555,27
25475331,27
1707790085,27
8263166217,27
8263166218,27
1617596686,27
1707790096,27
1617596704,27
1617596711,27
1617596714,27
7183962432,27
9781311296,27
9856119621,27
1617647945,27
3497472337,27
237908,27
8373651315,27
8373651316,27
21563791,27
5006065040,27
5006065041,27
4719617974,27
8373690819,27
8373690820,27
8373690824,27
8373690825,27
8373690826,27
8373690827,27
8373690828,27
8373690829,27
8373690830,27
8373690831,27
5880186827,27
5880186828,27
8373690832,27
1148276186,27
269589467,27
8373690844,27
8373690843,27
8373690845,27
8373690846,27
3497461727,27
7223695327,27
7223695323,27
7223695326,27
8785568228,27
8373623781,27
321255919,27
5119652864,28
5119652865,28
9781435146,28
2458273291,28
1953202962,28
2453941139,28
6279388821,28
6279388822,28
6279388823,28
6279388824,28
26678169,28
26678168,28
26678171,28
26678166,28
26678167,28
2458257570,28
8975700259,28
2458257573,28
8975700261,28
5265953450,28
5265953451,28
5265953452,28
1364161197,28
2458257578,28
5265953455,28
2458301100,28
5265953457,28
5265953454,28
5265953459,28
2458260532,28
25495858,28
2458256449,28
8645592521,28
1364172237,28
1832129873,28
1832129878,28
1953202903,28
25495640,28
21578459,28
25495646,28
6724775011,28
6724775012,28
108389,28
6724775013,28
6724775014,28
6724775015,28
6724775017,28
6724775018,28
6724775016,28
1832248428,28
108390,28
1364168178,28
1364168180,28
2458303223,28
5119652857,28
2458307450,28
5119652862,28
5119652863,28
25495698,29
108391,29
4297054053,30
1601832328,30
6828863691,30
6828863692,30
6828863693,30
6828863694,30
6828863695,30
6828863696,30
6828863697,30
6828863698,30
9576827481,30
9804578356,30
25475674,30
108406,30
6525671279,30
1363483801,30
9576827482,30
2632464416,31
6525670240,31
390073160,31
1125619161,31
2632476621,31
25632684,31
5973397966,31
10606709,31
108409,31
2632476639,31
2632464413,31
2632431807,31
108420,32
9030284989,32
9030284990,32
4193151464,33
108835,33
4305986091,34
5905893978,34
7620902731,34
108837,34
3267461696,35
108867,35
264824452,35
2265048377,35
262078536,35
3267461737,35
3267461710,35
3267461742,35
3267461752,35
3267461721,35
20955164,35
3267461693,35
4211515621,36
108903,36
245200970,36
1830276654,36
4211515569,36
663363473,36
4211515891,36
8256049397,36
8256049399,36
25497347,37
9820523913,37
9820523914,37
9820523915,37
9820523916,37
9161061776,37
9693963678,37
9693963679,37
9693963680,37
9693963681,37
9693963682,37
9693963683,37
9820538017,37
9820538018,37
1326821542,37
9820538019,37
9820538016,37
710657963,37
9820538028,37
4571238064,37
7947041713,37
4571238067,37
4571238068,37
1938953403,37
1938953406,37
1326821568,37
9820537921,37
9820537922,37
1938953413,37
1938953414,37
1938953417,37
9820537934,37
1326821457,37
25470166,37
1938953430,37
1938953431,37
1326821593,37
1938953433,37
109403,37
1326821465,37
9820523869,37
9820523870,37
9820523871,37
9820523872,37
1938953432,37
1938953437,37
25497340,37
21990633,37
21990634,37
108393,37
21990637,37
21990638,37
1326821487,37
422573549,37
1326821489,37
1326821624,37
25497596,37
25497599,37
25509513,38
470727954,38
1938819346,38
1938819348,38
1938819350,38
1938819351,38
25509526,38
5207487900,38
25481504,38
6988528038,38
6988528039,38
9694031532,38
9201323575,38
894485202,38
109408,38
109410,38
1236791535,38
9197589363,38
9197589238,38
1536948618,39
109411,39
1536948487,39
1536948474,40
1852996875,40
109412,40
1536948578,40
9694072864,41
109414,41
30078473,41
5334625292,41
7797731341,41
7797731342,41
7797731343,41
7797731340,41
5334625293,41
1566269623,41
4077599544,41
2793874522,41
9030029183,41
109728,42
5931509715,42
1536948608,43
6509584413,43
109734,43
2504822135,43
24952269,44
109737,44
5104314264,44
1536948541,44
5840176866,45
1722621630,45
4220613456,45
109746,45
9681020156,45
9681020157,45
2941549918,45
1042862726,46
109766,46
7911297486,46
302013678,46
1042862492,46
9856119640,47
373402354,47
109780,47
9856119634,47
9514602150,48
9514602151,48
9514602152,48
9514602153,48
109785,48
4077495971,49
1832129813,49
9781311295,49
109815,49
109816,49
1810130458,49
4077495867,49
338474269,49
1832129823,49
109818,50
8975700266,50
3644748770,50
4823246342,51
2036125649,51
6864015603,51
1141415219,51
2036125657,51
110143,51
1233327202,52
21990626,52
1787108646,52
1787108647,52
1787108648,52
1787108649,52
1787108650,52
7636180236,52
7636180237,52
9710304460,52
7636180241,52
7636180242,52
1782716888,52
110238,52
4530012702,53
6261920914,53
282708,53
4316306166,53
4530012699,53
1536039932,53
6866779806,53
4530012703,53
2632464415,54
25438732,54
282719,54
2961540,55
1951616325,55
24661273,55
8807431546,55
2195965723,55
24950109,55
8807431551,55
24950113,56
385311590,56
2961549,56
4748394420,56
8807431541,56
385311796,56
1365887500,57
2218344516,57
2218344522,57
2218340965,57
2218364541,57
2218364543,57
2961557,57
5218862786,57
4866705606,57
7223326407,57
7223326408,57
7223326409,57
7223326410,57
7223326411,57
9021504716,57
7223326413,57
7223326414,57
1939558646,57
1939558647,57
7223365368,57
1939558648,57
7223365370,57
7223365371,57
1939558649,57
1939558650,57
1939558651,57
1939558655,57
7223365372,57
1939558657,57
24659709,57
1939558659,57
1939558660,57
1939558661,57
1939558663,57
1939558666,57
1939558667,57
2538458898,57
1939558674,57
1939558677,57
1939558678,57
1939558681,57
2195965722,57
1939558684,57
1046391070,57
1939558687,57
3139705121,57
1939558697,57
1939558700,57
1939558701,57
9021535020,57
8579522887,57
5925584203,57
5925584204,57
24950101,57
24950104,57
357999964,57
4866976610,57
4866976611,57
4866976613,57
4866976614,57
4866976617,57
8869435258,57
9030155653,57
8807431560,57
1312264600,57
2387224474,57
2387224475,57
2218362306,57
2218362310,57
2218362314,57
2218362316,57
2218362321,57
2218362332,57
1733389278,57
2218362336,57
1731216865,57
2218362849,57
212916714,57
5473274866,57
4866784251,57
3215687074,58
5227220835,58
2961891,58
1312454086,58
9856119628,58
1678452792,59
10572172,59
747893184,60
7610670913,60
7610670919,60
25503880,60
7610670921,60
7617755274,60
25503885,60
10572178,60
25503845,61
9693982149,61
25503851,61
7617785713,61
10572179,61
5207487897,61
367106464,62
388455682,62
4240028580,62
4643337035,62
10572180,62
25471732,62
1236791478,62
25471733,62
25471734,62
4630855193,62
25503862,62
4650375357,62
1938953377,63
9856119619,63
1985084100,63
350437608,63
10572779,63
1816038230,63
25495770,63
10572785,64
8972511963,64
25496748,64
8972441127,64
8785568224,65
10572786,65
7847748059,65
1985084095,65
1326821504,66
2466449296,66
20460691,66
6369329158,66
2466449286,66
2466449288,66
8989843465,66
2466449287,66
1326821513,66
2466449289,66
2466449290,66
20460686,66
1326821515,66
2466449293,66
20460681,66
2466449295,66
2466449294,66
20460692,66
20460690,66
20460694,66
10607127,66
10607128,66
2466449297,66
3722411669,66
4807796633,66
20460695,66
20460696,66
20460697,66
9693865890,66
1326821539,66
1326821541,66
25632677,66
5041784501,66
1813618358,66
1326821557,66
372978232,66
5041784633,66
1326821559,66
1596655163,66
1326821566,66
256766529,66
1326821569,66
8868824899,66
372978120,66
1326821577,66
1326821579,66
2466456399,66
2466456400,66
2466456401,66
2466456402,66
1939632526,66
2466456404,66
1366095189,66
2466456403,66
2466456405,66
2466456406,66
2466456407,66
1081508186,66
2466456409,66
5353604060,66
2466456408,66
1326821471,66
1326821524,66
1326821613,66
1326821525,66
1081508209,66
1326821490,66
632447859,66
2466449291,66
372050299,66
1326821502,66
9808795609,67
2632430342,67
2480657190,67
1954751914,67
1954751916,67
1954751918,67
4530057817,67
25497968,67
5060405461,67
10607129,67
9808795610,67
2466456411,67
2466456412,67
2466456413,67
2466456414,67
9808795605,68
10607133,68
2632431806,68
5470932256,69
10607629,69
7947057586,69
5468301555,69
2146369237,69
5470932252,69
5470932253,69
5470932255,69
8784159562,70
6467134930,70
6467134931,70
8784181688,70
10676799,70
2902624645,71
18393873,71
6985373980,71
6985373982,71
6985373983,71
6985373984,71
1312264610,71
1721713699,71
1312188714,71
1312264618,71
21307200,71
9030121410,71
1782718791,71
1782718792,71
9856119635,71
6985379285,71
6985379286,71
9042027865,71
2406484452,71
1350430181,71
2406484454,71
2406484455,71
9030155749,71
2406484453,71
9030155753,71
2406484460,71
9042053624,71
10677374,71
1782724124,72
1312264577,72
794039687,72
1312264648,72
9042133642,72
7836155868,72
1312264524,72
5043864464,72
1684511955,72
1718328435,72
7836155864,72
7836155865,72
7836155867,72
316763548,72
1782724125,72
7836155870,72
10677375,72
10677376,73
7657257518,73
2297373047,73
10677377,74
2387220933,74
7082240198,74
3517719434,74
1401416203,74
8318797234,74
8318797235,74
8318797237,74
212927414,74
25248118,74
25069046,74
2642857212,74
8975529088,75
4462680067,75
9203541381,75
1832248457,75
1832248458,75
9781435147,75
5374174224,75
14672924,75
5374174120,75
7203717550,75
5374183741,75
5374183742,75
5573931377,75
5573931385,75
8975529082,75
8975529083,75
8975529084,75
8975529085,75
8975529086,75
529722111,75
268997560,76
18382242,76
7553887392,76
470729237,77
8785441943,77
8785441944,77
18395811,77
4729448869,77
5976853817,77
2215139515,77
3474115148,77
3816097103,77
2140420434,77
1938819289,77
1938819290,77
1938819292,77
1938819293,77
1938819294,77
1938819296,77
1725360097,77
1655418222,77
4401156476,77
250550400,78
1939632514,78
4992781189,78
1939632519,78
973101839,78
9042120207,78
2387242386,78
8869472274,78
3870640530,78
3870640547,78
3870640548,78
2387240745,78
2387240747,78
1326821561,78
18398282,78
1312335310,78
1326821460,78
1326821592,78
5238500312,78
5238500313,78
914822492,78
9042037853,78
2387245025,78
873684193,78
2387245026,78
2387245027,78
2387245029,78
9030155757,78
9030155758,78
8869472239,78
9030155759,78
9030155760,78
9030155762,78
1326821619,78
8869472247,78
4826555769,78
4992781180,78
5609638014,78
1938819328,79
2387207425,79
1938819330,79
1938819331,79
2387207426,79
8336028513,79
8336028514,79
25161351,79
1938819336,79
1938819335,79
1311962122,79
25161352,79
2387194123,79
8336028515,79
2387194126,79
2387194127,79
8336028516,79
2387194128,79
2387194131,79
2387194133,79
25161366,79
2387207421,79
2387212189,79
1311962016,79
1401926435,79
2387194148,79
2387194149,79
2387194150,79
1782728999,79
9021498664,79
1360122924,79
2387194156,79
2387194157,79
6739026230,79
1678155318,79
1938819325,79
1782725824,79
2387209415,79
9021504714,79
9021504715,79
7836155869,79
9781190365,79
18468958,79
8336028511,79
8336028512,79
18468961,79
6369390690,79
6369390691,79
6369390692,79
6369390693,79
6369390694,79
6369390695,79
6369390696,79
6369390697,79
6369390698,79
6369390699,79
6369390700,79
6369390701,79
6369390702,79
1938819317,79
6369401334,79
1938819319,79
1938819320,79
2387207417,79
2387207418,79
9024139132,79
9024139133,79
1938819326,79
2387207423,79
18469130,80
9856119638,80
2642878568,81
2642878569,81
18469132,81
9856119637,81
21990624,82
21990625,82
20458275,82
2003007012,82
8868194757,82
4835108998,82
4835108999,82
250325411,82
3334162601,82
9710304459,82
1571298192,82
9856119632,82
8868194778,82
9710348827,82
250327100,82
9710348828,82
20458273,83
20458277,83
2490721964,83
1312188845,83
8868001103,83
8868001104,83
250549587,83
1312188692,83
2934268020,83
4618510643,83
7926563545,83
1312188731,83
1312188988,83
20460680,84
968499092,84
4246525220,84
8975833904,84
8975833905,84
6978563378,84
6978563379,84
6978563380,84
6978563382,84
6978563384,84
8975833913,84
8975833912,84
8975833915,84
6978577985,84
4682627266,84
4682627265,84
1150003147,84
1150003532,84
1759454429,84
3763407460,84
5041784423,84
5067002867,84
6978531575,84
20460687,85
25497872,85
20460688,85
6506796188,85
20965804,85
4860825518,85
9693963701,85
9693963702,85
9693963703,85
9693963704,85
9693963705,85
9693963706,85
9693963707,85
1326821564,85
9693963708,85
255860415,85
1813618497,85
435104715,85
435104717,85
5238528591,85
1326821585,85
1326821596,85
5353604061,85
25497824,85
25497828,85
4369519204,85
25497829,85
4369519219,85
25497845,85
20625793,86
6301948477,86
5976760445,86
5976760446,86
5976760447,86
9694032608,87
9694032609,87
585200775,87
20625800,87
585200818,87
9694032606,87
9694032607,87
5189042552,88
20626282,88
8675201272,88
5189042551,88
7824803490,89
7824747299,89
7824803492,89
7824747301,89
1536948646,89
7824803493,89
4085778920,89
7824747306,89
5146186589,89
7824803500,89
1536948431,89
1536948529,89
20626301,89
5146186590,89
9856119647,89
3796814729,90
20626310,90
20626311,90
1536948612,91
1536948517,91
7572522566,91
7572522534,91
20626312,91
25264998,91
7572522540,91
1536948652,91
4866475730,91
7572522547,91
4866475737,91
1536948631,91
1536948536,91
7572522585,91
1852996954,91
1572551227,91
20626315,92
7572522492,92
25505670,92
7572522513,93
20626316,93
7572522511,93
1360122886,94
1236791433,94
20955158,94
9805219991,94
9805219992,94
9805219993,94
9805219994,94
1360122917,94
4076095791,94
1609966653,94
9856119620,94
9197322310,94
9197326420,94
3519872213,94
4076095834,94
1360122845,94
1360122856,94
21685484,94
1360122861,94
1360122873,94
2398924896,95
6369329154,95
20965798,95
20965799,95
6369329160,95
20965800,95
4428887946,95
2398924843,95
25500427,95
6369329165,95
1782729295,95
1782729296,95
6369329171,95
1326821587,95
2398924853,95
2398924855,95
104319,95
2398924898,96
9781311298,96
20965801,96
7946378607,96
7946378608,96
9310682079,96
2398924893,96
2398924863,96
4369519227,97
20965805,97
20965806,97
5041945481,98
21307202,98
4661317536,99
3328228993,99
3328228994,99
3328228996,99
3328228998,99
25524297,99
5177397418,99
21392267,99
3328229004,99
1617596593,99
4663309171,99
4661317524,99
4663312695,99
4663312696,99
4663312697,99
4663312698,99
21392273,100
3972566713,100
4859246420,100
21392276,101
9856119623,101
6828927809,102
6828931875,102
1148249927,102
6828921209,102
1832227886,102
25495824,102
21392278,102
1707790105,102
6828921210,102
6828921211,102
5603454625,103
5603454626,103
6606135979,103
21392279,103
21523714,104
21523715,104
3145798533,104
4726152840,104
4726152844,104
4726152847,104
4726152848,104
3215685153,104
1312471208,104
5342236733,104
9694087358,104
9694087362,104
6465896909,104
4195103055,104
6218501713,104
6218501715,104
6218501717,104
471488469,104
6470264535,104
6470264536,104
4688513241,104
1678283238,104
1678283242,104
1678283244,104
1678283247,104
6218501746,104
7797330549,104
6218501757,104
5335233120,105
2934288514,105
250324965,105
21523718,105
5165786239,105
21523719,105
8042022825,105
5573991659,105
5573991660,105
4138224462,105
5335233113,105
1014649631,105
5009060057,105
5335233114,105
2934288509,105
5335233119,105
1617596646,106
21563503,106
1617596627,106
1617596659,106
1617596669,106
9659603285,107
21578454,107
21583366,108
4017328647,108
9756243981,108
9756243982,108
5006065039,108
1782730512,108
9756243983,108
2586616722,108
9756243986,108
9756243984,108
9756243985,108
5006065037,108
5006065038,108
3519013665,108
6863550501,108
1419565097,108
7223668011,108
7223668012,108
6863550510,108
4691514032,108
33141178,108
1148276284,108
8373690817,108
8373690818,108
5006063178,108
5006063179,108
5006063180,108
7223704403,108
4764884821,108
9756278362,108
9756278363,108
9756278364,108
7223712382,108
4331121754,109
21685481,109
21685483,109
1837610895,109
1360122929,109
25500530,109
1360122933,109
1163955034,109
4331121755,109
269547420,109
4370333648,110
21685485,110
4462683090,111
21686572,111
21686574,112
4462680070,112
1493676622,113
21990614,113
5565466183,113
1771453860,114
1711679434,114
9375170322,114
9375170323,114
9375170324,114
9375170326,114
28728187,114
21990620,114
4556931602,115
4556931604,115
21990622,115
21990627,116
475396924,116
8672066581,116
7636180239,116
8923643490,117
21990628,117
9030155750,117
9030155754,117
1719422038,117
9856119639,117
8923643489,118
21990629,118
5875062472,118
9808795604,118
9042053623,118
5565443389,118
9693628386,119
250327618,119
5565443397,119
21990630,119
250327591,119
1326821544,119
9030155755,119
9030155756,119
8868010287,119
9808795603,119
5565443390,119
21307201,120
1312264546,120
1755265415,120
21990631,120
5042033643,120
9042025325,120
21990632,121
9030155751,121
1718566880,121
25161360,122
24659764,122
7906964247,122
7906964248,122
7906964249,122
7906964250,122
7906964251,122
24659907,123
24659947,123
24949780,123
1311961990,123
9693920801,124
9693920794,124
9693920795,124
9693920797,124
24660863,124
1312453954,125
1556260235,125
24661966,125
25544111,125
1312453966,125
1556260241,125
1312454066,125
25544112,125
1312454100,125
24662037,125
1312453915,125
24950048,126
5095547180,126
5095547184,126
24950005,126
24950013,126
2389802904,127
24950050,127
2389802901,127
2279592862,127
24950064,128
5218844445,128
5218844446,128
5227220848,129
24950065,129
5227220845,129
8869435257,130
8869435266,130
7567588716,130
24950093,130
8807429664,131
2387226304,131
2387226307,131
2387226309,131
2387226311,131
2387226313,131
9691082671,131
24950097,131
9024139130,131
1951616327,132
8807431559,132
5095547321,132
24950102,132
24950105,132
25248113,133
25248114,133
24950107,133
9030155654,133
9693920802,134
9693920803,134
24950110,134
24950111,134
24950112,135
25248126,135
9856119649,136
5141216754,136
24950115,136
25161363,136
1721678995,137
316763501,137
24950117,137
24951853,138
4922952373,138
9693760971,139
24951854,139
5046314041,139
5046314042,139
5046314043,139
25632860,139
24952195,140
2528522503,140
2528522507,140
2528522518,140
1556324759,140
2528522528,140
6985465124,140
6985465125,140
6985465129,140
6985465130,140
2528522542,140
6985465145,140
1556324793,140
9694091972,140
9694091973,140
1556324683,140
1556324684,140
25278669,140
25278670,140
3385387604,140
3385387605,140
3385387606,140
3385387607,140
4117882851,140
4117882852,140
4117882856,140
4117882857,140
4117882860,140
24952267,141
6166157035,141
25066338,142
25066412,142
8807429665,143
5090420610,143
3517985666,143
5090420964,143
25161348,143
5090420614,143
5090420940,143
25066419,143
9024139131,143
8807429660,143
5090420958,143
5090420959,143
25066450,144
1717650794,144
25066451,144
25066453,144
5047029678,145
25066461,145
25066462,145
25066684,146
1536948581,146
1852997088,147
25066784,147
25066694,147
25066696,147
25161353,147
4866591373,147
4866591374,147
4866591375,147
4866591376,147
3816097105,147
3233714196,147
3233714198,147
9856119645,147
3233714192,148
3233714193,148
3233714194,148
3233714195,148
3233714197,148
25067068,148
25067264,149
25067265,149
2566132609,149
1569382119,149
1569382170,149
1569382174,149
2504822145,150
25067266,150
25067267,150
1852996996,150
2504822137,150
2504822139,150
6509584414,150
25067304,151
2566132610,151
2566132611,151
9753609738,152
9753609739,152
9753609740,152
9753609741,152
9753609742,152
9753609743,152
9753609744,152
9753609745,152
9680972178,152
9680972177,152
9680972185,152
25161373,152
7824747295,152
7824747298,152
7824747300,152
7824747302,152
7824747303,152
7824747304,152
7824747305,152
25067307,152
7824747308,152
7824747307,152
6967585841,152
6967585842,152
1827389620,152
1782727992,152
700774224,152
950703625,153
950703626,153
5146186489,153
25067326,153
1726783391,153
25067395,154
25067396,154
25067397,154
5146186470,154
5146186463,154
9856119646,155
25067427,155
25067398,155
1951616322,156
5104314275,156
25067461,156
25067463,156
25067469,156
25067470,156
5104314255,156
5104314256,156
5104314384,156
25067473,156
25067476,156
1186508405,156
5104314353,157
25067727,157
1569343756,157
25067479,157
25067636,158
1569343909,158
25067558,158
25067728,159
5104314096,159
5104314098,159
5104314325,159
25067670,159
1569343576,159
1569312412,160
25067933,160
25067871,160
1569343523,161
5141216745,161
25067883,161
5141216790,161
1569216650,162
25067914,162
25067920,162
7911231380,162
1722621718,162
7911231384,162
1569216123,162
25161375,162
5141228834,162
1569216316,162
4085783105,162
1569216326,162
6446292570,162
1951616226,162
5141216740,162
5141216741,162
7911267687,162
7911267688,162
7911267690,162
7911267692,162
7911267694,162
7911267695,162
7911267696,162
9659831673,162
9659831674,162
9659831675,162
25265023,162
25067936,163
5141216746,163
5141216782,163
25067935,163
25071090,164
25071131,164
25151180,165
1832129958,165
25161345,166
1771426172,166
7836164765,166
5087519104,167
25161347,167
5090420965,167
5247857728,168
9691101411,168
9691101412,168
25161357,168
2387194158,168
5141877019,168
1569343577,169
25161362,169
9856119651,169
9042026424,170
25161371,170
9856119636,170
6032044867,171
6032044868,171
25161380,171
25161381,171
25161383,171
8318797236,172
25248117,172
7636163631,172
25248120,173
4688513218,173
3816097108,173
25248125,174
1211381855,174
4077579334,175
7911267686,175
1727515754,175
7911267693,175
473258639,175
25265075,175
25265078,175
763372886,175
1938819329,176
25504129,176
1938819340,176
4383369519,176
4383369553,176
25470781,176
25470784,177
4379801334,177
25470783,177
25471736,178
25503860,178
7271474849,179
321255907,179
25472324,179
4675821925,180
4675821932,180
762080111,180
4675821944,180
25472379,180
25472545,181
25472566,181
1882379274,182
1882379248,182
1882379285,182
4425001783,182
25472760,182
25472763,182
3247578846,182
4823246341,183
4425001781,183
4425001782,183
25472767,183
7447716112,184
25472789,184
9161061774,184
25472800,185
4571194090,185
4571194091,185
1954751920,185
2036125650,185
2940401398,185
6014339453,185
1684835105,186
1684835107,186
3739048019,186
3739048020,186
3739048021,186
25472885,186
25472890,187
4675822095,187
1311962080,188
9042129985,188
1311961868,188
25473199,188
25473200,188
6871422362,188
25473203,189
5067002855,189
9042129986,190
1401893666,190
1215563885,190
25473204,190
25473205,190
1215563897,190
6871422364,190
1759454078,190
1759454118,191
1759454122,191
25473206,191
25473207,191
1759454104,191
1366095190,191
1759454106,191
5041784634,191
6871422365,191
9683585635,192
4085387943,192
4085387945,192
7246486955,192
4136124524,192
4136124526,192
4078858000,192
4078858001,192
585127354,192
585148380,192
6265654109,192
25473279,192
869968536,193
25473281,193
5905807278,194
8579276917,194
9694104278,194
25474015,194
697037343,194
9694091974,195
9694091975,195
9694091976,195
9694091977,195
9694091978,195
6149398571,195
9694091981,195
25475053,195
9694091983,195
9694091982,195
1312471255,195
1312471228,195
25475072,196
9135848925,196
9690769059,196
7236131864,196
277337783,196
585180151,196
7236131865,196
6332695637,196
6332695638,196
9135848919,196
9135848920,196
9135848921,196
9135848922,196
9135848923,196
9135848924,196
6332695639,196
7236131861,196
7236131862,196
1233350889,197
9856119626,197
9856119627,197
283061836,197
3231501611,197
1233350862,197
4166967089,197
675734610,197
675734613,197
25475419,197
675734622,197
25475561,198
9690878337,198
1312471265,199
9699953505,199
1312471202,199
25475661,199
1312471252,199
1312471223,199
4715264000,200
6014302222,200
6014302223,200
6014302226,200
6014302227,200
6014302228,200
1312932894,200
8064065316,200
4136137529,200
9690915259,200
9690915263,200
9690915264,200
9690915265,200
9690915267,200
9690915268,200
9690915271,200
9690915273,200
9690915274,200
9690915275,200
25475663,200
25475664,200
4167762778,200
4529881970,200
8429945717,200
8784000965,201
25475678,201
25475688,202
25475690,202
25499095,202
25499104,203
25475691,203
4297212128,204
4297212129,204
25475692,204
4298970368,205
4298970380,205
4298970384,205
4297243295,205
4297212194,205
4297243298,205
4158004390,205
4297212204,205
4297212084,205
25475767,205
355416911,205
4297242961,205
4297212114,205
4297243218,205
4297212119,205
355416920,205
748797145,205
25475693,205
1913216493,205
4298970364,205
9823138208,206
9823138209,206
1326821607,206
1326821594,206
25475694,206
25475695,206
25475696,206
25475697,206
4297211186,206
4297211187,206
25475698,206
435104726,206
435104728,206
355416921,206
1326821466,206
9823138206,206
6273056647,207
6273056648,207
6239229422,207
6239229423,207
435104721,207
25475699,207
1326821620,207
9693963699,207
6272993491,207
6272993492,207
25475754,208
1816777875,208
1493229962,208
4920098349,209
5931509720,209
5931509721,209
25476124,209
25476127,209
3515286914,210
3515286915,210
3515286916,210
1493676623,210
28728208,210
25477106,210
5006764037,211
5006764038,211
5006764039,211
5006764040,211
1312188689,211
1312188945,211
1312189073,211
1312188696,211
25477149,211
25477150,211
25477151,211
25477152,211
25477153,211
26067234,211
1312189091,211
1954751908,211
26067236,211
26067238,211
26067235,211
25477154,211
3320743081,211
26067239,211
25477156,211
1312188843,211
26067237,211
1312188858,211
9693935550,211
1312188735,211
9693935551,211
109760,211
1312188994,211
1312188614,211
1312188622,211
1312189013,211
1312188760,211
3892081372,211
1312319838,211
3741078112,211
7644884069,211
1312188774,211
3093894065,212
3093897988,212
25477197,212
2402557839,212
249558409,213
1042862477,213
6304787860,213
6304787861,213
3735886877,213
3858880674,213
3858880675,213
3858880676,213
3858880677,213
7815143465,213
3673602988,213
3673602993,213
25477300,213
25477301,213
5929540796,213
5925628361,213
57786953,213
9808795598,213
9808795599,213
1042862673,213
9766629717,213
25477335,213
25477339,213
9027367517,213
9027367518,213
9027340515,213
9027340516,213
2935373159,213
1042862696,213
2935373161,213
25477228,213
2935324280,213
9203578106,213
9203578107,213
25477258,214
347541973,214
28419328,215
3550836102,215
3528738439,215
3528738440,215
5257738379,215
251757452,215
5257738381,215
2934411661,215
5257738384,215
251757458,215
5257738387,215
2934411667,215
5257738389,215
5257738390,215
6280047277,215
6280047278,215
6280047280,215
5160943793,215
5160943794,215
5160943803,215
9375078973,215
5160943806,215
5160943807,215
9375078975,215
9375078974,215
1039290562,215
4144358216,215
4144358217,215
9808795600,215
9375100241,215
1039290578,215
9375100242,215
9808795602,215
1039290584,215
1039290586,215
251757533,215
1771458655,215
1771458658,215
27351282,215
27351284,215
1939632504,215
25477371,215
249679102,215
806373533,216
25477774,216
819157946,217
25477858,217
4556931603,217
3661703766,217
1938953379,218
1832052008,218
338472562,218
25495542,218
338472567,218
1832129783,218
1832227893,219
25495543,219
25495617,220
25495618,220
25495769,220
25495695,220
25495697,221
9856119622,221
25495808,222
1832227968,222
2453941147,222
343669798,222
1364169899,222
1832228016,222
1953202907,222
25495807,222
1834657467,223
25495820,223
1834657469,223
6354294763,223
4275394254,224
25495822,224
447887921,224
350437528,224
5899738713,224
5736847361,225
5736847362,225
5736847363,225
5736847364,225
25495852,225
470727776,226
749947393,226
25496100,226
749947402,226
25495854,226
25495855,226
350629203,226
269584410,226
317930380,227
4211515637,227
4211515622,227
25496775,227
1816038211,228
25496783,228
25496786,229
25496787,229
1985084135,229
2453947049,230
8787384684,230
8787384685,230
8787384686,230
4211515634,230
25496792,230
4211515644,230
4211515645,230
25496800,231
1816038233,231
323260106,231
1816038214,231
25496821,232
5060391417,232
25496820,232
321255925,232
1832129795,233
4077495820,233
4077495821,233
6407948172,233
25496847,233
25496848,233
25496849,233
25496850,233
5504212623,233
4730978978,233
4730978981,233
4730978982,233
1684437690,233
1684437692,233
1655214934,233
25497563,233
25497564,233
1655214955,233
6124650606,233
1832129778,233
4076126707,233
1832129789,233
25496857,234
4730978984,234
9161061779,234
9804471701,234
25496854,234
5948183671,234
9804471702,234
1938953399,234
25496855,234
9203537438,234
9203537439,234
9690974272,235
9690974274,235
25497222,235
4920098344,235
1312471216,235
9690974263,235
9690974264,235
9690974265,235
9690974266,235
25497603,236
9856119625,236
1547657140,236
9694104279,236
9694104280,236
1312471226,236
9804653408,237
6369329156,237
25497611,237
25497612,237
1813618227,237
1813618228,237
1813618229,237
1813618230,237
4870281309,237
9804653406,237
9693963689,238
7075087298,238
25497619,238
7075087297,238
2135411308,239
5711517565,239
5457908028,239
25499655,239
4378043682,240
25500246,240
367104392,241
5114681227,241
9024139149,241
5114681230,241
25504143,241
9024139150,241
3497483291,241
1726730162,241
1726730165,241
1678452797,241
1678452799,241
1678452802,241
1726730307,241
2387213896,241
8785457867,241
2387213902,241
2387213904,241
8336028504,241
8336028505,241
4328443355,241
25577057,241
2140421219,241
2140421220,241
2140421222,241
2140421223,241
2140421224,241
1793420652,241
25500535,241
25504144,242
7607080091,242
7607077372,242
25504145,243
25504146,243
25504148,243
1835355916,244
1793420660,244
25504149,244
1707790044,244
4232015838,244
25504770,245
367105858,245
25504755,245
367105859,246
1268892466,246
1268892467,246
25504756,246
4089226784,247
4085767970,247
9684083971,247
419350723,247
9684083975,247
9684083976,247
9684083977,247
4089236235,247
4089236236,247
419350669,247
25504760,247
6509584408,247
4962956931,248
9611081868,248
25505677,248
9691102358,248
25505561,248
9691102362,248
1828402760,248
1828402765,248
1938819282,248
1938819283,248
1938819284,248
1938819285,248
1938819286,248
25505622,248
25505624,248
25505629,248
3704225375,248
3704225376,248
3704225379,248
3704225380,248
107644,248
25505593,249
25505630,249
7572833379,250
7572833380,250
25505607,250
25505618,251
25505643,251
1828402762,251
419347200,252
419347201,252
419347202,252
419347203,252
1268900644,252
1268892338,252
1268900660,252
2919962038,252
354935735,252
2919962039,252
2919962041,252
2919962042,252
2919962043,252
2919962040,252
2919962044,252
473262779,252
2919962045,252
2919962046,252
3267461709,252
3816097102,252
5976850023,252
5976850024,252
25505648,252
3267461749,252
7610670710,252
419347194,252
419347195,252
419347196,252
419347197,252
419347198,252
419347199,252
1828402763,253
1828402764,253
2142508727,253
25505662,253
25505695,253
1852996856,254
25505685,254
1852996734,254
2343269909,255
9201323564,255
25509525,255
25532464,256
25532475,256
8807410152,256
8785024515,257
8807410150,257
8807410151,257
1556097320,257
1547013710,257
25532494,257
9856119631,257
1547013554,257
1547013589,257
1547013719,257
4826448085,258
25632678,258
5711517571,259
2632430340,259
25632774,259
275180300,259
9161061775,259
2331184927,259
2331184929,259
2331184930,259
2331184931,259
2331184932,259
2331184934,259
2331184935,259
2632464427,259
25632683,259
1723388979,259
1723388985,259
469759942,259
446765895,259
4703542482,259
4703542483,259
9808795606,259
9808795607,259
9808795608,259
6525670234,259
6525670235,259
6525670236,259
6525670237,259
6525670238,259
2135411294,259
2135411296,259
2135411297,259
6525670242,259
6525670241,259
4571940314,259
2632488435,259
3076574323,259
9804774392,259
316763590,260
1215563879,260
316763595,260
25632855,260
25632856,260
1215563903,260
6369329152,261
1215563875,261
9781311299,261
7553887498,261
9310662201,261
7553887509,261
9855343702,261
1215563894,261
25632857,261
25632858,261
1771426174,261
316763600,262
316763586,262
25632859,262
9856119643,263
3519879307,263
25632862,263
25632864,264
25632865,264
1215563890,264
244128953,264
25632863,264
5306194265,265
25634199,265
367114771,266
27458331,266
1312453919,266
2967343648,266
1312454048,266
2967343649,266
5931501991,266
27458353,266
1547013692,266
1312453950,266
1547013698,266
5342236740,266
9710359368,266
5335245256,266
3708234964,266
471488472,266
1312454114,266
471488484,266
1550763620,266
1547013743,266
367121266,266
1312454015,266
9703794688,267
9080098305,267
9080098306,267
9080098307,267
9080098308,267
1014803714,267
1014803718,267
3528738438,267
9080098312,267
9080098313,267
9080098309,267
3528738434,267
1014803721,267
3528711693,267
9080098314,267
3876429831,267
3528710290,267
2934411668,267
9030037142,267
1014803736,267
255051289,267
6995618979,267
2935392676,267
3858880678,267
3528711722,267
27459116,267
27459120,267
27459638,267
9694087360,267
28418497,267
472493763,267
9703794689,267
9703794690,267
302013776,267
3073173585,267
27459165,267
9080123618,267
9080123619,267
9080123622,267
6969936109,267
6969936112,267
1939632502,267
2914561272,267
9703794686,267
9703794687,267
9693974851,268
9703794692,268
9703794693,268
9703794691,268
9080123623,268
4054356842,268
27460210,268
5517519002,268
429346236,268
27459198,268
9694087361,269
21523716,269
27460198,269
1014649672,269
3247933387,269
27459830,269
6995618971,269
9694087359,269
28418880,270
27459905,270
1312471267,270
429346243,270
4534184516,270
742399752,270
1312471210,270
4629462859,270
429346253,270
1312471217,270
1312471197,270
1312471190,270
9693971450,270
9693971451,270
9693971452,270
28418877,270
28418879,270
27459969,271
27459970,271
5165786242,271
2934288513,271
8515091589,271
5165786245,271
2934288517,271
27459971,271
2934288518,271
2934288523,271
2934288530,271
1043001378,271
3906588452,271
4430996033,271
1043001410,271
3247933381,271
1043001422,271
1043001423,271
27459945,271
27459951,271
27459959,271
6218501753,271
27459966,271
27460250,272
7487734942,272
4054356847,272
2969439040,273
1233350848,273
2612458246,273
9080123624,273
9080123627,273
27460439,273
5904585328,273
377490677,273
2872699894,273
3220254039,273
1042862785,274
7911297478,274
302013672,274
302013674,274
302013675,274
7815533548,274
7815533546,274
6345441358,274
7911297487,274
3486459762,274
3486459764,274
3486459765,274
249558966,274
347539416,274
27480956,274
3486459766,275
3735889430,275
7815143581,275
347542743,275
27480957,275
27480960,276
27480961,276
9678821156,276
9678821159,276
9678821160,276
9678821161,276
3486459769,276
28193265,277
3170676207,277
3892081378,278
4344245894,278
1014803686,278
7817162929,278
1014803702,278
1014803704,278
3894948093,278
28418138,278
3894948091,278
3892081373,278
2140124996,279
249679365,279
7797338599,279
7797338600,279
1014803691,279
302013681,279
4244498866,279
302013682,279
28418141,279
28418144,280
4344245892,280
4344245893,280
9693910743,280
3984132034,281
3984132035,281
3984132037,281
302013708,281
4422013486,281
28418929,281
4244498867,281
4244498868,281
28728210,282
7191329811,282
1755708646,283
1755708647,283
1755708648,283
1758552521,283
1758552522,283
2990664881,283
28800660,283
973128725,283
9693929369,283
1311961985,284
1401908258,284
28800661,284
28800662,284
1311962043,284
250550174,284
1755708737,285
1755708738,285
1755708739,285
9693903657,285
28800664,285
1755708730,285
1755708732,285
5565443391,285
2990651920,286
2990651921,286
28800666,286
5041945508,286
1755265444,287
5041945479,287
250550024,287
250550023,287
2990721389,287
8869464398,287
1755265428,287
1755265432,287
1343823418,287
28800670,287
5046314073,288
5046314090,288
28800671,288
28800672,289
9856119642,289
8869435290,289
5247852872,290
316763513,290
5046314091,290
5046314092,290
316763500,290
28800689,290
5224630617,290
9693730842,290
5046314077,290
5046005758,290
1312454068,291
9694087365,291
30056255,291
3847023131,292
30056310,292
1547392865,293
5580861156,293
707377287,293
30056330,293
1547393045,293
1238259337,294
4530011788,294
6261920913,294
4530012690,294
6261920915,294
4530012691,294
4530012692,294
4530012694,294
4530012695,294
4530012696,294
4530012700,294
4530012701,294
3499567135,294
4530012704,294
1771453217,294
1771453218,294
7805198627,294
4729385030,294
4729385031,294
9808795596,294
59526352,294
1731225566,294
1150003423,294
249470452,294
3741131608,295
149431715,295
347335859,296
8868010205,296
213668839,296
250549699,297
250549700,297
8868010279,297
8868010280,297
8868010281,297
8868010218,297
213668842,297
213668844,297
8868010221,297
8868010202,297
1685272862,297
1719422032,298
213670986,298
7900221088,299
249560091,299
9021491075,299
7900221087,299
4116809027,300
4116809028,300
249679343,300
250325410,301
3787645606,301
3787645607,301
3787645608,301
3787645609,301
3787645610,301
5492419692,301
250326914,302
1401416208,302
8868010162,302
250327159,302
8868010171,302
250327037,303
1310663631,303
9693628387,304
9693628388,304
347335878,304
2642612586,304
250327576,304
7151566952,305
250327660,305
338319877,305
1312188704,306
1312189057,306
354886082,306
1312188741,306
250549670,306
1312189098,306
1312188722,306
1312188883,306
1312188660,306
1312188694,306
1312188824,306
1312188955,306
1312188797,306
251892353,307
251892475,307
5925626141,307
5925626142,307
3930921860,308
3708234957,308
4230027057,308
251892564,308
843376599,308
4378043667,309
269547419,309
4378043661,309
4378043662,309
9051462722,310
6855696495,310
6855696498,310
627985397,310
275179893,310
275179767,310
6855696504,310
283062189,311
690295047,311
6855696497,312
6855696500,312
2112030869,312
6855696502,312
6855696503,312
2112030873,312
291951643,312
4823243100,312
302013673,313
302013676,313
316763545,314
5046005745,314
5046005743,314
316763559,315
316763561,315
2990806411,315
2990806413,315
1758554286,315
2990806415,315
2990806416,315
9041828942,315
1759454163,315
2990780037,316
4246525223,316
2990780039,316
2990806410,316
316763563,316
1758554289,316
1758554291,316
968499093,316
1758554294,316
8975833914,316
316763584,317
5046627553,317
1215563891,317
5046627645,317
6108171363,318
8975700260,318
343669791,318
7815143559,319
347541965,319
7911297463,319
1145174402,320
4571241384,320
9820538031,320
355416887,320
355416890,320
355416892,320
3257317059,320
9820537936,320
9820537937,320
9820537940,320
9820537941,320
9820537942,320
9820537943,320
9820537944,320
9820537946,320
1165343843,320
4729480806,320
4729480807,320
4729480808,320
4571244658,320
4571244659,320
4571244663,320
1312932832,321
6110164641,321
7644741346,321
9703827555,321
7644741345,321
6110164647,321
377490664,321
9690975243,321
9080123628,321
9690975244,321
1312932879,321
1312932849,321
3987750677,321
4534184507,321
4210859292,321
1233350847,321
9693971465,322
4230595026,322
377494060,322
27331469,322
473264641,323
390341443,323
4627445258,323
4627445259,323
4627445260,323
4627445240,323
4627445241,323
429346241,324
9703794694,324
9703794695,324
9703794696,324
9703794697,324
9693971464,324
4223357836,324
3987750679,324
9693971448,325
429346251,325
435104736,326
435104732,326
435104735,326
1723340842,327
435104742,327
7918978033,328
438170475,328
1547013711,329
471488499,329
4847781268,329
1493722803,329
1550763764,329
473219610,330
8814668141,330
5104314222,330
25161386,331
473258827,331
3644748773,331
473264457,332
1268903266,332
585129712,333
1312471258,333
1561411396,334
585201189,334
8579276918,334
4462680068,335
7840712839,335
4462680078,335
1360122901,335
595709975,335
5573994014,335
5573994016,335
5573994017,335
5573994019,335
5603454628,335
5603454627,335
1360122919,335
1360122925,335
1938953395,335
1360122937,335
6329690691,335
8975645638,335
8975645640,335
8975645641,335
4512763348,335
1360122841,335
5460658138,335
1360122860,335
5839156209,335
1360122866,335
1360122871,335
8869472240,336
632438506,336
20460684,336
4992781175,336
3068267824,337
670103313,337
680069483,338
680069471,338
690295042,339
9690878341,339
5122737222,339
9690878343,339
4715264001,340
4715264002,340
4715264004,340
722208263,340
4715263992,340
4136137530,340
819132568,341
748941508,341
1684781470,341
748941552,342
748941546,342
4195111363,342
4195111355,343
748941556,343
4661317153,344
4661317155,344
1617647919,344
761831000,344
761830938,344
1617647901,344
761831039,344
763372884,345
7911243861,345
2496836226,346
2496836231,346
1255490314,346
1150003513,346
806373565,346
811035012,347
5905897286,347
6446218921,347
6446218922,347
1556097034,347
1556097387,347
1556097139,347
1556097111,347
1556097271,347
1556097147,347
1556097215,347
875789647,348
25473201,348
1311961947,348
1311962012,348
1311962111,348
914822496,349
914822508,349
5927671121,349
5927671156,349
9030155767,349
1755708768,350
1758552678,350
1758552682,350
2990717003,350
1759454351,350
973128722,350
1755708765,350
1755708766,350
1125619075,351
2632488445,351
7223326412,352
4835108997,352
1144619335,352
1150003155,353
9808795611,353
1150003224,354
1150003170,354
1150003270,355
1684835245,355
1309067472,355
1493658224,355
1685281076,355
1150003472,356
25473202,356
9042129984,356
9042129983,356
1150003480,357
1150003547,357
5565487612,357
4682627264,358
1150003571,358
256766533,358
6978563381,358
8336028507,359
5006978853,359
9024139145,359
9024139146,359
9024139147,359
9024139148,359
2387213899,359
1707790062,359
3518967818,359
1678452796,359
1163954964,359
1678452795,359
8336028508,359
1268892541,359
8429225386,360
8429706219,360
6110191186,360
8429774517,360
4167762777,360
4167762779,360
3855607516,360
1237883773,360
1238249904,361
7900221108,361
1736734053,361
2140125056,361
1312188679,362
1280491924,362
1280491926,362
2402557599,362
2387232555,362
2387232556,362
2387232557,362
2387232559,362
2387232561,362
2387232563,362
3741117630,362
1722268367,362
9856119633,362
1722268381,362
1722268384,362
1722268388,362
5492419693,362
5565455857,362
5565455858,362
8236052983,362
8236052987,362
8236052988,362
8236052990,362
8236052991,362
2624005734,363
4807521484,363
1309067471,363
3741131600,363
7636278193,363
4826555772,363
9030155763,363
7636244312,363
7636278195,363
7636278196,363
7636278198,363
1723315608,363
7636244313,363
7636244314,363
9042037852,363
9781190369,364
1312188821,364
3499500263,364
1547013760,365
1547013601,365
8785024514,365
1312453936,365
1312453879,365
3272782433,366
1312454087,366
25532332,366
1312453996,366
3272712566,366
25496910,367
1312471189,367
9690974262,367
9690974275,368
9690974276,368
9690974277,368
9690974278,368
4920098342,368
4920098343,368
6266867113,368
6266867112,368
6266867114,368
6266867111,368
9699944538,368
1312471196,368
1319881922,369
4730978979,369
1319881924,369
4730978983,369
25496851,369
256766531,370
3739049348,370
1326821480,370
2387242385,370
4826555770,370
1353133536,371
4643336966,371
4643336968,371
4643336979,371
1353133533,371
1547013592,372
1547013588,372
1547013724,372
1547013574,372
1547013621,373
1547013694,373
1547013567,373
4402629177,374
4402594986,374
1547013655,374
8807410149,375
1547013672,375
1547013705,375
9856119630,375
1547013688,375
1547013699,376
1550763732,376
1547013704,377
1547013653,377
9694096799,377
8579233861,378
8579233862,378
6600283121,378
4619022514,378
1547013754,378
3830043581,378
1547393025,379
1547392771,379
1547392848,379
1547392818,379
1547392914,379
1547392951,379
1547392728,379
1547392764,379
1547392894,379
1547392927,379
6218468163,380
1550763749,380
9704122321,380
4847781269,380
1550763708,380
1556097153,381
1556097448,381
1556097227,381
5905896973,381
1556097166,381
1556097177,381
1556097178,381
1556097051,381
1556097185,382
1556097368,382
24952196,382
1951372935,382
4085404136,382
1556097321,382
1556097098,382
1556097163,382
4777897927,382
4777897928,382
1556097137,382
4018000435,382
1951372915,382
1556097080,382
1556097118,382
1951372927,382
1556097136,383
6918421512,383
6918421504,383
6918421503,383
1556097337,384
1556097148,384
1556097217,385
1951372930,385
1556097092,385
4085404135,385
1561071656,385
1556097353,385
1561071655,385
1561071632,385
1556097431,385
1556097306,385
1556097245,386
5189042550,386
1951372909,386
5976760443,387
1556324659,387
1571298195,388
20458276,388
1571298141,388
1590088452,389
1561071644,389
9805219990,390
1596648671,390
1599652497,391
5504771250,391
1599652492,391
4697288390,392
5146127859,392
367102039,392
1617596505,392
4696545402,392
25473048,393
4665353645,393
8373728533,393
1617596591,393
1617596616,394
1617596615,394
1617647898,395
1617647900,395
8373728532,395
1617647903,395
1617647928,396
1617647931,396
1617647924,396
1617647944,397
8373728530,397
25475332,397
9684083978,398
3267461759,398
3876713343,398
1678452760,398
1678452770,398
4085767971,398
4085767974,398
4085767978,398
4938216619,398
4085767980,398
4085767983,398
367091632,398
4085767989,398
4085767992,398
4085767993,398
2265050050,398
1828402758,398
1828402759,398
2620105428,398
9729684314,398
3267461728,398
3267461729,398
3267461747,398
3267461756,398
1536948605,398
3267461758,398
9684083967,398
1678452786,399
3474115151,399
7610670751,399
7610670876,400
1678452788,400
1678452789,400
7610670826,401
7610670830,401
7610670771,401
1678452790,401
7610670780,401
7610670781,401
7610670906,402
1678452791,402
1678452793,403
7607077361,403
1684835042,404
1684835138,404
1684835110,404
8868809321,404
1684835019,404
6014333809,404
1684835121,404
1684835093,404
1684835030,404
1684835062,404
1684835097,404
1707790024,405
4658088777,405
1707790055,406
1707790057,406
4650375309,406
1707790063,406
1707790064,406
4650375508,406
6327615074,407
6327615075,407
6327615076,407
4658088585,407
4650375504,407
1707790067,407
4658088539,407
1955520890,407
3972566715,407
3197333544,408
7191329809,408
1711679380,408
250549835,409
1718566997,409
1718567007,409
9804685199,410
9804685200,410
9804685201,410
9804685202,410
1723388986,410
7620895974,411
25161384,411
1727515734,411
110274,412
6369329155,412
6369329159,412
4076095242,412
25497613,412
6369329170,412
4076095253,412
1813618231,412
1813618232,412
1813618234,412
3320947996,412
4076095262,412
5014591889,413
1816038239,413
1816038199,413
1816038224,414
1816038237,414
4158000323,415
1816959492,415
1832248440,416
2576893628,416
3704225378,417
4085778923,417
1938819279,417
9684101713,417
4085778934,417
4143767990,417
1938819280,418
9684083979,418
1678452780,418
1939632512,419
4826555773,419
7824803494,420
7824803495,420
7824803501,420
4166634957,420
9072449309,420
1951372959,420
1953096696,421
2632476618,421
7796554012,421
2632476590,421
1990694635,422
1990694647,422
3130435826,423
1990694638,423
2480657188,424
2135411293,424
6431923714,425
6431923715,425
5471345385,425
9693974377,425
308837357,425
2146369238,425
9161061783,425
9846850972,425
9846850973,425
9846850974,425
2146369240,426
5468301601,426
10607626,426
9694087363,427
9694087364,427
3816097109,427
3816097110,427
4430996023,427
2203268985,427
6332545601,428
9030284967,428
3093894066,428
2254629351,428
3265436260,429
2341656968,429
4697287178,429
1828408303,429
8620082704,429
4696568114,429
4696544885,429
6327557047,429
6327557048,429
4166662878,429
6868293535,429
4749090120,430
2402557597,430
3093897991,430
6110164660,431
6110164659,431
2612458244,431
9690975245,431
2632486641,432
3586606039,432
2632486645,432
2632486646,432
3586606038,432
2665239972,433
6509684093,433
2665239976,434
2665239973,434
2665239975,434
2665239977,435
2665239978,435
9684083981,435
9804685203,436
9804685204,436
2755124949,436
9804685206,436
9804685205,436
2872704413,437
3706494694,437
2914561217,438
5924603457,438
5924603458,438
5924603460,438
5924603459,438
5924611312,438
5924603444,438
5924603445,438
5924603446,438
5924603447,438
5924603449,438
8500636794,438
5924603452,438
5924603453,438
5924603454,438
5924603455,438
2935324281,439
288193455,439
4992781181,440
2990721391,440
3197339674,441
3197339676,441
3247825561,442
3247825562,442
3741131606,442
3272782432,443
1547013738,443
3272782429,443
3272782446,443
3644748769,444
3519288132,444
4430996024,445
4155841820,445
3632581622,445
9693628389,446
3741117629,446
9693628390,446
5788363874,447
4208239651,447
4208239642,447
9201323561,447
4462680076,447
5374181585,447
3972566714,447
5899711453,447
5899711454,447
4077495872,448
4530195657,448
4077495883,448
4077495854,448
4077495855,448
4077495951,448
4077495858,448
4077495957,448
4077495862,448
4077495964,448
4166662881,449
8620105277,449
8675201264,450
7911282822,450
1556097326,450
4169714270,450
8026335686,451
4174200046,451
5609643672,452
4197055203,452
5609643675,452
4316306163,453
4316306164,453
1137777341,453
5342251136,454
4329502449,454
5177397824,455
8755805313,455
4367041960,455
4367041962,455
9691076056,455
4370333637,456
4370333638,456
4370333643,456
4370333627,456
4370333629,456
4401149224,457
5927671120,457
4401149225,458
5927671155,458
4401149228,458
7636278191,459
7636278194,459
4401149234,459
7636278197,459
7636278201,459
4826555771,459
4879371168,460
4879371165,460
4421008566,460
4429088632,461
25496785,461
8972511965,461
5265830862,461
4665352264,462
4665352262,462
4675822097,463
4675822100,463
4682627259,464
6978555518,464
6978563383,464
4697525032,465
26374229,465
4697525030,465
8497605091,466
4777885221,466
9135848928,467
4777885222,467
1707790074,468
4822267107,468
4826555768,469
25632870,469
4859246419,470
2140506294,470
4864083784,471
6218501740,471
4866475736,472
4866475731,472
4866475733,472
4942595236,473
9781435149,473
5141876996,474
5141877239,474
5177352922,475
5177352923,475
5177352932,475
5177352933,475
5198585557,476
5198585559,476
9733914457,477
5253290694,477
25496750,478
5265840063,478
5609643673,479
5609643674,479
6280047275,480
5160943798,480
1366095187,481
6369329172,481
9024139129,482
6369361794,482
6369361795,482
6369361789,482
4077495826,483
6407948171,483
9201323322,484
6606148797,484
6606148798,484
6696695781,485
6696695783,485
6645346885,486
6711365597,486
6967585840,487
7824747297,487
302013777,488
6969936105,488
6969936106,488
6978555522,489
4682627263,489
9693963696,490
9693963697,490
9693963698,490
7075087299,490
7572833353,491
7572833350,491
7636278200,492
7636278199,492
7911282827,493
4169714271,493
7620895976,494
7926686249,494
1587330970,495
8783914189,495
8604055550,495
8784212017,496
4826555767,496
8869040027,497
8869040028,497
9042041320,498
9042041321,498
28800667,498
9375170320,499
9375170321,499
9375170325,499
9691082176,500
4872502280,500
