node_id,cluster_id
3644748769,0
6866516260,0
3519288132,0
2453947051,0
4211515660,0
8787384683,0
1832666032,0
1637578546,0
8787692633,0
8787692634,0
104315,0
6431923714,1
6431923715,1
1816959492,1
4077495820,1
4077495821,1
4077495826,1
1810130458,1
9203537438,1
9203537439,1
4077495854,1
4077495855,1
4077495858,1
4077495862,1
4077495867,1
4077495872,1
4077495883,1
6124650606,1
1236791408,1
5948183671,1
4077495951,1
5504212623,1
9805219989,1
4077495957,1
25509527,1
4077495964,1
25509533,1
25509534,1
4730978978,1
1236791459,1
4942595236,1
4730978981,1
4730978982,1
4730978979,1
4730978983,1
4077495971,1
4730978984,1
1938953399,1
1684437690,1
1684437692,1
1319881922,1
4158000323,1
1319881924,1
4530195657,1
2146369238,1
1596648673,1
5471345385,1
4076126448,1
1832129778,1
109815,1
109816,1
1832129789,1
1236791552,1
1832129795,1
4076126468,1
9781435148,1
9781435149,1
25496847,1
25496848,1
25496849,1
25496850,1
25496851,1
1832129813,1
25496854,1
25496855,1
25496857,1
338474269,1
1832129823,1
1832129831,1
9781311295,1
9856119617,1
7946372933,1
7946372934,1
7946372935,1
7946372936,1
7946372937,1
7946372938,1
7946372939,1
7946372940,1
7946372941,1
7946372942,1
5516594509,1
1655214934,1
109409,1
9693974377,1
1655214955,1
104318,1
6407948171,1
6407948172,1
9161061778,1
9161061779,1
9804471701,1
9804471702,1
9161061783,1
9846850972,1
9846850973,1
9846850974,1
9197589454,1
9197589455,1
9197589457,1
25497563,1
25497564,1
25497566,1
3644748768,1
308837357,1
3817308659,1
3817308660,1
4076126707,1
1360122879,1
6369329152,2
6369329153,2
6369329154,2
1236791297,2
9754527745,2
9754527744,2
6369329160,2
6369329161,2
6369329162,2
6369329163,2
6369329164,2
6369329165,2
6369329166,2
6369329167,2
3518967818,2
6369329169,2
3233714192,2
6369329171,2
3233714194,2
3233714197,2
3233714193,2
3233714195,2
3233714198,2
3233714196,2
1678452753,2
6509584408,2
1678452760,2
20955164,2
2293833760,2
1678452770,2
2293833763,2
6863550501,2
1726730281,2
1419565097,2
2398924843,2
1678452780,2
2398924845,2
6863550510,2
1236791344,2
1678452788,2
2398924853,2
1678452789,2
2398924855,2
1678452791,2
1678452793,2
1678452795,2
1678452796,2
1678452797,2
2398924863,2
1678452799,2
1726730303,2
1678452802,2
1726730307,2
262078536,2
25524297,2
25632855,2
25632856,2
25632857,2
25632858,2
25632859,2
1726730329,2
2398924893,2
25632862,2
4870281310,2
1215563870,2
2398924896,2
2398924898,2
1215563875,2
18468962,2
18468958,2
1215563878,2
1215563879,2
18468966,2
1215563881,2
6369390691,2
6369390698,2
6369390692,2
6369390696,2
6369390701,2
6369390700,2
6369390697,2
6369390699,2
6369390702,2
1215563891,2
1726730354,2
21563508,2
1215563894,2
1215563895,2
25503862,2
32921720,2
1215563903,2
5342251136,2
18468961,2
373364868,2
373364870,2
25503880,2
373364874,2
3519879307,2
7617755275,2
3965024397,2
373364878,2
3965024398,2
3965024399,2
7617755274,2
25503885,2
9611081868,2
4650375309,2
25495698,2
419350669,2
4156336279,2
8785567902,2
1617596627,2
367100073,2
5177397418,2
5177397419,2
5177397420,2
3656358065,2
1617596593,2
1236791478,2
2140506294,2
368044217,2
2215139515,2
490946748,2
4650375357,2
1617596606,2
419350723,2
1617596615,2
1617596616,2
1782712524,2
1617596621,2
1938819279,2
367077584,2
1938819280,2
1236791506,2
1326821587,2
1938819284,2
1938819285,2
1938819286,2
1938819283,2
1938819288,2
1938819289,2
1938819290,2
1938819282,2
1938819292,2
1938819293,2
1938819294,2
472346838,2
1938819296,2
1938819299,2
1938819301,2
1617596646,2
1938819302,2
1938819304,2
1938819306,2
4650375402,2
1938819313,2
1617596659,2
1938819316,2
1938819317,2
1938819319,2
1938819320,2
1938819325,2
1938819326,2
1617596669,2
1938819328,2
1938819329,2
1938819330,2
1938819331,2
1236791555,2
25475331,2
25475332,2
1938819335,2
1938819336,2
8263166217,2
8263166218,2
2387194123,2
8263166219,2
1938819340,2
2387194126,2
2387194127,2
2387194128,2
1938819344,2
1617596686,2
2387194131,2
2387194133,2
1828402759,2
4072476959,2
4072476960,2
1617596704,2
2387194148,2
2387194149,2
2387194150,2
1782728999,2
1617596711,2
1617596714,2
2387194156,2
2387194157,2
4383369519,2
6739026230,2
4663312695,2
4663312696,2
4663312697,2
4663312698,2
7183962432,2
2140432704,2
108864,2
108867,2
1617647944,2
1617647945,2
4650375504,2
3497472337,2
2140420434,2
4383369553,2
237908,2
4650375508,2
237911,2
1536948581,2
1081508200,2
3319978344,2
1955520879,2
1771426165,2
25470783,2
1955520887,2
1955520890,2
4401156476,2
1536948605,2
1771426174,2
5207476606,2
5207476607,2
5207476609,2
5207476610,2
5207476611,2
25504129,2
5207476613,2
5207476615,2
367104392,2
5207476617,2
5207476619,2
1536948622,2
25504143,2
25504144,2
21563791,2
10572178,2
10572179,2
10572180,2
367106464,2
20965794,2
20965796,2
20965797,2
20965798,2
20965799,2
20965800,2
20965801,2
4729448869,2
20965803,2
4729448871,2
268124583,2
4143767990,2
33141178,2
747893184,2
8373690817,2
8373690818,2
8373690819,2
8373690820,2
473266627,2
8373690824,2
8373690825,2
8373690826,2
8373690827,2
8373690828,2
8373690829,2
8373690830,2
8373690831,2
8373690832,2
8373690833,2
8373690834,2
8373690835,2
8373690836,2
8373690837,2
8373690838,2
8373690839,2
8373690840,2
8373690841,2
8373690842,2
8373690843,2
8373690844,2
8373690845,2
8373690846,2
864817628,2
8785568228,2
7223728617,2
4085778923,2
321255919,2
7607077361,2
6369401334,2
4085778934,2
21563479,2
7607077372,2
8785484288,2
21563481,2
473264641,2
4017328647,2
25503851,2
4689775124,2
470729237,2
4689775126,2
8785484312,2
8785484313,2
8785484314,2
8785484315,2
8785484316,2
268124704,2
21563489,2
5475684917,2
5177397821,2
5177397822,2
5177397823,2
5177397824,2
5177397825,2
3267461696,2
5177397827,2
5177397828,2
5177397829,2
5177397830,2
3267461703,2
5177397832,2
5177397835,2
3474115148,2
3267461709,2
441958990,2
1782729295,2
441958992,2
1782729296,2
6840965712,2
9684101713,2
3267461710,2
3696548438,2
3267461721,2
4658088539,2
9024076384,2
9024076385,2
3267461729,2
3267461728,2
3267461737,2
5736692334,2
21563503,2
3267461742,2
3267461747,2
3267461749,2
3267461752,2
3267461756,2
3267461758,2
3267461759,2
7223712382,2
4658088585,2
2294047369,2
4866591373,2
4866591374,2
4866591375,2
4866591376,2
18395811,2
4922952362,2
4691514032,2
1268892338,2
4530270906,2
473262779,2
4530270908,2
25471681,2
4530270913,2
8785457867,2
2241962700,2
2620105428,2
3519005409,2
1311961826,2
1020211942,2
4691460851,2
25471732,2
25471733,2
25471734,2
419347194,2
419347195,2
419347196,2
419347197,2
419347198,2
419347199,2
419347200,2
419347201,2
419347202,2
419347203,2
25500427,2
4089236235,2
4089236236,2
4085767992,2
1163954964,2
4085767993,2
8807441176,2
5207477021,2
3519013665,2
1401926435,2
1268900644,2
5006063178,2
5973627687,2
25503841,2
5006063179,2
1268892466,2
1268892467,2
1268900660,2
1311961910,2
4627491642,2
4627491643,2
25503845,2
390341443,2
9856119621,2
4643337035,2
25503848,2
7223704403,2
8336028504,2
8336028505,2
9729684314,2
9856119643,2
8336028508,2
8336028509,2
8336028510,2
8336028507,2
8336028511,2
8336028512,2
8336028513,2
8336028515,2
8336028516,2
25500517,2
9856119645,2
8336028514,2
6369390690,2
4663309171,2
25500535,2
4860803960,2
4860803961,2
1649365881,2
6369390693,2
1268892541,2
3876713343,2
6369390694,2
1311961991,2
6369390695,2
21392267,2
6369361795,2
21392272,2
21392273,2
2586616722,2
4378043283,2
1311962013,2
1311962016,2
4240028580,2
354935735,2
1163955130,2
8620272571,2
2265050050,2
5177410511,2
455705562,2
269589467,2
9310682079,2
1311962082,2
8373623781,2
3644748774,2
25066470,2
2360685543,2
1311962089,2
8373752817,2
25504755,2
25504756,2
2012969971,2
25504760,2
25504763,2
9781311296,2
9781311297,2
25504769,2
25504770,2
9756243981,2
3265436678,2
9756243982,2
3265436680,2
25504777,2
1311962122,2
25504779,2
9756243983,2
3265436686,2
3265436688,2
9756243984,2
1311962130,2
3518995475,2
3265436692,2
9756243985,2
3265436695,2
3497483291,2
9756243986,2
7926506525,2
7926506526,2
7926506527,2
7926506529,2
7926506530,2
7926506531,2
7926506532,2
9754453026,2
9754453027,2
9754453031,2
9754453032,2
9754453033,2
9754453030,2
9754453028,2
319984684,2
1360122924,2
9754453029,2
25496622,2
24951856,2
4866653236,2
1311962169,2
1311962182,2
4150883407,2
9855343702,2
2140421219,2
2140421220,2
7572833381,2
2140421222,2
2140421223,2
2140421224,2
7572833379,2
7572833380,2
107641,2
107643,2
107644,2
107646,2
107647,2
8755805313,2
5880188045,2
5880188046,2
107667,2
107668,2
9691102358,2
8785441943,2
8785441944,2
9691102362,2
7607080091,2
1239549084,2
107684,2
107685,2
107686,2
107687,2
107688,2
1617532073,2
107690,2
4938216619,2
107692,2
107693,2
419632303,2
419632306,2
419632307,2
1617532085,2
1617532087,2
1617532088,2
1617532090,2
25066684,2
1617532092,2
1782725824,2
25066694,2
2387209415,2
25066696,2
9021504714,2
9021504715,2
1054045407,2
5046627553,2
4822267107,2
4822267109,2
2360681713,2
2387207417,2
2387207418,2
2387207420,2
2387207421,2
2387207423,2
9684083967,2
2387207425,2
2387207426,2
388455682,2
9684083971,2
9684083975,2
9684083976,2
9684083977,2
7553887498,2
9684083979,2
9684083978,2
1054045453,2
9684083981,2
9684083983,2
9684083982,2
9684083984,2
8373728530,2
9684083987,2
9684083988,2
7553887509,2
9684083992,2
9684083993,2
9684083995,2
25066784,2
9021498664,2
7223668011,2
7223668012,2
5976853817,2
2265048377,2
5046627645,2
5046447437,2
3816097102,2
3816097103,2
3816097104,2
3816097105,2
26374236,2
6951230826,2
1793420652,2
1655418222,2
7946378607,2
7946378608,2
4378043789,2
5006065038,2
5006065037,2
5006065040,2
5006065041,2
5006065039,2
5207487897,2
748885412,2
2665239973,2
2665239975,2
4367041960,2
2665239977,2
4367041962,2
2665239978,2
2665239976,2
2919962038,2
2919962039,2
2919962040,2
2919962041,2
2919962042,2
2919962043,2
2919962044,2
2919962045,2
2919962046,2
316763584,2
316763586,2
9693982149,2
316763590,2
316763595,2
2775653836,2
316763600,2
9691076056,2
1148276186,2
4328443355,2
4627445213,2
4627445215,2
1852997088,2
4627445216,2
4627445217,2
2466442731,2
4866651966,2
4627445240,2
4627445241,2
5055364608,2
373364225,2
5055364610,2
5055364611,2
373364228,2
6293128709,2
5055364612,2
5055364614,2
21583366,2
4627445257,2
4627445258,2
4627445259,2
4627445260,2
4627445261,2
8620105233,2
8620105234,2
8620105236,2
8620105240,2
4630855193,2
1810130457,2
8620105243,2
8620105244,2
8620105242,2
4089226784,2
4630855202,2
4630855203,2
4630855204,2
4630855205,2
8620105259,2
473265708,2
8620105265,2
8620105268,2
8620105269,2
1678155318,2
8620105270,2
9310662201,2
9310662202,2
25067068,2
1148276284,2
5006063170,2
5006063171,2
5006063172,2
5006063173,2
1828402758,2
5006063175,2
2387213896,2
1828402760,2
5006063176,2
2387213899,2
5006063177,2
1828402765,2
2387213902,2
1828402767,2
2387213904,2
1828402769,2
5006063186,2
1828402771,2
5006063180,2
1828402774,2
9756278362,2
9756278363,2
9756278364,2
3704225375,2
3704225376,2
25577057,2
3704225378,2
3704225379,2
3704225380,2
6327615076,2
6327615075,2
5976850023,2
5976850024,2
6327615074,2
7610670710,2
3328228993,2
3328228994,2
4962956931,2
3328228996,2
264824452,2
3328228998,2
25161351,2
25161352,2
25161353,2
3328229004,2
973158035,2
761831060,2
25161365,2
25161366,2
25161372,2
2360684188,2
8263157412,2
8263157413,2
8263157414,2
8263157415,2
8263157416,2
7271474856,2
7271474855,2
8785503917,2
8785503918,2
8785503919,2
8785503920,2
1214922421,2
3972566710,2
4077627063,2
3972566713,2
1214922426,2
3972566715,2
3972566716,2
1214922428,2
1214922429,2
1707790023,2
1707790029,2
7613626070,2
7613626073,2
9781190365,2
2775635677,2
1707790052,2
1707790055,2
4034060007,2
1707790057,2
4034060012,2
1707790062,2
1707790063,2
1707790064,2
4329502449,2
4034060017,2
1707790067,2
2265065203,2
4034060015,2
4379801334,2
2265065207,2
4034060018,2
4866623226,2
1707790074,2
1707790076,2
1707790085,2
419632906,2
8868824843,2
1707790096,2
1782730512,2
25505561,2
7610670876,2
4085767970,2
4085767971,2
5006978853,2
8868824870,2
8868824871,2
5006978855,2
5006978856,2
5006978857,2
25505673,2
7610670892,2
4085767974,2
4085767978,2
4085767983,2
4085767980,2
25505585,2
4085767989,2
4866651959,2
7926554424,2
7926554423,2
4866651962,2
7610670906,2
4866651963,2
25470781,2
7926554430,2
7926554431,2
4866651968,2
4866651969,2
9781311298,2
9781311299,2
367105859,2
367105858,2
7610670913,2
7610670919,2
25470784,2
7610670921,2
25505607,2
3267461693,2
4859246418,2
4859246419,2
4859246420,2
4764884821,2
25505622,2
25505624,2
25505629,2
7617785701,2
108391,2
7617785710,2
25505648,2
7617785713,2
7617785714,2
4530339698,2
4530339700,2
1835356021,2
4530339702,2
4530339699,2
4530339701,2
9024139129,2
8373651316,2
8373651315,2
9024139132,2
9024139133,2
6369361789,2
104319,2
104320,2
9024139134,2
6369361794,2
9024139135,2
9024139138,2
9024139136,2
9024139137,2
2466445190,2
9024139143,2
9024139144,2
4428887946,2
9024139147,2
9024139148,2
9024139145,2
9024139146,2
9024139149,2
9024139150,2
5114681227,2
5114681230,2
957122446,2
25505677,2
25505679,2
4661317524,2
1813794712,2
2387212189,2
4661317536,2
7066617760,2
367091632,2
1726730162,2
1726730165,2
4719617974,2
5880186827,2
5880186828,2
25470928,2
3813810132,2
3813810133,2
7223695323,2
7223695324,2
7836155869,2
7223709662,2
3497461727,2
7223709664,2
1725360097,2
7223695327,2
7223695326,2
7223709668,2
7223709669,2
25475182,2
9754527740,2
9754527741,2
9754527742,2
9754527743,2
104321,3
5046314042,3
9693760971,3
24951853,3
24951854,3
4922952373,3
5046314040,3
9856119641,3
268997562,3
5046314043,3
25632860,3
5046314041,3
25161345,4
104322,4
25161346,4
8869435268,4
8869435266,4
1718328198,4
1718233994,4
1721678995,4
2140227862,4
25161368,4
8869435257,4
8869435290,4
7836164763,4
7836164764,4
7836164765,4
5046005790,4
9693730842,4
28800672,4
7553887392,4
18382242,4
7553887409,4
3533830193,4
28800689,4
7553887415,4
268997560,4
1718233922,4
5247852872,4
24950093,4
25066450,4
25066451,4
25066453,4
5224630617,4
7836155866,4
9856119642,4
5046314077,4
1684511838,4
24950117,4
1718233957,4
316763545,4
5046314091,4
7567588716,4
316763501,4
316763500,4
5046005743,4
5046314092,4
5046005745,4
1717650794,4
1771426166,4
316763513,4
1771426172,4
1771426173,4
5046005758,4
8438226815,4
4167762779,5
104323,5
8429225386,5
8429706219,5
8429795032,5
295977520,5
6110191186,5
4167762777,5
8429774517,5
4167762776,5
8429795033,5
8429795034,5
8429795035,5
3855607516,5
1237883773,5
107584,6
251892754,6
251892950,6
30056310,6
3847023130,6
3847023131,6
9703794688,7
9703794689,7
9703794690,7
3876429831,7
7797731340,7
7797731341,7
7797731342,7
7797731343,7
5104314384,7
24662037,7
9694072864,7
1043001378,7
1569343523,7
25067558,7
25532464,7
2218344498,7
2218344501,7
27459638,7
2218344503,7
2218344505,7
25532475,7
2218344508,7
5342236733,7
2218344510,7
2218344511,7
2218344509,7
1043001410,7
2218344516,7
5342236740,7
2218344518,7
3073173576,7
2218344522,7
1043001422,7
1043001423,7
3073173585,7
1569343576,7
1569343577,7
1211381855,7
1771458655,7
1771458658,7
25067636,7
2934288513,7
4835108995,7
4835108996,7
2934288517,7
2934288518,7
4835108997,7
4835109000,7
4835109001,7
2961540,7
2934288523,7
5257738379,7
5257738381,7
2961549,7
5257738384,7
2934288530,7
3528710290,7
5257738387,7
5257738389,7
5257738390,7
1569216662,7
2961557,7
1312471193,7
18395288,7
25067670,7
3858880678,7
1312471208,7
5160943793,7
5160943794,7
5160943797,7
1312471222,7
5160943798,7
1566269623,7
4866807989,7
5160943803,7
9694087358,7
9694087359,7
9694087360,7
9694087361,7
9694087362,7
9694087363,7
9694087364,7
9694087365,7
4688513218,7
5160943807,7
7082240198,7
1039290562,7
4866705606,7
1312188619,7
5141625698,7
7223298253,7
7223298254,7
25067727,7
7223298252,7
25067728,7
1039290578,7
4688513237,7
1039290584,7
4688513241,7
1039290586,7
25067737,7
3153656028,7
5141625702,7
3153656030,7
9080123618,7
9080123619,7
9080123622,7
1312471271,7
6969936109,7
6969936112,7
27351282,7
27351284,7
27459830,7
1939558647,7
1939558648,7
1939558649,7
1939558650,7
25477371,7
1939558651,7
1939558646,7
1939558655,7
1939558657,7
1939558659,7
1939558660,7
1939558661,7
1939558663,7
1939558664,7
1939558666,7
1939558667,7
25067788,7
18469130,7
1569343756,7
1939558671,7
1939558672,7
1939558673,7
1939558674,7
1717643537,7
1939558677,7
1939558678,7
6463234329,7
1939558681,7
1939558684,7
5925626141,7
5925626142,7
1939558687,7
1046391070,7
3139705121,7
6985373983,7
6985373980,7
6985373982,7
6985373984,7
4866664736,7
1939558697,7
1312188714,7
1939558700,7
1939558701,7
1939558704,7
8043350325,7
9027328313,7
9027328314,7
8043350341,7
1144619335,7
8579522887,7
1782718791,7
1782718792,7
4195103055,7
8390582613,7
25067871,7
1312188768,7
27459945,7
25067883,7
27459951,7
25248112,7
25248113,7
25248114,7
25248115,7
25248117,7
25248118,7
2297373047,7
1939632504,7
1939632502,7
27459959,7
25248120,7
25248122,7
25248123,7
25248124,7
25248119,7
27459966,7
25248125,7
25248127,7
27459969,7
27459970,7
27459971,7
25248128,7
25248126,7
2902624645,7
2934411661,7
2934411667,7
2934411668,7
1312188821,7
1312264600,7
5065949596,7
25067933,7
5065949598,7
25067935,7
25067936,7
1312264610,7
2935392676,7
1569343909,7
5931501991,7
1312264618,7
5095547321,7
259252667,7
5160943806,7
28418497,7
2387220933,7
5335245256,7
6465896909,7
3644785104,7
1312188886,7
2961885,7
2961891,7
2406484452,7
2406484453,7
1678283238,7
2406484455,7
8807410152,7
2406484454,7
1678283242,7
212916714,7
1678283244,7
8807410154,7
8807410158,7
1678283247,7
2406484460,7
9042053624,7
1401416203,7
1365887500,7
4077593104,7
367114771,7
2967343648,7
2967343649,7
7926686250,7
7657257518,7
4430996023,7
9375078973,7
9375078974,7
9375078975,7
4430996033,7
5238587992,7
5238587994,7
4866976614,7
3272782433,7
2218340965,7
27460198,7
5049840242,7
5049840243,7
7797330549,7
5049840245,7
5049840248,7
251892353,7
9710332576,7
9710332577,7
27460259,7
6280047275,7
6280047277,7
6280047278,7
6280047280,7
3715515059,7
1569241807,7
1569241808,7
24660697,7
8318757605,7
8318757606,7
3499500263,7
1566270189,7
251892475,7
18393873,7
5141625621,7
7906964247,7
7906964248,7
7906964249,7
7906964250,7
7906964251,7
27458331,7
5141625623,7
5141625630,7
5141625625,7
2793904931,7
9021535020,7
27458353,7
4077599543,7
4077599544,7
4077599545,7
6032044867,7
6032044868,7
1014649672,7
4144358216,7
4144358217,7
9710359368,7
9856119628,7
9856119635,7
9856119638,7
5141625696,7
9856119649,7
4866976610,7
4866976611,7
9856119651,7
4866976613,7
109414,7
3381130086,7
3381130087,7
109415,7
3381130089,7
3381130090,7
3381130091,7
3381130092,7
109416,7
4866976617,7
5141625703,7
367121266,7
3145798533,7
3517719434,7
251757452,7
251757458,7
2279592861,7
2279592862,7
24951721,7
4827050921,7
212927414,7
8753664977,7
25066457,7
251757533,7
1733389278,7
3644748767,7
5473274866,7
4866784251,7
5334625292,7
5334625293,7
385311590,7
7745051680,7
1721713699,7
7636163631,7
385311796,7
6985395258,7
107585,7
3247932481,7
107587,7
107586,7
107588,7
3247932486,7
3585762393,7
2793874522,7
3272712566,7
329983075,7
107626,7
107627,7
107628,7
107634,7
107637,7
10677374,7
10677376,7
10677377,7
5165786242,7
5165786245,7
8515091589,7
9856119650,7
6995618971,7
6995618979,7
4867087535,7
9021504716,7
3708234964,7
1951616231,7
1951616232,7
1951616234,7
1951616236,7
2914561272,7
2642857212,7
3381130493,7
249679102,7
28419328,7
21523714,7
21523715,7
21523716,7
1014803714,7
1014803718,7
1951616261,7
1951616263,7
1014803721,7
1951616268,7
1951616270,7
1951616276,7
1951616278,7
1014803736,7
24661273,7
1951616283,7
1951616284,7
1312453915,7
1951616287,7
1312453919,7
24950050,7
1951616291,7
1951616292,7
24950051,7
1951616295,7
1951616297,7
24950064,7
24950065,7
25068862,7
1951616319,7
1312453950,7
1312453954,7
1951616322,7
1951616325,7
1951616327,7
5925584201,7
5925584203,7
5925584204,7
1312453966,7
302013776,7
9375100241,7
3816097106,7
3816097107,7
3816097108,7
3816097109,7
3816097110,7
9375100242,7
24950101,7
24950102,7
24950105,7
24950104,7
357999964,7
1312453981,7
24950109,7
24950107,7
24950112,7
24950113,7
24950114,7
24950115,7
1312453996,7
8807431535,7
8807431541,7
8807431546,7
8807431548,7
8807431550,7
8807431551,7
1312454015,7
1678245252,7
9030155653,7
3550836102,7
8807431559,7
8807431560,7
9030155654,7
1678226827,7
1556260235,7
1556260241,7
1312454038,7
2872704413,7
1678226846,7
1312454045,7
1312454048,7
3215687074,7
1312454055,7
3499556266,7
25544111,7
25544112,7
8318797234,7
8318797235,7
1312454068,7
8318797236,7
1782717878,7
8318797237,7
1312454066,7
2218362306,7
2218362310,7
1312454087,7
1312454086,7
2218362314,7
2218362316,7
2218362321,7
1312454100,7
6985379285,7
6985379286,7
3499544028,7
2218362332,7
2218362336,7
1731216865,7
1312454114,7
1678226917,7
1350430181,7
9030155749,7
9042027865,7
5141216745,7
5141216746,7
9030155753,7
9042027866,7
8785024497,7
5141216754,7
25069046,7
9080098305,7
9080098306,7
9080098307,7
9080098308,7
9080098309,7
9080098312,7
30078473,7
9080098314,7
9080098313,7
3528711693,7
5141216782,7
5141216790,7
255051289,7
5473273373,7
5473273376,7
3215685153,7
4729628192,7
3528711722,7
27459116,7
27459120,7
1547013692,7
1547013698,7
6218501713,7
5473273425,7
6218501715,7
6218501717,7
1678227031,7
5473273433,7
5473273435,7
27459165,7
1550763620,7
6218501740,7
1547013743,7
6218501746,7
1186508405,7
6218501751,7
6218501753,7
2218348156,7
6218501757,7
2218364541,7
2218364543,7
3528738434,7
3528738438,7
3528738439,7
4726152840,7
3528738440,7
1497452171,7
4726152844,7
4726152847,7
4726152848,7
25161361,7
4726152850,7
25161363,7
25161362,7
25161360,7
4726152854,7
9030037142,7
4726152857,7
25161370,7
1569312412,7
25161377,7
25161378,7
25161379,7
25161380,7
25161381,7
25161383,7
1493722804,7
5218862786,7
472493763,7
7223326407,7
7223326408,7
7223326409,7
7223326410,7
7223326411,7
7223326412,7
7223326413,7
7223326414,7
6470264535,7
6470264536,7
9781190366,7
9781190367,7
9781190368,7
9781190369,7
3706494694,7
5104314096,7
5104314098,7
7223365368,7
7223365370,7
7223365371,7
7223365372,7
24659709,7
255678213,7
2378843909,7
2538458898,7
24659736,7
2195965722,7
2195965723,7
5218844445,7
5218844446,7
3906588452,7
24659764,7
30056255,7
21307200,7
4864083784,7
4864083785,7
30056277,7
5141354328,7
5141354329,7
5141354330,7
5141354331,7
5141354332,7
5141354333,7
5227220835,7
5227220845,7
5227220846,7
5227220848,7
2203268985,7
8869435258,7
6369361788,7
6369361790,7
9030029183,7
6369361792,7
6369361791,7
6369361796,7
6369361797,7
25067400,7
5104314255,7
4072083344,7
4072083345,7
5104314256,7
2389802901,7
2389802904,7
2387224474,7
2387224475,7
5104314275,7
25532332,7
4748394420,7
9030121410,7
3247933381,7
8976060358,7
25067463,7
25067461,7
3247933387,7
25067469,7
24661966,7
25067470,7
9808795600,7
9808795601,7
9808795602,7
25067473,7
25067476,7
471488469,7
5104314325,7
25067479,7
471488472,7
25532377,7
25532384,7
2218362849,7
471488484,7
5104314353,7
1782714747,7
9703794686,7
9703794687,7
5269678593,8
9703794691,8
9703794692,8
9703794693,8
9703794694,8
9703794695,8
9693971464,8
9703794697,8
9703794696,8
9690975243,8
9690975244,8
9690975245,8
1312932879,8
9673189925,8
9673189926,8
4534184507,8
107602,8
6110191188,8
28418144,8
9703827555,8
5904585328,8
27460210,8
27459198,8
4344245892,8
4344245893,8
9673091207,8
9673091208,8
9673091213,8
9673091214,8
3850146457,8
5517519002,8
27460250,8
7487734942,8
6110164641,8
6110164647,8
6110164649,8
6110164650,8
6110164659,8
6110164660,8
1233350847,8
1233350848,8
9693910743,8
7644741345,8
7644741346,8
7644741351,8
377490664,8
9080123624,8
9080123623,8
9080123627,8
9080123628,8
6969936105,8
6969936106,8
377490677,8
302013685,8
2612458244,8
2612458246,8
3987750677,8
3987750679,8
3987750684,8
3987750685,8
3987750686,8
3987750687,8
3987750688,8
4210859292,8
3987750692,8
7900888377,8
2969439040,8
9693974851,8
302013777,8
3220254039,8
27460439,8
4054356842,8
4054356847,8
7900888437,8
5977954180,8
4223357836,8
429346236,8
429346241,8
1312932832,8
1312932849,8
2872699894,8
4715264000,9
4715264001,9
4715264002,9
25475072,9
4715264004,9
5816743941,9
5816743942,9
722208263,9
5816743945,9
5816743947,9
5816743949,9
5816743950,9
6014302223,9
6014302222,9
6014302226,9
6014302227,9
6014302228,9
7236131861,9
7236131862,9
7236131864,9
7236131865,9
25476124,9
1312932894,9
25476127,9
25476131,9
25476132,9
25476134,9
4920098343,9
4920098342,9
4920098344,9
4920098349,9
9690974262,9
9690974263,9
4430996024,9
9690974264,9
2203888698,9
9690974266,9
9690974265,9
9690974272,9
9690974274,9
9690974275,9
4534184516,9
9690974277,9
9690974276,9
9690974278,9
283061836,9
25475661,9
25475663,9
25475664,9
1505332730,9
675734610,9
675734613,9
107606,9
6332695638,9
6332695637,9
6332695639,9
9699944538,9
675734622,9
25497222,9
1312471188,9
1312471189,9
1312471190,9
1312471196,9
1312471197,9
109728,9
1312471202,9
9690769059,9
1312471210,9
1312471216,9
1312471217,9
1312471223,9
277337783,9
25475770,9
1233350862,9
1312471252,9
1312471258,9
1312471265,9
1312471267,9
1233350889,9
585129712,9
585180151,9
742399752,9
8429945617,9
8429945618,9
4155841820,9
4164428578,9
8064065316,9
28418859,9
3231501611,9
8064065323,9
4166967089,9
4136137525,9
4136137529,9
4136137530,9
28418877,9
5816744255,9
28418879,9
5816744257,9
27459905,9
28418880,9
8429934918,9
9856119626,9
4629462859,9
9856119627,9
25496910,9
4167762778,9
25475419,9
28418909,9
9699953505,9
28418921,9
9693971448,9
9816821617,9
4529881970,9
8429945717,9
9690878337,9
1547657104,9
6266867111,9
6266867112,9
6266867113,9
6266867114,9
9690915259,9
1689605567,9
9690915264,9
9690915265,9
9690915263,9
429346243,9
9690915267,9
9690915268,9
9690915271,9
9690915273,9
9690915274,9
429346251,9
9690915275,9
429346253,9
5931509715,9
9135848919,9
9135848920,9
9135848921,9
9135848922,9
9135848923,9
9135848924,9
5931509720,9
9135848925,9
5931509721,9
585199079,9
25475561,9
3632581622,9
9693971447,9
4715263992,9
9693971449,9
9693971450,9
9693971451,9
9693971452,9
2364384488,10
8030470473,10
585124778,10
1951242858,10
1951242860,10
2364378222,10
2364371185,10
2364379602,10
2364379603,10
2364379604,10
2364379605,10
107613,10
107614,10
1864047135,10
25475328,11
1990912129,11
9700060292,11
690295047,11
9690878344,11
4872502279,11
9632417162,11
9632417163,11
4777885222,11
9683581480,11
283062189,11
3385332654,11
9683686963,11
3733791671,11
1155552319,11
1137777343,11
8030470464,11
585130362,11
8030470469,11
7638732490,11
7638732491,11
25475417,11
4832472797,11
9135845214,11
680069471,11
107615,11
8579240311,11
9135845216,11
9135848931,11
680069473,11
9135845213,11
9135848928,11
1951242856,11
1951242857,11
1990912106,11
1951242859,11
2364384492,11
2364384490,11
680069483,11
2364387947,11
9135848938,11
9135848937,11
2364371186,11
1990912115,11
8579240307,11
8579240309,11
8579240310,11
8579240308,11
8579240312,11
8579240313,11
8579240314,11
473258249,12
1312454029,12
1312454031,12
473258639,12
3887941013,12
2059790748,12
25532576,12
6458938017,12
7926686249,12
1312454058,12
7926686252,12
1312454061,12
25544110,12
25265075,12
5340811829,12
5340811830,12
25265077,12
25265079,12
25265080,12
25265078,12
4085783099,12
1418752708,12
5340811717,12
4077579334,12
1312454090,12
4166634955,12
2142502090,12
7911243856,12
1418752721,12
7911243857,12
4166634962,12
763372884,12
7911243861,12
7911243858,12
7911243863,12
763372886,12
9413430622,12
7911267686,12
7620895976,12
1727515754,12
7911267693,12
1312453999,12
107632,12
9856119648,13
5141877239,13
5141876996,13
5198585557,13
107638,13
5198585559,13
25067324,13
5119652864,14
5119652865,14
25495808,14
1832227968,14
9781435146,14
2458273291,14
1953202962,14
2453941139,14
6279388821,14
6279388822,14
6279388823,14
6279388824,14
26678169,14
26678168,14
2453941147,14
5119652863,14
26678171,14
26678166,14
343669791,14
26678167,14
2458257570,14
8975700259,14
8975700260,14
2458257573,14
8975700261,14
343669798,14
5265953450,14
5265953451,14
5265953452,14
1364161197,14
2458257578,14
5265953455,14
2458301100,14
5265953457,14
5265953454,14
5265953459,14
2458260532,14
1832228016,14
25495858,14
2458256449,14
8645592521,14
109818,14
1364172237,14
1832129873,14
6108171363,14
1832129878,14
1953202903,14
25495640,14
1953202907,14
8975700266,14
21578459,14
25495646,14
3644748770,14
6724775011,14
6724775012,14
108389,14
6724775013,14
6724775014,14
8787384680,14
6724775017,14
6724775018,14
6724775015,14
6724775016,14
1832248428,14
108390,14
1364168178,14
1364168180,14
2458303223,14
5119652857,14
2458307450,14
1364169899,14
5119652862,14
25495807,14
9804578356,15
9820537921,15
9820537922,15
1736685635,15
9820537934,15
1326821457,15
4297243218,15
9576827481,15
9576827482,15
25475674,15
1326821465,15
25475692,15
25475693,15
1326821487,15
1326821489,15
1363483801,15
4297243295,15
9820538016,15
9820538017,15
4297243298,15
9820538018,15
9820538019,15
4158004390,15
1326821542,15
9820538028,15
4571238064,15
4571238067,15
4571238068,15
4297212084,15
25475767,15
1938953403,15
1938953406,15
1326821568,15
1938953413,15
748797126,15
1938953414,15
1938953417,15
6828863691,15
6828863692,15
6828863693,15
6828863694,15
6828863695,15
6828863696,15
6828863697,15
4297212114,15
6828863698,15
1938953430,15
4297212119,15
1938953431,15
748797145,15
1326821593,15
1938953432,15
25470166,15
1938953437,15
1938953433,15
4297212128,15
4297212129,15
21990633,15
21990634,15
21990637,15
21990638,15
1326821624,15
4298970364,15
25497340,15
4298970368,15
25497347,15
4298970380,15
4298970384,15
4297212194,15
4297212204,15
355416911,15
4297242961,15
355416914,15
1601797458,15
355416920,15
109403,15
9820523869,15
9820523870,15
9820523871,15
9820523872,15
4297054053,15
108393,15
6525671279,15
108406,15
1601832328,15
9820523913,15
9820523914,15
9820523915,15
9820523916,15
9161061776,15
9693963678,15
9693963679,15
9693963680,15
9693963681,15
9693963682,15
9693963683,15
710657963,15
7947041713,15
422573549,15
1913216493,15
25497596,15
25497599,15
469776896,16
2466456409,16
6369329155,16
6369329156,16
25632774,16
6369329158,16
6369329159,16
8989843465,16
25497611,16
25497612,16
25497613,16
6369329170,16
6369329172,16
10607127,16
10607128,16
10607129,16
1150003224,16
2632464413,16
10607133,16
2632464416,16
1125619235,16
2632464427,16
8784212017,16
1723388979,16
1813618227,16
1813618228,16
1813618229,16
1813618230,16
372978232,16
1723388985,16
1813618231,16
1596655163,16
1813618232,16
1813618234,16
256766529,16
1366095187,16
5238528591,16
1366095189,16
4530057817,16
1366095190,16
4870281309,16
2135411294,16
1326821471,16
2135411296,16
2135411297,16
4870281311,16
4369519204,16
25475688,16
25475690,16
25475691,16
1326821490,16
3076574323,16
4369519219,16
10606709,16
4369519227,16
1326821502,16
1326821504,16
1155584130,16
20460681,16
1326821513,16
1326821515,16
20460686,16
20460687,16
20460688,16
20460690,16
20460691,16
1326821524,16
1326821525,16
3722411669,16
20460695,16
20460696,16
20460697,16
20460692,16
20460694,16
6506796188,16
1326821539,16
1326821541,16
1326821557,16
5041784501,16
1326821559,16
1813618358,16
25473207,16
25473206,16
1326821564,16
2632431806,16
2632431807,16
1326821566,16
1326821569,16
255860415,16
110274,16
1326821577,16
1326821579,16
1081508186,16
1326821585,16
4703542482,16
4703542483,16
5060405461,16
1326821596,16
25497824,16
25497828,16
25497829,16
1326821613,16
2632486641,16
2632486645,16
2632486646,16
25497845,16
2632430340,16
2632430342,16
4076095242,16
275180300,16
25497872,16
4076095253,16
3320947996,16
4076095262,16
2331184927,16
2331184929,16
2331184930,16
2331184931,16
2331184932,16
2331184934,16
2331184935,16
2480657190,16
5041784633,16
5041784634,16
1813618497,16
8868824899,16
446765895,16
390073160,16
2466456399,16
2466456400,16
2466456401,16
2466456402,16
2466456403,16
2466456404,16
2466456405,16
2466456406,16
2466456407,16
2466456408,16
5306194265,16
6525670234,16
6525670235,16
6525670236,16
6525670237,16
6525670238,16
6525670239,16
6525670240,16
6525670241,16
6525670242,16
2466456414,16
2466456413,16
2466456412,16
9804653408,16
9804653406,16
5353604060,16
25497968,16
1081508209,16
632447859,16
4826555767,16
108409,16
372050299,16
1125619075,16
5711517571,16
2466449286,16
2466449287,16
2466449288,16
2466449289,16
2466449290,16
2466449291,16
2466449293,16
2466449294,16
9161061775,16
1939632526,16
2466449297,16
2466449296,16
2466449295,16
25634199,16
1759454104,16
4807796633,16
1759454106,16
6871422365,16
9693865890,16
25632677,16
1759454118,16
1954751914,16
25632683,16
25632684,16
1954751916,16
1954751918,16
4860825518,16
20965806,16
20965805,16
20965804,16
1759454122,16
1954751924,16
9693963701,16
9693963702,16
9693963703,16
9693963704,16
9693963705,16
9693963706,16
9693963707,16
9693963708,16
469759942,16
469759943,16
372978120,16
435104715,16
2632476621,16
5973397966,16
435104717,16
1150003155,16
9808795605,16
3586606038,16
3586606039,16
9808795606,16
1125619161,16
9808795608,16
25499095,16
9808795607,16
4571940314,16
4571940315,16
2632476639,16
25499104,16
9808795609,16
2466456411,16
9808795610,16
9808795611,16
1150003170,16
5353604061,16
25499115,16
2632488435,16
9804774392,16
2632488445,16
2496836226,17
108420,17
3093897988,17
3093897989,17
2496836231,17
3093897991,17
1312188679,17
1255490314,17
2402557839,17
1280491924,17
1280491926,17
2402557597,17
2402557599,17
2387232555,17
2387232556,17
2387232557,17
2387232559,17
3093894065,17
2387232561,17
2387232563,17
1150003513,17
806373565,17
9030284989,17
9030284990,17
3741117630,17
4749090120,17
25477197,17
1722268367,17
9856119633,17
1722268381,17
1722268384,17
1722268388,17
5492419693,17
5565455857,17
5565455858,17
8236052983,17
8236052987,17
8236052988,17
8236052990,17
8236052991,17
4193151464,18
108835,18
4305986091,19
5905893978,19
7620902731,19
108837,19
4211515621,20
108903,20
25496777,20
245200970,20
1830276654,20
9189397456,20
4211515569,20
663363473,20
4211515891,20
8256049397,20
8256049399,20
25509513,21
470727954,21
1938819346,21
1938819348,21
1938819350,21
1938819351,21
25509526,21
5207487900,21
25481504,21
25481506,21
6988528038,21
6988528039,21
9694031532,21
9201323575,21
1236791504,21
894485202,21
109408,21
109410,21
1236791535,21
9197589363,21
9197589238,21
1536948608,22
1536948612,22
25505670,22
20626311,22
1536948487,22
3796814729,22
1536948618,22
20626315,22
20626310,22
20626312,22
20626316,22
7572522511,22
1852996875,22
7572522513,22
1536948631,22
6509584413,22
1536948517,22
7572522534,22
109734,22
7572522540,22
1536948652,22
7572522547,22
1536948536,22
1572551227,22
2504847039,22
7572522566,22
4866475725,22
4866475730,22
7572522585,22
4866475737,22
1852996954,22
1536948578,22
109411,22
109412,22
25264998,22
2504822135,22
1536948474,22
7572522492,22
7824803494,23
7824803495,23
109737,23
9072449309,23
24952269,23
7824803501,23
4166634957,23
5104314264,23
1536948541,23
1951372959,23
9753609738,24
9753609739,24
9753609740,24
9753609741,24
9753609742,24
9753609743,24
9753609744,24
9680972177,24
9680972178,24
9753609745,24
9680972185,24
25161373,24
7824747295,24
7824747297,24
7824747298,24
7824747300,24
7824747302,24
7824747303,24
7824747304,24
7824747305,24
7824747307,24
25067307,24
7824747308,24
6967585840,24
6967585841,24
109746,24
6967585842,24
1827389620,24
1782727992,24
1722621630,24
4220613456,24
700774224,24
5201625566,24
2941549918,24
5840176866,24
9681020156,24
9681020157,24
5006764037,25
5006764038,25
5006764039,25
5006764040,25
1312189073,25
1312188945,25
1312188689,25
1312188696,25
25477149,25
25477150,25
25477151,25
25477152,25
25477153,25
25477154,25
26067235,25
25477156,25
26067237,25
1312189091,25
26067239,25
26067236,25
3320743081,25
1954751908,25
1312188843,25
26067238,25
26067234,25
1312188730,25
1312188858,25
9693935550,25
1312188735,25
109760,25
9693935551,25
1312188994,25
1312188614,25
1312188622,25
1312189013,25
1312188760,25
3892081372,25
1312319838,25
3741078112,25
7644884069,25
1312188774,25
1042862726,26
7815143559,26
249558409,26
25477258,26
1042862477,26
6304787860,26
6304787861,26
3735889430,26
1042862492,26
7815143581,26
3735886877,26
3858880674,26
3858880675,26
3858880676,26
3858880677,26
7815143465,26
3673602988,26
3673602993,26
25477300,26
25477301,26
7911297462,26
7911297463,26
5929540796,26
109766,26
5925628361,26
57786953,26
347541965,26
7911297486,26
9808795598,26
7815143503,26
1042862673,26
9808795599,26
9766629717,26
347541973,26
347542743,26
25477335,26
25477339,26
9027367517,26
9027367518,26
9027340515,26
9027340516,26
2935373159,26
1042862696,26
302013673,26
2935373161,26
302013676,26
25477228,26
302013678,26
3486459766,26
2935324280,26
9203578106,26
9203578107,26
27480957,26
9856119640,27
373402354,27
109780,27
9856119634,27
18468953,28
9514602150,28
9514602151,28
9514602152,28
9514602153,28
5047029678,28
109785,28
25066461,28
25066462,28
6166157035,29
109788,29
24952267,29
1882379274,30
2112030869,30
1882379285,30
2112030873,30
291951643,30
275179767,30
1723340842,30
4425001783,30
110140,30
9051462722,30
4823243100,30
6855696504,30
3247578846,30
435104742,30
6855696495,30
1882379248,30
6855696497,30
6855696498,30
6855696500,30
627985397,30
6855696502,30
6855696503,30
25472760,30
275179893,30
25472763,30
4823246342,31
1150003270,31
1684835245,31
1493658224,31
2036125649,31
1309067472,31
6864015603,31
1141415219,31
1685281076,31
2036125657,31
110143,31
1312189057,32
250326914,32
4835108998,32
4835108999,32
7636180236,32
7636180237,32
20458276,32
7636180239,32
1571298192,32
7636180241,32
7636180242,32
1571298195,32
1312188692,32
8672066581,32
1401416208,32
1312188694,32
1312188824,32
8869040027,32
9710348828,32
8869040028,32
110238,32
9710348827,32
1312188704,32
20458273,32
1312188955,32
250325411,32
2003007012,32
20458275,32
1787108646,32
1787108647,32
1787108648,32
1787108649,32
1787108650,32
3334162601,32
20458277,32
2490721964,32
1312188845,32
1312189098,32
1312188722,32
4618510643,32
8868010162,32
1312188731,32
475396924,32
250327100,32
1312188988,32
8868010171,32
354886082,32
8868194757,32
1312188741,32
18469132,32
9710304459,32
9710304460,32
8868001103,32
9856119632,32
8868001104,32
250549587,32
1312188883,32
9856119637,32
1782716888,32
7926563545,32
8868194778,32
1571298141,32
21990624,32
21990625,32
1233327202,32
21990627,32
21990626,32
2642878568,32
2642878569,32
250549670,32
2934268020,32
1312188660,32
250327159,32
1312188797,32
1238259337,33
4530011788,33
9375170320,33
6261920913,33
6261920914,33
4530012691,33
4530012690,33
4530012692,33
4530012694,33
4530012695,33
4530012696,33
6261920915,33
1150003480,33
4530012699,33
4530012700,33
4530012701,33
4530012702,33
6866779806,33
4530012703,33
4530012704,33
1771453218,33
7805198627,33
1771453217,33
3499567135,33
1771453860,33
1711679380,33
3197333544,33
7191329809,33
28728210,33
5565487612,33
3197339673,33
7191329811,33
3197339674,33
4729385030,33
4729385031,33
1711679434,33
9808795596,33
3197339676,33
9375170321,33
59526352,33
9375170322,33
282708,33
9375170323,33
1150003547,33
21990620,33
9375170324,33
1731225566,33
1150003423,33
9375170325,33
9375170326,33
249470452,33
4316306166,33
28728187,33
1536039932,33
25499808,34
25438595,34
2632476618,34
25438732,34
2632476590,34
25438638,34
1953096696,34
7796554012,34
282719,34
2632464415,34
1678452792,35
10572172,35
5426506500,36
25495695,36
1938953377,36
25495617,36
25495618,36
9856119619,36
1985084100,36
1816038230,36
25495769,36
25495770,36
350437608,36
10572779,36
25496817,36
25496818,36
25496819,36
25496820,36
25496821,36
321255925,36
5060391417,36
8972441127,37
25496748,37
21583342,37
10572785,37
8972511963,37
8785568224,38
10572786,38
7847748059,38
1985084095,38
5470932256,39
10607629,39
7947057586,39
5468301555,39
2146369237,39
5470932252,39
5470932253,39
5470932255,39
9782353731,40
8784159562,40
6467134930,40
6467134931,40
8784181688,40
10676799,40
1312264577,41
1311961985,41
794039687,41
9042133642,41
5043864464,41
28800661,41
28800662,41
25161371,41
1782724124,41
28800667,41
316763548,41
1782724125,41
250550174,41
1401908258,41
1311962151,41
9042026424,41
1311962043,41
1312264648,41
1312264524,41
1684511955,41
9856119636,41
7836155864,41
7836155865,41
7836155867,41
7836155868,41
7836155870,41
9042041320,41
9042041321,41
1718328435,41
10677375,41
8975529088,42
4462680067,42
4462680068,42
9203541381,42
7840712839,42
1832248457,42
1832248458,42
9781435147,42
4462680078,42
5374174224,42
1360122901,42
595709975,42
14672924,42
5573994014,42
5573994016,42
5573994017,42
5603454627,42
5603454628,42
5573994019,42
1832129958,42
1360122919,42
5374174120,42
1360122925,42
7203717550,42
1938953395,42
1360122937,42
5374183741,42
5374183742,42
6329690691,42
8975645638,42
8975645640,42
8975645641,42
25151180,42
4512763348,42
1360122841,42
5460658138,42
5600934876,42
1360122860,42
5573931377,42
5839156209,42
1360122866,42
1360122871,42
5573931385,42
8975529082,42
8975529083,42
8975529084,42
8975529085,42
8975529086,42
529722111,42
250550400,43
1939632514,43
4992781187,43
3739049348,43
4992781189,43
1939632519,43
20460684,43
973101839,43
9042120207,43
2387242385,43
2387242386,43
8869472274,43
3870640530,43
25477148,43
3870640547,43
3870640548,43
4401149224,43
2387240745,43
4401149225,43
2387240747,43
4401149228,43
4992781175,43
7636278191,43
4401149234,43
7636278194,43
7636278197,43
7636278199,43
7636278200,43
1326821561,43
7636278201,43
256766531,43
18398282,43
1312335310,43
5927671120,43
1326821460,43
1326821592,43
5238500312,43
5238500313,43
914822492,43
9042037853,43
2387245025,43
873684193,43
2387245026,43
2387245027,43
2387245029,43
1326821480,43
632438506,43
9030155757,43
9030155758,43
8869472239,43
9030155759,43
9030155760,43
8869472240,43
1326821619,43
9030155762,43
2990732269,43
5927671155,43
8869472247,43
4826555769,43
4826555770,43
4826555771,43
4992781180,43
5609638014,43
6978555522,44
1758554289,44
2990780037,44
2990780039,44
20460680,44
20460682,44
2990806410,44
2990806411,44
2990806413,44
2990806415,44
2990806416,44
968499092,44
968499093,44
819132568,44
1684781470,44
4246525220,44
4246525223,44
316763559,44
316763561,44
316763563,44
1758554286,44
8975833904,44
8975833905,44
6978563378,44
6978563379,44
6978563380,44
6978563381,44
6978563382,44
6978563383,44
6978563384,44
8975833913,44
8975833912,44
8975833915,44
4682627259,44
4682627261,44
8975833914,44
4682627263,44
4682627264,44
6978577985,44
4682627266,44
4682627265,44
256766532,44
256766533,44
748941508,44
4195111363,44
1758554291,44
1150003147,44
1150003532,44
9041828942,44
1759454163,44
1758554294,44
1759454429,44
3763407460,44
5041784423,44
748941546,44
748941552,44
1150003571,44
5067002867,44
6978531575,44
6978555518,44
6301948480,45
20625793,45
6301948477,45
697037343,45
5905807278,45
8579276917,45
9694104278,45
25474005,45
25474015,45
5976760445,45
5976760446,45
5976760447,45
9694032608,46
9694032609,46
585200775,46
20625800,46
585200818,46
710521820,46
9694032606,46
9694032607,46
5189042552,47
20626282,47
8675201272,47
5189042551,47
7824803490,48
7824747299,48
7824803492,48
7824747301,48
1536948646,48
7824803493,48
4085778920,48
7824747306,48
5146186589,48
7824803500,48
1536948431,48
1536948529,48
20626301,48
5146186590,48
9856119647,48
20626307,49
1852996517,49
1852996670,49
1360122886,50
1236791433,50
20955158,50
9805219991,50
9805219992,50
9805219993,50
9805219994,50
9805219990,50
1360122917,50
4076095791,50
4370333627,50
1609966653,50
4370333629,50
9856119620,50
4370333637,50
9197322310,50
4370333638,50
4370333643,50
4370333648,50
9197326420,50
3519872213,50
4076095834,50
1360122845,50
1596648671,50
1360122856,50
21685484,50
1360122861,50
21685485,50
1360122873,50
5041945479,51
1755265415,51
250550023,51
250550024,51
5041945481,51
1755265428,51
1755265432,51
28800670,51
1755265444,51
1343823418,51
21307201,51
21307202,51
8869464398,51
1718566880,51
1312264546,51
21990631,51
21990632,51
873809385,51
9030155751,51
5042033643,51
9042025325,51
2990721389,51
9856119623,52
9201323564,52
21392276,52
25509525,52
2343269909,52
25495809,53
25495822,53
350377999,53
25495824,53
25495823,53
21392278,53
350437528,53
1707790105,53
6828931875,53
1938953379,53
1832052008,53
1832227886,53
447887921,53
1832227893,53
6828927809,53
1148249927,53
338472567,53
4275394254,53
5899738713,53
1832129783,53
338472562,53
25495542,53
25495543,53
6828921209,53
6828921210,53
6828921211,53
4462680070,54
4462680076,54
21392279,54
4208239642,54
5603454625,54
5603454626,54
4208239651,54
9201323561,54
6606135979,54
21686572,54
21686574,54
9201323322,54
3972566714,54
6606148797,54
6606148798,54
5374181585,54
4462683090,54
5899711453,54
5899711454,54
5788363874,54
9203541612,54
5335233120,55
2934288514,55
250324965,55
21523718,55
5165786239,55
21523719,55
8042022825,55
5573991659,55
5573991660,55
5335233119,55
4138224462,55
5335233113,55
252729234,55
5009060057,55
5335233114,55
2934288509,55
1014649631,55
25498458,56
9659603285,56
21578454,56
9748953621,57
21578461,57
4378043682,58
269547419,58
4331121754,58
21685481,58
21685483,58
4378043661,58
4378043662,58
1837610895,58
1360122929,58
25500530,58
4378043667,58
1360122933,58
25500246,58
1163955034,58
4331121755,58
269547420,58
3515286914,59
3515286915,59
3515286916,59
5565466183,59
1493676622,59
1493676623,59
28728208,59
25477106,59
21990614,59
4556931602,60
4556931604,60
21990622,60
250327576,61
2987912733,61
1685272862,61
250327591,61
1326821544,61
8868010281,61
8868010280,61
8868010279,61
8868010287,61
250327609,61
5565443389,61
5565443390,61
250327618,61
250327619,61
250549699,61
5565443397,61
347335878,61
5875062471,61
5875062472,61
250549700,61
8868010216,61
9808795603,61
9808795604,61
1719422038,61
9856119639,61
8868010202,61
8923643489,61
8923643490,61
9693628386,61
21990628,61
21990629,61
9030155750,61
21990630,61
9693628387,61
9693628388,61
9030155754,61
9030155755,61
9030155756,61
2642612586,61
213668844,61
8868010221,61
8868010218,61
213668842,61
9042053623,61
24659907,62
1311961990,62
24659947,62
6948380395,62
24949780,62
9693920801,63
9693920794,63
9693920795,63
9693920797,63
24660863,63
24950048,64
5095547180,64
5095547184,64
24950005,64
24950013,64
3517985666,65
5090420610,65
25161348,65
5090420614,65
8807429660,65
8807429664,65
8807429665,65
9691082671,65
25066419,65
2387226304,65
3499500226,65
2387226307,65
2387226309,65
2387226311,65
2387226313,65
5090420940,65
24950097,65
5090420958,65
5090420959,65
5090420964,65
9024139130,65
9024139131,65
9693920802,66
9693920803,66
24950110,66
24950111,66
6918421504,67
1951372930,67
24952195,67
24952196,67
2528522503,67
1951372935,67
6918421512,67
6918421513,67
2528522507,67
1556097163,67
4072083342,67
4072083343,67
1561071632,67
2528522518,67
1556324759,67
1556097431,67
1556097092,67
1556097306,67
2528522528,67
1556097185,67
6985465124,67
6985465125,67
1561071655,67
1547013672,67
6985465129,67
6985465130,67
1556097321,67
1561071656,67
2528522542,67
4018000435,67
1590114998,67
1547013688,67
6985465145,67
1556324793,67
1556097080,67
1556097217,67
9694091972,67
9694091973,67
1556097222,67
4777897927,67
4777897928,67
1547013705,67
1556097353,67
1556324683,67
1556324684,67
25278669,67
25278670,67
1556097098,67
9856119630,67
3385387604,67
3385387605,67
3385387606,67
3385387607,67
696477399,67
1556097368,67
6918421503,67
1556097118,67
4117882851,67
4117882852,67
8807410149,67
4085404135,67
4117882856,67
4117882857,67
4085404136,67
4117882860,67
1556097136,67
1556097137,67
1951372915,67
1951372927,67
5087519104,68
25066338,68
25161347,68
5090420965,68
25066412,68
25067264,69
25067265,69
2566132609,69
25067266,69
1852996996,69
2504822145,69
25067267,69
1569382119,69
6509584414,69
2504822137,69
1569382170,69
2504822139,69
1569382174,69
25066687,69
25067304,70
2566132610,70
2566132611,70
25161356,70
25067395,71
25067396,71
25067397,71
5146186470,71
950703625,71
950703626,71
5146186463,71
5146186489,71
25067326,71
1726783391,71
9856119646,72
25067427,72
25067398,72
25067914,73
1569216650,73
25067920,73
7911231380,73
1722621718,73
7911231384,73
473219610,73
25067803,73
1569216123,73
25161375,73
5141228834,73
1569216316,73
4085783103,73
4085783105,73
1747873474,73
1569216326,73
6446292570,73
1951616226,73
5141216740,73
5141216741,73
7911267687,73
7911267688,73
7911267690,73
7911267692,73
8814668141,73
7911267694,73
7911267695,73
7911267696,73
5104314222,73
9659831673,73
9659831674,73
9659831675,73
25265023,73
25071090,74
25071131,74
5247857728,75
9691101411,75
9691101412,75
25161357,75
2387194158,75
5141877019,75
3644748773,76
7620895974,76
25161384,76
25161386,76
473258827,76
4305986094,76
1727515734,76
25471736,77
25503860,77
7271474849,78
321255907,78
25472324,78
25472545,79
4675821944,79
4675821925,79
4675821932,79
4665353645,79
4665353644,79
762080111,79
1617596591,79
8373728533,79
25472566,79
25473048,79
25472379,79
1617596607,79
4823246341,80
4425001781,80
4425001782,80
25472767,80
7447716112,81
25472789,81
9161061774,81
25472800,82
4571194090,82
4571194091,82
1954751920,82
2036125650,82
2940401398,82
6014339453,82
1684835105,83
1684835107,83
1684781486,83
3739048019,83
3739048020,83
3739048021,83
25472885,83
4948630427,83
4675822093,84
4675822095,84
4675822097,84
8373728531,84
4675822100,84
8373728532,84
1617647898,84
761830938,84
1617647900,84
1617647901,84
1617647903,84
4661317153,84
4661317155,84
1617647919,84
1617647924,84
1617647928,84
1617647931,84
1617647934,84
4665352262,84
4665352264,84
761831000,84
25472890,84
761831039,84
25473004,85
4665353662,85
1311962080,86
9042129985,86
9042129986,86
1401893666,86
1311961868,86
1215563885,86
25473199,86
25473200,86
25473204,86
25473205,86
1215563897,86
6871422362,86
6871422364,86
1759454078,86
9042129984,87
875789647,87
1150003472,87
25473201,87
25473202,87
1311961947,87
1311962012,87
9042129983,87
1311962111,87
25473203,88
5067002855,88
25473281,89
9683585635,89
903630659,89
8497605091,89
4777885221,89
4085387943,89
4085387945,89
7246486955,89
4136124524,89
4136124526,89
4078858000,89
4078858001,89
869968536,89
585127354,89
585148380,89
6265654109,89
25473279,89
25497603,90
9694091974,90
9694091975,90
9694091976,90
9694091977,90
9694091978,90
6149398571,90
9856119625,90
9694091981,90
25475053,90
9694091983,90
9694091982,90
9694104279,90
1547657140,90
1312471255,90
9694104280,90
1312471226,90
1312471228,90
1569486259,91
25475597,91
6696695781,92
8784000965,92
25475678,92
6696695783,92
9823138208,93
9823138209,93
1326821607,93
1326821594,93
25475694,93
25475695,93
25475696,93
25475697,93
4297211186,93
4297211187,93
25475698,93
435104726,93
435104727,93
435104728,93
355416921,93
1326821466,93
9823138206,93
7075087297,94
7075087298,94
7075087299,94
6273056647,94
6273056648,94
9693963689,94
6239229422,94
6239229423,94
9693963696,94
435104721,94
9693963698,94
25475699,94
1326821620,94
9693963699,94
6272993491,94
6272993492,94
9693963697,94
25497619,94
25475754,95
1816777875,95
1493229962,95
806373533,96
25477774,96
25477858,97
4556931603,97
3661703766,97
819157975,97
819157946,97
25495544,98
269550333,98
25495697,99
9856119622,99
1834657467,100
25495820,100
1834657469,100
6354294763,100
470727776,101
5736847361,101
5736847362,101
5736847363,101
5736847364,101
25496100,101
749947393,101
749947402,101
25495852,101
25495854,101
25495855,101
350629203,101
269584410,101
317930380,102
4211515637,102
4211515622,102
25496775,102
25496779,103
25496780,103
25496782,103
1816038211,104
1985084135,104
25496814,104
25496783,104
25496786,104
25496787,104
438170475,105
5265830862,105
25496815,105
25496785,105
7918978033,105
4429088632,105
25498457,105
1958800795,105
8972511965,105
25496800,106
1816038214,106
323260106,106
1816038237,106
25496781,106
1816038224,106
5014591889,106
25496788,106
1816038239,106
1816038199,106
1816038233,106
25496797,106
25496798,106
25496799,106
2453947049,107
8787384684,107
8787384685,107
8787384686,107
4211515634,107
25496790,107
25496792,107
4211515645,107
4211515644,107
2576893629,107
2135411308,108
5711517565,108
5457908028,108
25499655,108
25504145,109
25504146,109
25504148,109
1835355916,110
1793420660,110
25504149,110
1707790044,110
4232015838,110
1828402762,111
25505643,111
1828402764,111
1828402763,111
25505618,111
25505662,111
3664398006,111
2142508727,111
25505593,111
25505630,111
25505695,111
1852996856,112
25505634,112
25505685,112
1852996734,112
1556097153,113
8785024515,113
1556097030,113
5905896973,113
1556097166,113
1556097177,113
1556097178,113
1556097051,113
1556097320,113
1556097448,113
1547013554,113
1556097227,113
1547013710,113
25532494,113
9856119631,113
1547013589,113
1547013719,113
8807410150,113
8807410151,113
1556097048,114
25532542,114
2480657188,115
4826448085,115
25632678,115
2135411293,115
25632680,116
25632679,116
25632864,117
25632865,117
1215563905,117
1215563890,117
244128953,117
25632863,117
1042862785,118
7911297478,118
302013672,118
302013674,118
302013675,118
7815533548,118
7815533546,118
6345441358,118
7911297487,118
3486459762,118
3486459764,118
3486459765,118
249558966,118
347539416,118
3081980920,118
27480956,118
27480960,119
27480961,119
2140125056,119
9678821156,119
1736734053,119
9678821159,119
9678821160,119
9678821161,119
1238249904,119
7900221108,119
3486459769,119
28193265,120
3170676207,120
249679365,121
4344245894,121
7817162929,121
4244498866,121
2140124996,121
28418138,121
28418141,121
3892081373,121
3892081378,121
1014803686,121
7797338599,121
7797338600,121
1014803691,121
302013681,121
302013682,121
1014803702,121
1014803704,121
3894948091,121
3894948093,121
3984132034,122
3984132035,122
4116809027,122
3984132037,122
4116809028,122
302013708,122
4422013486,122
249679343,122
28418929,122
4244498867,122
4244498868,122
1755708768,123
2990651905,123
1755708646,123
1755708647,123
1755708648,123
1758552521,123
1758552522,123
1758552678,123
1758552682,123
2990717003,123
1759454351,123
2990664881,123
973128722,123
28800660,123
973128725,123
9693929369,123
1755708765,123
1755708766,123
1755708737,124
1755708738,124
1755708739,124
5041945508,124
9693903657,124
2990651920,124
2990651921,124
28800666,124
28800664,124
1755708730,124
1755708732,124
5565443391,124
5046314090,125
28800671,125
1311962065,125
1311961846,125
5046314073,125
1311962079,125
1547393025,126
1547392771,126
707377287,126
30056330,126
1547392914,126
1547393045,126
1312471191,126
1547392927,126
6149398572,126
4920098350,126
1547392818,126
4619022514,126
1547392951,126
3830043581,126
1312471231,126
8579233861,126
8579233862,126
1547013574,126
1547392848,126
1547013588,126
1547392728,126
1547013592,126
1547013724,126
1547013597,126
1547392865,126
5580861156,126
6600283121,126
251892979,126
1547013754,126
1547392764,126
1547392894,126
3741131608,127
149431715,127
213668839,128
347335859,128
354886099,128
9269886261,128
8868010205,128
1719422032,129
213670986,129
1312189047,129
2642878644,130
213672005,130
249559005,131
302013662,131
7900221088,132
249560091,132
9021491075,132
7900221087,132
250325410,133
250549636,133
3787645606,133
3787645607,133
3787645608,133
3787645609,133
3787645610,133
5492419692,133
250327037,134
1310663631,134
6332545601,135
338319877,135
9030284967,135
7151566952,135
2254629351,135
250327660,135
3093894066,135
3930921860,136
3708234957,136
4230027057,136
4155841811,136
251892564,136
843376599,136
1145174402,137
4571241384,137
9820538031,137
355416887,137
355416890,137
355416892,137
3257317059,137
9820537936,137
9820537937,137
9820537940,137
9820537941,137
9820537942,137
9820537943,137
9820537944,137
9820537946,137
1165343843,137
4729480806,137
4729480807,137
4729480808,137
4571244658,137
4571244659,137
4571244660,137
4571244663,137
20955169,138
367074596,138
9693971465,139
4230595026,139
377494060,139
27331469,139
435104736,140
435104732,140
435104735,140
6218468163,141
1550763749,141
1547013711,141
9704122321,141
471488499,141
4847781268,141
1493722803,141
4847781269,141
1550763764,141
1550763708,141
473264457,142
1268903266,142
1561411396,143
585201189,143
8579276918,143
3068267824,144
670103313,144
690295042,145
9690878341,145
5122737222,145
9690878343,145
748941560,146
4195111355,146
748941556,146
811035012,147
5905897286,147
6446218921,147
6446218922,147
1556097034,147
1556097387,147
1556097139,147
1556097111,147
1556097271,147
1556097147,147
1556097215,147
1723315608,148
3247825561,148
3247825562,148
7636278193,148
7636278195,148
7636278196,148
7636278198,148
4807521484,148
1309067471,148
3741131600,148
5927671121,148
3741131606,148
7636244312,148
7636244313,148
7636244314,148
9042037852,148
914822496,148
2624005734,148
914822508,148
9030155763,148
5927671156,148
9030155766,148
9030155767,148
4826555772,148
4826555768,149
1150003195,149
25632870,149
1547013760,150
1547013601,150
1547013730,150
8785024514,150
1547013604,150
1547013704,150
1312453936,150
1547013653,150
1312453879,150
1547013593,150
9694096799,150
1353133536,151
4643336966,151
4643336968,151
4643336979,151
1353133533,151
1547013621,152
1547013694,152
1547013567,152
4402629177,153
4402594986,153
1547013655,153
1547013699,154
1550763732,154
1556097337,155
1556097148,155
1556097245,156
5189042550,156
1951372909,156
5976760443,157
1556324659,157
1590088452,158
1561071644,158
1599652497,159
5504771250,159
1599652492,159
1617532089,160
1617532091,160
2341656968,161
4697287178,161
8620082704,161
4169836445,161
6868293535,161
4696568114,161
6327557047,161
6327557048,161
8620105277,161
4697288390,161
367102039,161
1617596505,161
4166662878,161
4166662881,161
3265436260,161
1828408303,161
5146127859,161
4696544885,161
4696545402,161
1678452786,162
3474115151,162
7610670751,162
7610670826,163
7610670830,163
7610670771,163
1678452790,163
7610670780,163
7610670781,163
1684835042,164
4197055203,164
1684835138,164
1684835110,164
8868809321,164
1684835019,164
6014333809,164
1684835121,164
1684835093,164
1684835030,164
1684835062,164
5609643672,164
1684835097,164
5609643675,164
1707790024,165
4658088777,165
5177352932,166
5177352933,166
1707790099,166
5177352922,166
5177352923,166
250549835,167
1718566997,167
1718567007,167
9804685199,168
9804685200,168
9804685201,168
9804685202,168
1723388986,168
1755708736,169
4992781181,169
2990721391,169
1761598585,170
4316306163,170
4316306164,170
1137777341,170
1828402755,171
1828402756,171
1832248440,172
5600934875,172
2576893628,172
1939632512,173
108418,173
4826555773,173
1939632510,173
1990694635,174
1990694638,174
1990694641,174
3130435826,174
1990694647,174
2146369240,175
5468301601,175
10607626,175
2665239972,176
6509684093,176
2935324281,177
2737313094,177
288193455,177
3691462888,178
9804685203,178
9804685204,178
2755124949,178
9804685206,178
9804685205,178
2914561217,179
5924603458,179
5924603459,179
5924603460,179
5924603457,179
5924611312,179
5924603444,179
5924603445,179
5924603446,179
5924603447,179
5924603449,179
8500636794,179
5924603452,179
5924603453,179
5924603454,179
5924603455,179
4938216620,180
4166634958,180
3267461735,180
3272782432,181
1547013738,181
3272782429,181
3272782446,181
9693628389,182
3741117629,182
9693628390,182
9733914457,183
3817308667,183
5253290694,183
3892081362,184
3892081363,184
8675201264,185
7911282822,185
1556097326,185
4169714270,185
8026335686,186
4174200046,186
4879371168,187
4879371165,187
4421008566,187
4697525032,188
26374229,188
4697525030,188
4827019220,189
835390894,189
4866475736,190
4866475731,190
4866475733,190
4872502280,191
5947858321,191
9691082176,191
25496750,192
5265840063,192
5609643673,193
5609643674,193
6645346885,194
6711365597,194
7572833353,195
7572833350,195
7911282827,196
4169714271,196
1587330970,197
8783914189,197
8604055550,197
