node_id,cluster_id
4211515660,0
6866516260,0
2453947049,0
2453947051,0
1832666032,0
1637578546,0
2576893629,0
3519288132,0
25496790,0
25496792,0
8787692633,0
8787692634,0
3644748769,0
8787384683,0
8787384684,0
8787384685,0
8787384686,0
4211515634,0
104315,0
4211515644,0
4211515645,0
5119652864,1
5119652865,1
6431923714,1
6431923715,1
1816959492,1
2458273291,1
4077495820,1
4077495821,1
350377999,1
4077495826,1
25495543,1
1810130458,1
9203537438,1
9203537439,1
343669791,1
343669798,1
4077495854,1
4077495855,1
1832227886,1
447887921,1
4077495858,1
2458260532,1
1832227893,1
4077495862,1
9201323575,1
4077495867,1
4077495872,1
2458256449,1
4077495883,1
25495640,1
5899738713,1
25495646,1
6724775011,1
6724775012,1
6724775013,1
6724775014,1
6724775015,1
6724775016,1
6724775017,1
6724775018,1
6108171363,1
1832248428,1
6124650606,1
1236791408,1
338472562,1
5948183671,1
338472567,1
1832227968,1
25509513,1
5504212623,1
4077495951,1
26678167,1
9805219989,1
25509526,1
25509527,1
4077495957,1
6279388822,1
6279388823,1
6279388824,1
4077495964,1
25509533,1
25509534,1
350437528,1
4730978978,1
1236791459,1
4942595236,1
4730978981,1
4730978982,1
4730978979,1
4730978983,1
4077495971,1
4730978984,1
2458257578,1
9694031532,1
5265953452,1
5265953454,1
1364161197,1
5265953455,1
5265953457,1
5265953450,1
5265953459,1
5265953451,1
2458301100,1
1832228016,1
1938953399,1
1684437690,1
1684437692,1
1319881922,1
4158000323,1
1319881924,1
4530195657,1
4275394254,1
1236791504,1
894485202,1
2146369238,1
1953202903,1
1953202907,1
21578459,1
1596648673,1
5471345385,1
1236791535,1
4076126448,1
1832129778,1
9197589238,1
109815,1
109816,1
2458303223,1
109818,1
1832129783,1
1832129789,1
25495807,1
1236791552,1
25495808,1
25495809,1
1832129795,1
4076126468,1
9781435146,1
9781435148,1
9781435149,1
25495822,1
25496847,1
25496848,1
25496849,1
470727954,1
25496850,1
1938819348,1
1938819346,1
1938819350,1
1938819351,1
25496851,1
25496854,1
1832129813,1
25496855,1
25496857,1
338474269,1
1707790107,1
1832129823,1
25481504,1
1707790105,1
25481506,1
8975700259,1
8975700260,1
8975700261,1
6828931875,1
1832129831,1
1832052008,1
25495823,1
8975700266,1
25495858,1
9781311295,1
9856119617,1
6828927809,1
7946372933,1
7946372934,1
7946372935,1
7946372936,1
7946372937,1
7946372938,1
7946372939,1
7946372940,1
7946372941,1
7946372942,1
5516594509,1
21392278,1
1832129873,1
1655214934,1
1832129878,1
109408,1
109409,1
109410,1
108389,1
108390,1
8787384680,1
9693974377,1
1655214955,1
2458257570,1
9197589363,1
1953202962,1
6828921209,1
2458307450,1
6828921211,1
6828921210,1
104318,1
2458257573,1
6407948171,1
6407948172,1
9161061778,1
9161061779,1
2453941139,1
9804471701,1
9804471702,1
9161061783,1
26678168,1
26678169,1
26678166,1
2453941147,1
5207487900,1
9846850972,1
9846850974,1
9846850973,1
5119652863,1
26678171,1
25495824,1
1148249927,1
6988528038,1
6988528039,1
8645592521,1
1364172237,1
9197589454,1
9197589455,1
9197589457,1
1938953379,1
25497563,1
25497564,1
25497566,1
6279388821,1
3644748768,1
25495838,1
3644748770,1
308837357,1
1364168178,1
3817308659,1
3817308660,1
4076126707,1
1364168180,1
25495542,1
5119652857,1
1364169899,1
5119652862,1
1360122879,1
6369329152,2
6369329153,2
6369329154,2
6369329155,2
6369329156,2
1236791297,2
6369329158,2
6369329159,2
6369329160,2
6369329161,2
6369329162,2
6369329163,2
6369329164,2
6369329165,2
6369329166,2
25497611,2
6369329167,2
6369329169,2
25497612,2
6369329171,2
6369329172,2
6369329170,2
25497613,2
3233714196,2
1150003224,2
3233714197,2
3233714198,2
3233714194,2
3233714195,2
2632464413,2
6509584408,2
2632464415,2
2632464416,2
2293833760,2
1678452770,2
2293833763,2
20955164,2
6863550501,2
1726730281,2
1419565097,2
2398924843,2
2632464427,2
2398924845,2
1678452780,2
6863550510,2
1236791344,2
8784212017,2
1678452788,2
2398924853,2
1678452789,2
2398924855,2
1678452792,2
1678452793,2
1678452791,2
1678452795,2
1678452796,2
1678452797,2
2398924863,2
1678452799,2
1726730303,2
1678452802,2
1726730307,2
1726730329,2
262078536,2
25524297,2
25632855,2
25632856,2
25632857,2
25632858,2
25632859,2
18468958,2
2398924893,2
4870281310,2
4870281311,2
2398924896,2
25632862,2
2398924898,2
1215563875,2
4870281309,2
1215563870,2
1215563878,2
1215563879,2
25632865,2
1215563881,2
18468962,2
18468966,2
6369390691,2
6369390698,2
6369390696,2
6369390701,2
6369390700,2
6369390697,2
1215563890,2
1215563891,2
1326821490,2
6369390702,2
1215563894,2
1215563895,2
10606709,2
1726730354,2
25503862,2
21563508,2
32921720,2
7223704403,2
1326821502,2
1215563903,2
1326821504,2
1215563905,2
18468961,2
5342251136,2
373364868,2
1155584130,2
373364870,2
25503880,2
1326821513,2
373364874,2
3519879307,2
1326821515,2
3965024397,2
373364878,2
3965024399,2
3965024398,2
9611081868,2
7617755275,2
7617755274,2
1326821524,2
1326821525,2
25503885,2
4156336279,2
25495698,2
8785567902,2
25499808,2
1326821539,2
1326821541,2
1617596627,2
367100073,2
5177397418,2
5177397419,2
5177397420,2
3656358065,2
1617596593,2
1326821557,2
25473206,2
25473207,2
1326821559,2
1236791478,2
368044217,2
2215139515,2
1326821564,2
4650375357,2
1326821566,2
2632431806,2
2632431807,2
1326821569,2
1617596606,2
490946748,2
419350723,2
1617596615,2
1617596616,2
1326821577,2
1326821579,2
1782712524,2
1617596621,2
1938819279,2
367077584,2
1326821585,2
1938819282,2
1326821587,2
1938819284,2
1938819285,2
1938819286,2
5060405461,2
1938819288,2
1938819289,2
1938819290,2
1938819283,2
1326821596,2
1938819292,2
1938819294,2
1938819293,2
25497824,2
1938819296,2
1938819299,2
25497828,2
25497829,2
1938819301,2
1617596646,2
1938819304,2
1938819302,2
1938819306,2
4650375402,2
1326821613,2
1938819313,2
1617596659,2
1938819316,2
25497845,2
1938819317,2
1938819319,2
1938819320,2
1938819325,2
1938819326,2
1617596669,2
1938819328,2
1938819329,2
1938819330,2
1938819331,2
1236791555,2
25475331,2
25475332,2
1938819335,2
1938819336,2
8263166217,2
8263166218,2
2387194123,2
8263166219,2
1938819340,2
2387194126,2
2387194127,2
25497872,2
2387194128,2
1938819344,2
2387194131,2
1617596686,2
2387194133,2
1828402759,2
7610670906,2
7796554012,2
25632774,2
4072476959,2
4072476960,2
1617596704,2
2387194148,2
2387194149,2
2387194150,2
1782728999,2
1617596711,2
1617596714,2
2387194156,2
2387194157,2
8989843465,2
4383369519,2
6739026230,2
4663312695,2
4663312696,2
9024139148,2
4663312698,2
4663312697,2
9024139149,2
7183962432,2
2140432704,2
108864,2
108867,2
4530339701,2
1617647944,2
1617647945,2
4650375504,2
3497472337,2
2140420434,2
4383369553,2
237908,2
4650375508,2
9659603285,2
237911,2
5306194265,2
1081508186,2
25498458,2
1536948581,2
1081508200,2
3319978344,2
25470781,2
1955520879,2
25497968,2
1081508209,2
1771426165,2
25470783,2
1955520887,2
1955520890,2
372050299,2
4401156476,2
25470784,2
1771426174,2
5207476606,2
5207476607,2
5207476609,2
5207476610,2
25438595,2
5207476611,2
5207476613,2
25504129,2
5207476615,2
367104392,2
5207476617,2
5207476619,2
10572172,2
1939632526,2
25504143,2
25504144,2
1536948622,2
10572178,2
10572179,2
10572180,2
21563791,2
1678452753,2
367106464,2
20965794,2
4034060015,2
20965796,2
20965797,2
20965798,2
20965799,2
20965800,2
20965801,2
4729448869,2
20965803,2
20965804,2
20965805,2
20965806,2
4729448871,2
25438638,2
4034060018,2
3518967818,2
4143767990,2
1678452760,2
33141178,2
747893184,2
8373690817,2
8373690818,2
8373690819,2
8373690820,2
473266627,2
372978120,2
8373690825,2
8373690826,2
8373690827,2
8373690828,2
8373690829,2
5973397966,2
8373690830,2
8373690832,2
8373690833,2
8373690834,2
8373690835,2
8373690836,2
8373690837,2
8373690838,2
8373690839,2
8373690840,2
8373690841,2
8373690842,2
8373690843,2
8373690844,2
8373690845,2
8373690846,2
864817628,2
8785568228,2
2466456412,2
7223728617,2
4085778923,2
321255919,2
2466456414,2
7607077361,2
6369401334,2
4085778934,2
21563479,2
8620105268,2
8620105269,2
7607077372,2
469776896,2
8785484288,2
21563481,2
957122446,2
473264641,2
4017328647,2
25438732,2
25503851,2
4689775124,2
470729237,2
4689775126,2
10607127,2
10607128,2
10607129,2
8785484312,2
8785484313,2
8785484316,2
10607133,2
8785484315,2
8785484314,2
268124704,2
21563489,2
5475684917,2
372978232,2
5177397821,2
5177397822,2
5177397823,2
5177397824,2
256766529,2
5177397825,2
5177397827,2
5177397828,2
5177397829,2
5177397830,2
3267461703,2
5177397832,2
9754527745,2
9754527744,2
5177397835,2
3474115148,2
3267461709,2
441958990,2
1782729295,2
1782729296,2
441958992,2
5238528591,2
9684101713,2
6840965712,2
268124583,2
3696548438,2
3267461710,2
4530057817,2
3267461721,2
4658088539,2
9729684314,2
2135411294,2
2135411296,2
2135411297,2
9024076384,2
9024076385,2
4369519204,2
3267461729,2
3267461728,2
25475688,2
3267461737,2
25475690,2
25475691,2
5736692334,2
21563503,2
3267461742,2
4369519219,2
3267461747,2
3267461749,2
3267461752,2
4369519227,2
3267461756,2
3267461758,2
3267461759,2
7223712382,2
4658088585,2
2294047369,2
4866591373,2
4866591374,2
4866591375,2
4866591376,2
18395811,2
4085767970,2
4085767971,2
4922952362,2
4691514032,2
1268892338,2
4085767974,2
4530270906,2
473262779,2
4530270908,2
25471681,2
4530270913,2
8785457867,2
2241962700,2
2620105428,2
21578454,2
25632863,2
6525670240,2
1311961826,2
3519005409,2
25632864,2
1020211942,2
4691460851,2
25471732,2
25471733,2
25471734,2
6525670241,2
419347194,2
419347195,2
419347196,2
419347197,2
419347198,2
419347199,2
419347200,2
419347201,2
419347202,2
2632430340,2
419347203,2
2632430342,2
25500427,2
275180300,2
4089236235,2
4089236236,2
4085767992,2
6525670242,2
1163954964,2
4085767993,2
8807441176,2
5207477021,2
3519013665,2
1401926435,2
1268900644,2
5006063178,2
2480657190,2
5973627687,2
25503841,2
5006063179,2
1536948605,2
1268892466,2
1268892467,2
1268900660,2
1311961910,2
4627491642,2
4627491643,2
25503845,2
390341443,2
9856119621,2
446765895,2
390073160,2
4643337035,2
25503848,2
2466456399,2
2466456400,2
2466456401,2
2466456402,2
2466456403,2
2466456404,2
2466456405,2
2466456406,2
2466456407,2
2466456408,2
2466456409,2
8336028505,2
9856119643,2
8336028508,2
8336028509,2
9804653406,2
8336028510,2
9804653408,2
8336028507,2
9856119645,2
2466456411,2
8336028516,2
25500517,2
2466456413,2
8336028511,2
8336028512,2
8336028513,2
8336028515,2
8336028514,2
6369390690,2
632447859,2
4663309171,2
25500535,2
4860803960,2
1649365881,2
4860803961,2
6369390692,2
8373651315,2
1268892541,2
6369390693,2
1214922421,2
8373651316,2
3876713343,2
6369390694,2
4650375309,2
1311961991,2
6369390695,2
6369361794,2
21392267,2
6369361795,2
21392272,2
21392273,2
2586616722,2
4378043283,2
1759454104,2
1759454106,2
6369390699,2
1311962013,2
1311962016,2
1236791506,2
4240028580,2
1759454118,2
1759454122,2
354935735,2
1163955130,2
8620272571,2
2265050050,2
435104715,2
435104717,2
5177410511,2
3586606038,2
3586606039,2
455705562,2
269589467,2
5353604060,2
5353604061,2
9310682079,2
1311962082,2
8373623781,2
3644748774,2
25066470,2
2360685543,2
1311962089,2
8373752817,2
25504755,2
25504756,2
2012969971,2
8373690824,2
9804774392,2
1953096696,2
25504760,2
25504763,2
9781311296,2
9781311297,2
25504769,2
25504770,2
9756243981,2
107667,2
3265436678,2
9756243982,2
3265436680,2
25504777,2
1311962122,2
25504779,2
9756243983,2
3265436686,2
3265436688,2
9756243984,2
1311962130,2
3518995475,2
3265436692,2
9756243985,2
3265436695,2
8373690831,2
3497483291,2
9756243986,2
7926506525,2
7926506526,2
7926506527,2
7926506529,2
7926506530,2
7926506531,2
7926506532,2
9754453026,2
9754453027,2
9754453031,2
9754453032,2
9754453033,2
9754453030,2
9754453028,2
319984684,2
1360122924,2
9754453029,2
25496622,2
24951856,2
1723388979,2
4866653236,2
1311962169,2
1723388985,2
1311962182,2
5711517571,2
4150883407,2
9855343702,2
1938819280,2
282719,2
2140421219,2
2140421220,2
7572833381,2
2140421222,2
2140421223,2
2140421224,2
7572833379,2
7572833380,2
3076574323,2
5114681227,2
107641,2
107643,2
107644,2
107646,2
107647,2
8755805313,2
5114681230,2
2140506294,2
20460681,2
5880188045,2
20460686,2
20460687,2
20460688,2
5880188046,2
20460690,2
20460691,2
20460692,2
107668,2
20460694,2
20460695,2
20460696,2
20460697,2
9691102358,2
8785441943,2
6506796188,2
8785441944,2
9691102362,2
7607080091,2
1239549084,2
107684,2
107685,2
107686,2
107687,2
107688,2
1617532073,2
107690,2
4938216619,2
107692,2
107693,2
419632303,2
419632306,2
419632307,2
1617532085,2
1617532087,2
1617532088,2
244128953,2
1617532090,2
25066684,2
1617532092,2
1782725824,2
25066694,2
2387209415,2
25066696,2
9021504714,2
9021504715,2
3233714192,2
4703542482,2
4703542483,2
419350669,2
3233714193,2
1054045407,2
5046627553,2
4822267107,2
4822267109,2
2360681713,2
2387207417,2
2387207418,2
2387207420,2
2387207421,2
2387207423,2
9684083967,2
2387207425,2
2387207426,2
388455682,2
9684083971,2
9684083975,2
9684083976,2
9684083977,2
7553887498,2
9684083979,2
9684083978,2
1054045453,2
9684083981,2
9684083983,2
9684083982,2
9684083984,2
8373728530,2
9684083987,2
9684083988,2
7553887509,2
9684083992,2
9684083993,2
9684083995,2
3320947996,2
25066784,2
9021498664,2
7223668011,2
7223668012,2
5976853817,2
2265048377,2
5046627645,2
2919962041,2
5046447437,2
3816097102,2
3816097103,2
3816097104,2
3816097105,2
26374236,2
1366095187,2
1366095189,2
1366095190,2
2919962045,2
6951230826,2
1793420652,2
1655418222,2
7946378607,2
7946378608,2
4826555767,2
25505677,2
1125619075,2
4378043789,2
5006065038,2
9161061775,2
5006065040,2
5006065041,2
5006065037,2
5006065039,2
25634199,2
5207487897,2
6871422365,2
748885412,2
2665239973,2
2665239975,2
4367041960,2
2665239977,2
1954751914,2
4367041962,2
1954751916,2
2665239978,2
1954751918,2
2665239976,2
1954751924,2
9693963701,2
9693963702,2
9693963703,2
9693963704,2
9693963705,2
9693963706,2
9693963707,2
9693963708,2
2919962040,2
2919962039,2
2919962038,2
316763584,2
2919962042,2
316763586,2
2919962043,2
2919962044,2
9693982149,2
316763590,2
2919962046,2
316763595,2
2775653836,2
316763600,2
25499095,2
9691076056,2
1125619161,2
4571940314,2
4328443355,2
4571940315,2
4627445213,2
1148276186,2
4627445215,2
1852997088,2
25499104,2
4627445216,2
4627445217,2
2466442731,2
25499115,2
4866651966,2
2632488435,2
2466449291,2
4627445240,2
4627445241,2
2632488445,2
5055364608,2
373364225,2
5055364610,2
5055364611,2
373364228,2
6293128709,2
5055364612,2
5055364614,2
7223695323,2
4627445257,2
4627445258,2
4627445259,2
4627445260,2
4627445261,2
7223695324,2
21583366,2
8620105233,2
8620105234,2
8620105236,2
8620105240,2
4630855193,2
1810130457,2
8620105243,2
8620105244,2
8620105242,2
4089226784,2
4630855202,2
1125619235,2
4630855204,2
4630855205,2
4630855203,2
8620105259,2
473265708,2
8620105265,2
1813618227,2
1813618228,2
1813618229,2
1813618230,2
1813618231,2
1813618232,2
9310662201,2
9310662202,2
1596655163,2
1813618234,2
1678155318,2
25067068,2
8620105270,2
1148276284,2
5006063170,2
5006063171,2
5006063172,2
5006063173,2
1828402758,2
5006063175,2
2387213896,2
1828402760,2
5006063176,2
2387213899,2
5006063177,2
1828402765,2
2387213902,2
1828402767,2
2387213904,2
1828402769,2
5006063186,2
8336028504,2
1828402771,2
5006063180,2
1828402774,2
9756278362,2
9756278363,2
9756278364,2
3704225374,2
3704225375,2
3704225376,2
25577057,2
3704225378,2
3704225379,2
3704225380,2
6327615076,2
6327615075,2
5976850023,2
5976850024,2
6327615074,2
7610670710,2
3328228993,2
3328228994,2
4962956931,2
3328228996,2
264824452,2
3328228998,2
25161351,2
25161352,2
25161353,2
3328229004,2
973158035,2
761831060,2
3722411669,2
25161365,2
25161366,2
25161372,2
2360684188,2
8263157412,2
8263157413,2
8263157414,2
8263157415,2
8263157416,2
7271474856,2
7271474855,2
8785503917,2
8785503918,2
8785503919,2
8785503920,2
5041784501,2
1813618358,2
3972566710,2
4077627063,2
3972566713,2
1214922426,2
3972566715,2
3972566716,2
1214922428,2
1214922429,2
255860415,2
110274,2
1707790023,2
1707790029,2
7613626070,2
7613626073,2
9781190365,2
2775635677,2
1707790052,2
1707790055,2
4034060007,2
1707790057,2
4034060012,2
1707790062,2
1707790063,2
1707790064,2
4329502449,2
2632486641,2
1707790067,2
2265065203,2
2632486645,2
4379801334,2
2632486646,2
2265065207,2
4034060017,2
4866623226,2
1707790074,2
1707790076,2
1707790077,2
1707790085,2
4076095242,2
8868824843,2
419632906,2
1707790096,2
1782730512,2
4076095253,2
25505561,2
7610670876,2
4076095262,2
2331184927,2
2331184929,2
2331184930,2
2331184931,2
2331184932,2
5006978853,2
8868824870,2
8868824871,2
5006978855,2
5006978856,2
5006978857,2
25505673,2
2331184934,2
2331184935,2
7610670892,2
4085767983,2
4085767978,2
25505585,2
4085767980,2
4085767989,2
7926554423,2
4866651959,2
5041784633,2
5041784634,2
4866651962,2
7926554424,2
4866651963,2
7926554430,2
7926554431,2
4866651968,2
1813618497,2
9781311298,2
9781311299,2
8868824899,2
367105859,2
4866651969,2
367105858,2
7610670913,2
7610670919,2
7610670921,2
25505607,2
3267461693,2
4859246418,2
4859246419,2
4859246420,2
4764884821,2
25505622,2
3267461696,2
25505624,2
6525670234,2
1326821471,2
25505629,2
6525670235,2
7617785701,2
6525670236,2
108391,2
6525670237,2
7617785710,2
25505648,2
6525670238,2
7617785714,2
7617785713,2
4530339698,2
1835356021,2
6525670239,2
4530339700,2
4530339702,2
9024139129,2
108409,2
4530339699,2
9024139132,2
9024139133,2
9024139134,2
104319,2
104320,2
9024139135,2
9024139138,2
9024139136,2
9024139137,2
6369361789,2
2466445190,2
9024139143,2
9024139144,2
9024139145,2
9024139146,2
9024139147,2
2466449286,2
2466449288,2
4428887946,2
2466449287,2
2466449289,2
2466449290,2
2466449293,2
2466449295,2
2466449294,2
2466449297,2
2466449296,2
9024139150,2
25505679,2
4807796633,2
4661317524,2
1813794712,2
2387212189,2
4661317536,2
7066617760,2
9693865890,2
25632677,2
25632683,2
25632684,2
4860825518,2
2632476590,2
367091632,2
1726730162,2
1726730165,2
4719617974,2
472346838,2
469759942,2
469759943,2
2632476618,2
5880186827,2
5880186828,2
2632476621,2
25470928,2
1150003155,2
3813810132,2
9808795605,2
9808795606,2
9808795607,2
9808795608,2
9808795609,2
9808795610,2
9808795611,2
3813810133,2
7836155869,2
7223709662,2
2632476639,2
7223709664,2
1725360097,2
1150003170,2
3497461727,2
7223709668,2
7223709669,2
7223695327,2
7223695326,2
25475182,2
9754527740,2
9754527741,2
9754527742,2
9754527743,2
104321,3
5046314042,3
9693760971,3
24951853,3
1046306670,3
24951854,3
4922952373,3
5046314040,3
9856119641,3
268997562,3
5046314043,3
25632860,3
5046314041,3
3876429831,4
25067558,4
7815143465,4
2218344498,4
2218344501,4
27459638,4
2218344503,4
2218344505,4
2218344508,4
2218344509,4
2218344510,4
2218344511,4
2218344516,4
2218344518,4
2218344522,4
7815143503,4
28418138,4
28418141,4
28418144,4
2642878568,4
2642878569,4
25477228,4
2934268020,4
25067636,4
7815143559,4
25477258,4
25067670,4
7815143581,4
5160943793,4
5160943794,4
25477300,4
5160943797,4
5160943798,4
1566269623,4
25477301,4
5160943803,4
5160943806,4
5160943807,4
25067727,4
25067728,4
25477335,4
25067737,4
25477339,4
27459830,4
25477371,4
25067788,4
6463234329,4
5925626141,4
5925626142,4
4618510643,4
27459905,4
8579522887,4
5247852872,4
1144619335,4
1782718791,4
1782718792,4
8390582613,4
25067871,4
27459945,4
25067883,4
27459951,4
25248112,4
25248113,4
25248114,4
25248115,4
25248117,4
25248118,4
25248119,4
25248120,4
2297373047,4
25248122,4
25248123,4
25248124,4
25248125,4
25248126,4
25248127,4
25248128,4
27459969,4
27459970,4
27459971,4
27459966,4
5065949596,4
25067933,4
5065949598,4
25067935,4
25067936,4
5095547321,4
259252667,4
9690915259,4
9690915263,4
9690915264,4
28418497,4
354886082,4
9690915265,4
9690915267,4
9690915268,4
9690915271,4
5335245256,4
9690915273,4
9690915274,4
9690915275,4
6465896909,4
3644785104,4
354886099,4
4077593104,4
7926686250,4
4305986094,4
4430996023,4
4430996024,4
4430996033,4
57786953,4
5238587992,4
5238587994,4
27460198,4
27460210,4
27460250,4
7836164763,4
7836164764,4
7836164765,4
27460259,4
3715515059,4
7926563545,4
3499500263,4
1566270189,4
251757321,4
8429945617,4
8429945618,4
4164428578,4
28418859,4
28418877,4
28418879,4
28418880,4
4144358216,4
4144358217,4
27460439,4
4167762778,4
28418909,4
385311590,4
28418921,4
4529881970,4
8429945717,4
3517719434,4
251757452,4
251757458,4
212927414,4
1310663631,4
251757533,4
1312932832,4
1312932849,4
9693971447,4
9693971448,4
9693971449,4
9693971450,4
9693971451,4
9693971452,4
585180151,4
9693971464,4
1312932879,4
1312932894,4
1721713699,4
385311796,4
107584,4
3247932481,4
107586,4
107587,4
107588,4
107585,4
3247932486,4
107602,4
675734610,4
675734613,4
107606,4
6332695638,4
6332695637,4
5046314073,4
2793874522,4
3585762393,4
6332695639,4
5046314077,4
675734622,4
329983075,4
5046314090,4
5046314091,4
5046314092,4
107628,4
107627,4
107626,4
107634,4
107637,4
107638,4
5165786239,4
5165786242,4
5165786245,4
7487734942,4
7620895974,4
28419328,4
25068862,4
3816097106,4
3816097107,4
3816097108,4
3816097109,4
3816097110,4
9042027865,4
9042027866,4
357999964,4
1717650794,4
1556260235,4
1556260241,4
25544111,4
25544112,4
8318797234,4
8318797235,4
8318797236,4
8318797237,4
2218362306,4
2218362310,4
2218362314,4
2218362316,4
2218362321,4
2218362332,4
2218362336,4
1731216865,4
873809385,4
25069046,4
722208263,4
3735889430,4
255051289,4
5473273373,4
5473273376,4
4729628192,4
5473273425,4
5473273433,4
5473273435,4
1550763620,4
3528738434,4
3528738438,4
3528738439,4
3528738440,4
9690769059,4
2490721964,4
1493722804,4
5218862786,4
6470264535,4
6470264536,4
5104314096,4
5104314098,4
24659709,4
2378843909,4
24659736,4
2195965722,4
2195965723,4
24659764,4
4864083784,4
4864083785,4
3486459766,4
5104314255,4
5104314256,4
2387224474,4
2387224475,4
5104314275,4
8042022825,4
3247933381,4
3247933387,4
5931509715,4
5104314325,4
843376599,4
5931509720,4
5931509721,4
2218362849,4
9693628386,4
9693628387,4
9693628388,4
250324965,4
5104314353,4
9703794686,4
9703794687,4
9703794688,4
9703794689,4
9703794690,4
9703794691,4
9703794692,4
9703794693,4
9703794694,4
9703794695,4
9703794696,4
9703794697,4
5104314384,4
1569343523,4
9690974262,4
9690974263,4
9690974264,4
9690974265,4
9690974266,4
9690974272,4
9690974274,4
9690974275,4
9690974276,4
9690974277,4
9690974278,4
3073173576,4
3073173585,4
1569343576,4
1569343577,4
9699944538,4
9703827555,4
4835108995,4
4835108996,4
4835108997,4
4835108998,4
4835108999,4
4835109000,4
4835109001,4
4835109002,4
9673091207,4
9673091208,4
9673091213,4
9673091214,4
5517519002,4
3334162601,4
9694087358,4
9694087359,4
9694087360,4
9694087361,4
4688513218,4
9694087363,4
9694087364,4
9694087365,4
4866705606,4
7082240198,4
9694087362,4
1312188619,4
7223298252,4
7223298253,4
7223298254,4
4688513237,4
4688513241,4
9027340515,4
9027340516,4
6969936105,4
6969936106,4
6969936109,4
6969936112,4
1312188660,4
1569343756,4
1717643537,4
1312188692,4
2140227862,4
1312188694,4
1046391070,4
1312188704,4
4866664736,4
1312188714,4
1312188722,4
8043350325,4
1312188731,4
1312188741,4
8043350341,4
8869464398,4
5224630617,4
1312188768,4
2990721389,4
2990721391,4
1312188797,4
2902624645,4
1312188821,4
1312188824,4
250325411,4
2935392676,4
1569343909,4
5931501991,4
1312188845,4
4244498866,4
8868194757,4
5925628361,4
1312188883,4
1312188886,4
8868194778,4
2406484452,4
2406484453,4
2406484454,4
2406484455,4
8807410152,4
8807410154,4
2406484460,4
8807410158,4
9042053623,4
9042053624,4
5269678593,4
1401416203,4
1365887500,4
1401416208,4
3847023130,4
9710348827,4
9710348828,4
1312188955,4
3847023131,4
9673189925,4
9673189926,4
4534184507,4
1312188988,4
4534184516,4
1312189057,4
9710332576,4
9710332577,4
1312189098,4
6280047275,4
6280047277,4
6280047278,4
6280047280,4
24660697,4
8318757605,4
8318757606,4
18393873,4
20458273,4
20458275,4
20458276,4
20458277,4
2969439040,4
1718233922,4
4138224462,4
9699953505,4
4866976610,4
4866976611,4
1718233957,4
4866976614,4
4866976613,4
109416,4
4866976617,4
109414,4
109415,4
4992781181,4
24660863,4
1718233994,4
1733389278,4
5473274866,4
3632581622,4
2872699894,4
9690975243,4
5334625292,4
5334625293,4
9690975244,4
9690975245,4
6985395258,4
2203888698,4
1719422038,4
1727515734,4
10677374,4
10677376,4
10677377,4
6995618971,4
7553887392,4
109728,4
6995618979,4
7553887409,4
347335859,4
7553887415,4
347335878,4
109766,4
3708234957,4
3708234964,4
21990624,4
21990625,4
21990626,4
21990627,4
21990628,4
21990629,4
1014803686,4
21990630,4
21990631,4
7553887464,4
21990632,4
1951616234,4
1951616231,4
1951616236,4
1951616232,4
1014803691,4
377490664,4
377490677,4
1014803702,4
1014803704,4
2914561272,4
2642857212,4
249679102,4
21523714,4
21523715,4
21523716,4
1951616261,4
1014803714,4
1951616263,4
1014803718,4
1014803721,4
21523718,4
21523719,4
1951616268,4
1951616270,4
1951616276,4
1951616278,4
1014803736,4
24661273,4
1951616283,4
1951616284,4
1951616287,4
1951616291,4
1951616292,4
1951616295,4
1951616297,4
3231501611,4
5565443389,4
5565443390,4
1951616319,4
1951616322,4
1951616325,4
5565443397,4
1951616327,4
25496910,4
9375100241,4
9375100242,4
3220254039,4
316763500,4
316763501,4
316763513,4
6304787860,4
6304787861,4
316763545,4
6266867111,4
6266867112,4
6266867113,4
6266867114,4
835390894,4
429346236,4
429346241,4
429346243,4
429346251,4
429346253,4
6985379285,4
6985379286,4
3499544028,4
1350430181,4
585199079,4
1505332730,4
9080098305,4
9080098306,4
9080098307,4
9080098308,4
9080098309,4
249679365,4
9080098312,4
9080098313,4
9080098314,4
2987912733,4
1547013692,4
1547013698,4
283061836,4
6218501713,4
6218501715,4
6218501717,4
6218501740,4
1547013743,4
6218501746,4
1186508405,4
6218501751,4
6218501753,4
2218348156,4
2218364541,4
6218501757,4
2218364543,4
25161345,4
25161346,4
4344245892,4
4344245893,4
4344245894,4
25497222,4
1497452171,4
25161360,4
25161361,4
25161362,4
25161363,4
9030037142,4
25161368,4
25161370,4
1569312412,4
110238,4
25161377,4
25161378,4
25161379,4
25161380,4
25161381,4
25161383,4
25161384,4
25161386,4
25161387,4
472493763,4
7223365368,4
7223365370,4
7223365371,4
7223365372,4
2538458898,4
3906588452,4
5227220835,4
5227220845,4
5227220846,4
5227220848,4
9816821617,4
9030029183,4
250326914,4
4072083344,4
4072083345,4
8869040027,4
8869040028,4
8976060358,4
24661966,4
5046005743,4
5046005745,4
250327037,4
5046005758,4
7797731340,4
7797731341,4
7797731342,4
7797731343,4
24662037,4
5046005790,4
9694072864,4
1043001378,4
250327100,4
5342236733,4
1043001410,4
5342236740,4
1043001422,4
1043001423,4
1771458655,4
1771458658,4
250327159,4
2934288509,4
2934288513,4
2934288514,4
2961540,4
2934288517,4
2934288518,4
2934288523,4
2961549,4
2934288530,4
2961557,4
18395288,4
1326821544,4
7817162929,4
1233350847,4
1233350848,4
1039290562,4
1233350862,4
1039290578,4
1039290584,4
5009060057,4
1039290586,4
9080123618,4
9080123619,4
9080123622,4
9080123623,4
9080123624,4
1233350889,4
9080123627,4
9080123628,4
1939558646,4
1939558647,4
1939558648,4
1939558649,4
1939558650,4
1939558651,4
3894948091,4
3894948093,4
1939558655,4
1939558657,4
1939558659,4
1939558660,4
1939558661,4
5141876996,4
1939558663,4
1939558664,4
1939558666,4
1939558667,4
18469130,4
18469132,4
1939558671,4
1939558672,4
1939558673,4
1939558674,4
1939558677,4
1939558678,4
1939558681,4
1939558684,4
1939558687,4
1939558697,4
1939558700,4
1939558701,4
1939558704,4
9693974851,4
4195103055,4
9766629717,4
1312264546,4
2642612586,4
1771426166,4
1939632502,4
1939632504,4
1782714747,4
1771426172,4
1771426173,4
9690878337,4
2934411661,4
1042862477,4
2934411667,4
2934411668,4
1312264600,4
1042862492,4
1312264610,4
1312264618,4
7911297462,4
7911297463,4
347541965,4
7911297486,4
347541973,4
2961885,4
2961891,4
1678283238,4
7797338599,4
7797338600,4
1678283242,4
1678283244,4
1678283247,4
5141877239,4
250327576,4
2967343648,4
2967343649,4
250327591,4
250327609,4
250327618,4
250327619,4
1042862673,4
5335233113,4
5335233114,4
9027367517,4
9027367518,4
5335233119,4
5335233120,4
3272782433,4
2218340965,4
1042862696,4
5904585328,4
5049840242,4
5049840243,4
5049840245,4
7797330549,4
5049840248,4
251892353,4
1042862726,4
3850146457,4
3892081373,4
3892081378,4
1311961846,4
251892475,4
2612458244,4
2612458246,4
7906964247,4
7906964248,4
7906964249,4
7906964250,4
7906964251,4
1014649631,4
9021535020,4
4136137525,4
4136137529,4
4136137530,4
6032044867,4
6032044868,4
1014649672,4
9710359368,4
9856119626,4
9856119627,4
9856119628,4
9856119632,4
9856119635,4
251892564,4
9856119637,4
9856119638,4
9856119639,4
9856119642,4
9856119648,4
9856119649,4
9856119650,4
9856119651,4
3381130086,4
3381130087,4
3381130089,4
3381130090,4
3381130091,4
3381130092,4
4054356842,4
4054356847,4
367121266,4
27480957,4
3145798533,4
4223357836,4
2279592861,4
2279592862,4
4827050921,4
268997560,4
8753664977,4
1311962065,4
1311962079,4
3644748767,4
3644748773,4
213668839,4
213668842,4
5042033643,4
213668844,4
251892754,4
3272712566,4
1233327202,4
250549348,4
251892950,4
347542743,4
9203578106,4
9203578107,4
3381130493,4
1312453915,4
1312453919,4
24950050,4
24950051,4
24950064,4
24950065,4
1312453950,4
1312453954,4
24950093,4
1312453966,4
8868001103,4
8868001104,4
250549587,4
24950101,4
24950102,4
24950104,4
24950105,4
24950107,4
24950109,4
24950110,4
24950111,4
24950112,4
24950113,4
24950114,4
24950115,4
1312453981,4
24950117,4
1312453996,4
1312454015,4
3550836102,4
249558409,4
1678226827,4
1312454038,4
1312454045,4
1678226846,4
1312454048,4
250549670,4
1312454055,4
1312454066,4
1312454068,4
1689605567,4
250549699,4
250549700,4
1312454086,4
1312454087,4
1312454100,4
1312454114,4
1678226917,4
8785024497,4
30078473,4
3215685153,4
2003007012,4
1678227031,4
28800670,4
28800671,4
28800672,4
6110164641,4
6110164647,4
6110164649,4
6110164650,4
28800689,4
6110164659,4
6110164660,4
277337783,4
5875062471,4
7223326407,4
7223326408,4
7223326409,4
7223326410,4
7223326411,4
7223326413,4
7223326414,4
7223326412,4
5875062472,4
9693910743,4
255678213,4
250550023,4
250550024,4
4230027057,4
2140124996,4
5141354328,4
5141354329,4
5141354330,4
5141354331,4
5141354332,4
5141354333,4
8869435257,4
8869435258,4
2203268985,4
104322,4
8869435266,4
8869435268,4
5977954180,4
252729234,4
8869435290,4
25532332,4
9030121410,4
9808795598,4
9808795599,4
9808795600,4
9808795601,4
9808795602,4
9808795603,4
9808795604,4
4827019220,4
471488469,4
471488472,4
25532377,4
25532384,4
471488484,4
4715263992,4
4715264000,4
4715264001,4
4715264002,4
25475072,4
4715264004,4
5816743941,4
5816743942,4
5816743945,4
5816743947,4
5816743949,4
5816743950,4
6014302223,4
6014302222,4
6014302226,4
6014302227,4
6014302228,4
9693730842,4
25532464,4
3533830193,4
25532475,4
1211381855,4
5257738379,4
5257738381,4
5257738384,4
3528710290,4
5257738387,4
1312471188,4
5257738389,4
1569216662,4
1312471190,4
5257738390,4
1312471193,4
1312471189,4
1312471196,4
1312471197,4
3858880674,4
3858880675,4
3858880676,4
3858880677,4
3858880678,4
1312471202,4
1312471208,4
1312471210,4
1312471216,4
1312471217,4
8868010162,4
4866807989,4
1312471222,4
1312471223,4
8868010171,4
1312471252,4
8868010202,4
1312471258,4
3153656028,4
8868010205,4
3153656030,4
1312471265,4
1312471267,4
1312471271,4
8868010216,4
8868010218,4
8868010221,4
27351282,4
27351284,4
6985373980,4
6985373982,4
6985373983,4
6985373984,4
3139705121,4
1685272862,4
8868010279,4
8868010280,4
8868010281,4
8868010287,4
9027328313,4
9027328314,4
5816744255,4
5816744257,4
8429934918,4
25475419,4
1755265415,4
1755265428,4
1755265432,4
1755265444,4
2387220933,4
1782716888,4
25475561,4
212916714,4
367114771,4
7657257518,4
9375078973,4
9375078974,4
9375078975,4
25475661,4
25475663,4
25475664,4
25475770,4
1569241807,4
1569241808,4
5141625621,4
5141625623,4
5141625625,4
27458331,4
5141625630,4
2793904931,4
27458353,4
4077599543,4
4077599544,4
4077599545,4
475396924,4
473258827,4
1571298141,4
5141625696,4
5141625698,4
5141625702,4
5141625703,4
9042025325,4
3930921860,4
1718328198,4
5041945479,4
5041945481,4
1571298192,4
1571298195,4
24951721,4
3673602988,4
3673602993,4
25066450,4
25066451,4
25066453,4
25066457,4
4866784251,4
8672066581,4
7236131861,4
7236131862,4
7236131864,4
7236131865,4
25476124,4
3735886877,4
25476127,4
7745051680,4
25476131,4
25476132,4
25476134,4
7636163631,4
1684511838,4
8515091589,4
1721678995,4
4867087535,4
5929540796,4
9710304459,4
9021504716,4
9710304460,4
302013673,4
5573991659,4
302013676,4
5573991660,4
302013678,4
302013681,4
302013682,4
302013685,4
7636180236,4
7636180237,4
7636180239,4
7636180241,4
7636180242,4
4155841811,4
4155841820,4
4210859292,4
1787108646,4
1787108647,4
1787108648,4
1787108649,4
1787108650,4
9269886261,4
7900888377,4
1755708736,4
5925584201,4
5925584203,4
5925584204,4
302013776,4
302013777,4
2935373159,4
2935373161,4
7567588716,4
8807431535,4
8807431541,4
7900888437,4
8807431546,4
8807431548,4
8807431550,4
8807431551,4
1678245252,4
9030155653,4
9030155654,4
8807431559,4
8807431560,4
2872704413,4
18382242,4
3215687074,4
3499556266,4
1782717878,4
9135848919,4
9135848920,4
9135848921,4
9135848922,4
9135848923,4
9135848924,4
9135848925,4
9030155749,4
9030155750,4
9030155751,4
9030155753,4
9030155754,4
5141216745,4
9030155756,4
9030155755,4
5141216746,4
5141216754,4
3528711693,4
5141216782,4
5141216790,4
9693920794,4
9693920795,4
9693920797,4
9693920801,4
9693920802,4
9693920803,4
4920098342,4
4920098343,4
4920098344,4
3528711722,4
27459116,4
4920098349,4
27459120,4
1343823418,4
6110191188,4
27459165,4
8923643489,4
8923643490,4
2935324280,4
27459198,4
4726152840,4
4726152844,4
4726152847,4
4726152848,4
4726152850,4
4726152854,4
4726152857,4
5198585557,4
5198585559,4
9781190366,4
9781190367,4
9781190368,4
9781190369,4
7644741346,4
7644741345,4
3706494694,4
7644741351,4
585129712,4
742399752,4
3987750677,4
3987750679,4
3987750684,4
5218844445,4
5218844446,4
3987750685,4
3987750686,4
3987750687,4
3987750688,4
3987750692,4
8064065316,4
8064065323,4
4166967089,4
25067324,4
30056255,4
21307200,4
21307201,4
21307202,4
4629462859,4
30056277,4
27459959,4
30056310,4
6369361788,4
6369361790,4
8438226815,4
6369361792,4
6369361791,4
6369361796,4
6369361797,4
25067400,4
1547657104,4
2389802901,4
2389802904,4
4748394420,4
25067461,4
25067463,4
25067469,4
25067470,4
25067473,4
25067476,4
25067479,4
7836155866,4
1718566880,4
4167762779,5
104323,5
8429225386,5
8429706219,5
8429795032,5
295977520,5
6110191186,5
4167762777,5
8429774517,5
4167762776,5
8429795033,5
8429795034,5
8429795035,5
3855607516,5
1237883773,5
2364384488,6
8030470473,6
585124778,6
1951242858,6
1951242860,6
3397689900,6
2364378222,6
2364371185,6
2364379602,6
2364379603,6
2364379604,6
2364379605,6
107613,6
107614,6
1864047135,6
25475328,7
1990912129,7
25473281,7
9700060292,7
690295047,7
9690878344,7
4872502279,7
9632417162,7
9632417163,7
4078858000,7
4078858001,7
869968536,7
4136124524,7
4777885221,7
4777885222,7
4085387943,7
9683581480,7
4085387945,7
4136124526,7
7246486955,7
283062189,7
3385332654,7
9683686963,7
3733791671,7
585127354,7
1155552319,7
1137777343,7
8030470464,7
585130362,7
9683585635,7
903630659,7
8030470469,7
8497605091,7
7638732490,7
7638732491,7
25475417,7
585148380,7
4832472797,7
9135845214,7
680069471,7
107615,7
8579240311,7
9135845216,7
9135848931,7
680069473,7
9135845213,7
6265654109,7
9135848928,7
1951242856,7
1951242857,7
1990912106,7
1951242859,7
2364384492,7
2364384490,7
680069483,7
2364387947,7
9135848938,7
9135848937,7
2364371186,7
1990912115,7
8579240307,7
8579240309,7
8579240310,7
8579240308,7
8579240312,7
8579240313,7
8579240314,7
25473279,7
473258249,8
1312454029,8
1312454031,8
473258639,8
3887941013,8
2059790748,8
25532576,8
6458938017,8
7926686249,8
1312454058,8
7926686252,8
1312454061,8
25544110,8
25265075,8
5340811829,8
5340811830,8
25265077,8
25265079,8
25265080,8
25265078,8
4085783099,8
1418752708,8
5340811717,8
4077579334,8
1312454090,8
4166634955,8
2142502090,8
7911243856,8
1418752721,8
7911243857,8
4166634962,8
763372884,8
7911243861,8
7911243858,8
7911243863,8
763372886,8
9413430622,8
7911267686,8
7620895976,8
1727515754,8
7911267693,8
1312453999,8
107632,8
9804578356,9
9820537921,9
9820537922,9
1736685635,9
9820537934,9
1326821457,9
4297243218,9
9576827481,9
9576827482,9
25475674,9
1326821465,9
25475692,9
25475693,9
1326821487,9
1326821489,9
1363483801,9
4297243295,9
9820538016,9
9820538017,9
4297243298,9
9820538018,9
9820538019,9
4158004390,9
1326821542,9
9820538028,9
4571238064,9
4571238067,9
4571238068,9
4297212084,9
25475767,9
1938953403,9
1938953406,9
1326821568,9
1938953413,9
748797126,9
1938953414,9
1938953417,9
6828863691,9
6828863692,9
6828863693,9
6828863694,9
6828863695,9
6828863696,9
6828863697,9
4297212114,9
6828863698,9
1938953430,9
4297212119,9
1938953431,9
748797145,9
1326821593,9
1938953432,9
25470166,9
1938953437,9
1938953433,9
4297212128,9
4297212129,9
21990633,9
21990634,9
21990637,9
21990638,9
1326821624,9
4298970364,9
25497340,9
4298970368,9
25497347,9
4298970380,9
4298970384,9
4297212194,9
4297212204,9
4297212226,9
355416911,9
4297242961,9
355416914,9
1601797458,9
355416920,9
109403,9
9820523869,9
9820523870,9
9820523871,9
9820523872,9
4297054053,9
108393,9
6525671279,9
108406,9
1601832328,9
9820523913,9
9820523914,9
9820523915,9
9820523916,9
9161061776,9
9693963678,9
9693963679,9
9693963680,9
9693963681,9
9693963682,9
9693963683,9
710657963,9
7947041713,9
422573549,9
1913216493,9
25497596,9
25497599,9
2496836226,10
108420,10
3093897988,10
3093897989,10
2496836231,10
3093897991,10
1312188679,10
1255490314,10
250549636,10
2402557839,10
1280491924,10
1280491926,10
2402557597,10
2402557599,10
250325410,10
3787645606,10
3787645607,10
3787645608,10
3787645609,10
3787645610,10
2387232555,10
2387232556,10
2387232557,10
2387232559,10
3093894065,10
2387232561,10
2387232563,10
1150003513,10
806373565,10
9030284989,10
9030284990,10
3741117630,10
4749090120,10
25477197,10
1722268367,10
9856119633,10
1722268381,10
1722268384,10
1722268388,10
5492419692,10
5492419693,10
5565455857,10
5565455858,10
8236052983,10
8236052987,10
8236052988,10
8236052990,10
8236052991,10
108835,11
108837,11
4193151464,11
4305986091,11
7620902731,11
5905893978,11
4211515621,12
108903,12
25496777,12
245200970,12
1830276654,12
9189397456,12
4211515569,12
663363473,12
4211515891,12
8256049397,12
8256049399,12
1536948608,13
1536948612,13
25505670,13
20626311,13
1536948487,13
3796814729,13
1536948618,13
20626315,13
20626310,13
20626312,13
20626316,13
7572522511,13
1852996875,13
7572522513,13
1536948631,13
6509584413,13
1536948517,13
7572522534,13
109734,13
7572522540,13
1536948652,13
7572522547,13
1536948536,13
1572551227,13
2504847039,13
7572522566,13
4866475725,13
4866475730,13
4866475731,13
4866475733,13
4866475736,13
7572522585,13
4866475737,13
1852996954,13
1536948578,13
109411,13
109412,13
25264998,13
2504822135,13
1536948474,13
7572522492,13
7824803494,14
7824803495,14
109737,14
9072449309,14
24952269,14
7824803501,14
4166634957,14
5104314264,14
1536948541,14
1951372959,14
9753609738,15
9753609739,15
9753609740,15
9753609741,15
9753609742,15
9753609743,15
9753609744,15
9680972177,15
9680972178,15
9753609745,15
25505685,15
9680972185,15
25161373,15
7824747295,15
7824747297,15
7824747298,15
7824747300,15
7824747302,15
7824747303,15
7824747304,15
7824747305,15
7824747307,15
25067307,15
7824747308,15
6967585840,15
6967585841,15
109746,15
6967585842,15
1827389620,15
1782727992,15
1722621630,15
4220613456,15
700774224,15
5201625566,15
2941549918,15
5840176866,15
25505634,15
1990694635,15
1990694638,15
1990694641,15
3130435826,15
1990694647,15
1852996856,15
9681020156,15
9681020157,15
1852996734,15
5006764037,16
5006764038,16
5006764039,16
5006764040,16
1312189073,16
1312188945,16
1312188689,16
1312188696,16
25477149,16
25477150,16
25477151,16
25477152,16
25477153,16
25477154,16
26067235,16
25477156,16
26067237,16
1312189091,16
26067239,16
26067236,16
3320743081,16
1954751908,16
1312188843,16
26067238,16
26067234,16
1312188730,16
1312188858,16
9693935550,16
1312188735,16
109760,16
9693935551,16
1312188994,16
1312188614,16
1312188622,16
1312189013,16
1312188760,16
3892081372,16
1312319838,16
3741078112,16
7644884069,16
1312188774,16
9856119640,17
373402354,17
109780,17
9856119634,17
18468953,18
9514602150,18
9514602151,18
9514602152,18
9514602153,18
5047029678,18
109785,18
25066461,18
25066462,18
6166157035,19
109788,19
24952267,19
1882379274,20
2112030869,20
1882379285,20
2112030873,20
291951643,20
275179767,20
1723340842,20
4425001783,20
110140,20
9051462722,20
4823243100,20
6855696504,20
3247578846,20
435104742,20
6855696495,20
1882379248,20
6855696497,20
6855696498,20
6855696500,20
627985397,20
6855696502,20
6855696503,20
25472760,20
275179893,20
25472763,20
4823246342,21
1684835093,21
5609643672,21
1684835097,21
5609643675,21
1684835110,21
1684835245,21
1684835121,21
1141415219,21
1685281076,21
110143,21
1684835138,21
1150003270,21
1684835019,21
1309067472,21
2036125649,21
1684835030,21
2036125657,21
1684835042,21
4197055203,21
8868809321,21
1493658224,21
6014333809,21
6864015603,21
1684835062,21
1238259337,22
4530011788,22
9375170320,22
6261920913,22
6261920914,22
4530012691,22
4530012690,22
4530012692,22
4530012694,22
4530012695,22
4530012696,22
6261920915,22
1150003480,22
4530012699,22
4530012700,22
4530012701,22
4530012702,22
6866779806,22
4530012703,22
4530012704,22
1771453218,22
7805198627,22
1771453217,22
3499567135,22
1771453860,22
1711679380,22
3197333544,22
288193455,22
7191329809,22
28728210,22
5565487612,22
3197339673,22
7191329811,22
3197339674,22
4729385030,22
4729385031,22
2737313094,22
1711679434,22
9808795596,22
3197339676,22
9375170321,22
59526352,22
9375170322,22
282708,22
9375170323,22
1150003547,22
21990620,22
9375170324,22
1731225566,22
1150003423,22
9375170325,22
9375170326,22
249470452,22
4316306166,22
2935324281,22
28728187,22
1536039932,22
5426506500,23
25495695,23
1938953377,23
25495617,23
25495618,23
9856119619,23
1985084100,23
1816038230,23
25495769,23
25495770,23
350437608,23
10572779,23
25496817,23
25496818,23
25496819,23
25496820,23
25496821,23
321255925,23
5060391417,23
8972441127,24
25496748,24
21583342,24
10572785,24
8972511963,24
8785568224,25
8972511965,25
438170475,25
5265830862,25
25496815,25
25496785,25
10572786,25
7918978033,25
1958800795,25
4429088632,25
25498457,25
7847748059,25
528126781,25
1985084095,25
5470932256,26
5468301601,26
10607626,26
10607629,26
8715830798,26
7947057586,26
5468301555,26
2146369237,26
2146369240,26
5470932252,26
5470932253,26
5470932255,26
9782353731,27
8784159562,27
2496836303,27
249467025,27
6467134930,27
6467134931,27
8784181688,27
10676799,27
1312264577,28
1311961985,28
794039687,28
9042133642,28
5043864464,28
28800661,28
28800662,28
25161371,28
1782724124,28
28800667,28
316763548,28
1782724125,28
250550174,28
1401908258,28
1311962151,28
9042026424,28
1311962043,28
1312264648,28
1312264524,28
1684511955,28
9856119636,28
7836155864,28
7836155865,28
7836155867,28
7836155868,28
7836155870,28
9042041320,28
9042041321,28
1718328435,28
10677375,28
8975529088,29
4462680067,29
4462680068,29
9203541381,29
7840712839,29
1832248457,29
1832248458,29
9781435147,29
4569700109,29
4462680078,29
5374174224,29
1360122901,29
595709975,29
338474265,29
14672924,29
5573994014,29
5573994016,29
5573994017,29
5603454627,29
5603454628,29
5573994019,29
1832129958,29
1360122919,29
5374174120,29
1360122925,29
7203717550,29
1938953395,29
1360122937,29
5374183741,29
5374183742,29
6329690691,29
8975645638,29
8975645640,29
8975645641,29
25151180,29
4512763348,29
1360122841,29
5460658138,29
5600934876,29
1360122860,29
5573931377,29
5839156209,29
1360122866,29
1360122871,29
5573931385,29
8975529082,29
8975529083,29
8975529084,29
8975529085,29
8975529086,29
529722111,29
250550400,30
1939632514,30
4992781187,30
3739049348,30
4992781189,30
1939632519,30
20460684,30
973101839,30
9042120207,30
2387242385,30
2387242386,30
8869472274,30
3870640530,30
25477148,30
3870640547,30
3870640548,30
4401149224,30
2387240745,30
4401149225,30
2387240747,30
4401149228,30
4992781175,30
7636278191,30
4401149234,30
7636278194,30
7636278197,30
7636278199,30
7636278200,30
1326821561,30
7636278201,30
3741117629,30
256766531,30
18398282,30
1312335310,30
5927671120,30
1326821460,30
1326821592,30
5238500312,30
5238500313,30
914822492,30
9042037853,30
2387245025,30
873684193,30
2387245026,30
2387245027,30
2387245029,30
9693628390,30
9693628389,30
1326821480,30
632438506,30
9030155757,30
9030155758,30
8869472239,30
9030155759,30
9030155760,30
8869472240,30
1326821619,30
9030155762,30
2990732269,30
5927671155,30
8869472247,30
4826555769,30
4826555770,30
4826555771,30
4992781180,30
5609638014,30
6978555522,31
1758554289,31
2990780037,31
2990780039,31
20460680,31
20460682,31
2990806410,31
2990806411,31
2990806413,31
2990806415,31
2990806416,31
968499092,31
968499093,31
819132568,31
1684781470,31
4195111355,31
4246525220,31
4246525223,31
316763559,31
316763561,31
316763563,31
1758554286,31
8975833904,31
8975833905,31
6978563378,31
6978563379,31
6978563380,31
6978563381,31
6978563382,31
6978563383,31
6978563384,31
8975833913,31
8975833912,31
8975833915,31
4682627259,31
4682627261,31
8975833914,31
4682627263,31
4682627264,31
6978577985,31
4682627266,31
4682627265,31
256766532,31
256766533,31
748941508,31
4195111363,31
1758554291,31
1150003147,31
1150003532,31
9041828942,31
1759454163,31
1758554294,31
1759454429,31
3763407460,31
5041784423,31
748941546,31
748941552,31
1150003571,31
5067002867,31
748941556,31
6978531575,31
748941560,31
6978555518,31
20625793,32
25497603,32
697037343,32
6149398571,32
5905807278,32
1547657140,32
1312471226,32
1312471228,32
6301948477,32
6301948480,32
9694091974,32
9694091975,32
9694091976,32
9856119625,32
9694091978,32
9694091977,32
9694091981,32
9694091982,32
9694091983,32
25474005,32
9694104278,32
9694104279,32
1312471255,32
9694104280,32
25474015,32
25475053,32
8579276917,32
5976760445,32
5976760446,32
5976760447,32
9694032608,33
9694032609,33
585200775,33
20625800,33
585200818,33
710521820,33
9694032606,33
9694032607,33
5189042552,34
20626282,34
8675201272,34
5189042551,34
7824803490,35
7824747299,35
7824803492,35
7824747301,35
1536948646,35
7824803493,35
4085778920,35
7824747306,35
5146186589,35
7824803500,35
1536948431,35
1536948529,35
20626301,35
5146186590,35
9856119647,35
20626307,36
1852996517,36
1852996670,36
1360122886,37
1236791433,37
4378043661,37
4378043662,37
1837610895,37
4378043667,37
20955158,37
9805219991,37
9805219992,37
9805219993,37
9805219994,37
9805219990,37
269547420,37
269547419,37
4378043682,37
1360122917,37
4076095791,37
1360122929,37
1360122933,37
4370333627,37
1609966653,37
4370333629,37
9856119620,37
4370333637,37
9197322310,37
4370333638,37
4370333643,37
4370333648,37
9197326420,37
3519872213,37
25500246,37
4076095834,37
1163955034,37
4331121755,37
1360122845,37
4331121754,37
1596648671,37
1360122856,37
21685481,37
21685483,37
21685484,37
1360122861,37
21685485,37
25500530,37
1360122873,37
9856119623,38
9201323564,38
21392276,38
25509525,38
2343269909,38
4462680070,39
4462680076,39
21392279,39
4208239642,39
5603454625,39
5603454626,39
4208239651,39
9201323561,39
6606135979,39
21686572,39
21686574,39
9201323322,39
3972566714,39
6606148797,39
6606148798,39
5374181585,39
4462683090,39
5899711453,39
5899711454,39
5788363874,39
9203541612,39
9748953621,40
21578461,40
3515286914,41
3515286915,41
3515286916,41
5565466183,41
1493676622,41
1493676623,41
28728208,41
25477106,41
21990614,41
4556931602,42
4556931604,42
21990622,42
24659907,43
1311961990,43
24659947,43
6948380395,43
24949780,43
24950048,44
5095547180,44
5095547184,44
24950005,44
24950013,44
3517985666,45
5090420610,45
25161348,45
5090420614,45
8807429660,45
8807429664,45
8807429665,45
9691082671,45
25066419,45
2387226304,45
3499500226,45
2387226307,45
2387226309,45
2387226311,45
2387226313,45
5090420940,45
24950097,45
5090420958,45
5090420959,45
5090420964,45
9024139130,45
9024139131,45
6918421504,46
1951372930,46
24952195,46
24952196,46
2528522503,46
1951372935,46
6918421512,46
6918421513,46
2528522507,46
1556097163,46
4072083342,46
4072083343,46
1561071632,46
2528522518,46
1556324759,46
1556097431,46
1556097092,46
1556097306,46
2528522528,46
1556097185,46
6985465124,46
6985465125,46
1561071655,46
1547013672,46
6985465129,46
6985465130,46
1556097321,46
1561071656,46
2528522542,46
4018000435,46
1590114998,46
1556097080,46
6985465145,46
1556324793,46
1547013688,46
1556097217,46
9694091972,46
9694091973,46
1556097222,46
4777897927,46
4777897928,46
1547013705,46
1556097353,46
1556324683,46
1556324684,46
25278669,46
25278670,46
1556097098,46
9856119630,46
3385387604,46
3385387605,46
3385387606,46
3385387607,46
696477399,46
1556097368,46
6918421503,46
1556097118,46
4117882851,46
4117882852,46
8807410149,46
4085404135,46
4117882856,46
4117882857,46
4085404136,46
4117882860,46
1556097136,46
1556097137,46
1951372915,46
1951372927,46
5087519104,47
25066338,47
25161347,47
5090420965,47
25066412,47
25067264,48
25067265,48
2566132609,48
25067266,48
1852996996,48
2504822145,48
25067267,48
1569382119,48
6509584414,48
2504822137,48
1569382170,48
2504822139,48
1569382174,48
25066687,48
25067304,49
2566132610,49
2566132611,49
25161356,49
25067395,50
25067396,50
25067397,50
5146186470,50
950703625,50
950703626,50
5146186463,50
5146186489,50
25067326,50
1726783391,50
9856119646,51
25067427,51
25067398,51
25067914,52
1569216650,52
25067920,52
7911231380,52
1722621718,52
7911231384,52
473219610,52
25067803,52
1569216123,52
25161375,52
5141228834,52
1569216316,52
4085783103,52
4085783105,52
1747873474,52
1569216326,52
6446292570,52
1951616226,52
5141216740,52
5141216741,52
7911267687,52
7911267688,52
7911267690,52
7911267692,52
8814668141,52
7911267694,52
7911267695,52
7911267696,52
5104314222,52
9659831673,52
9659831674,52
9659831675,52
25265023,52
25071090,53
25071131,53
5247857728,54
9691101411,54
9691101412,54
25161357,54
2387194158,54
5141877019,54
25471736,55
25503860,55
7271474849,56
321255907,56
25472324,56
25472545,57
4675821944,57
4675821925,57
4675821932,57
4665353645,57
4665353644,57
762080111,57
1617596591,57
8373728533,57
25472566,57
25473048,57
25472379,57
1617596607,57
4823246341,58
4425001781,58
4425001782,58
25472767,58
7447716112,59
25472789,59
9161061774,59
25472800,60
4571194090,60
4571194091,60
1954751920,60
2036125650,60
2940401398,60
6014339453,60
1684835105,61
1684835107,61
1684781486,61
3739048019,61
3739048020,61
3739048021,61
25472885,61
4948630427,61
4675822093,62
4675822095,62
4675822097,62
8373728531,62
4675822100,62
8373728532,62
1617647898,62
761830938,62
1617647900,62
1617647901,62
1617647903,62
4661317153,62
4661317155,62
1617647919,62
1617647924,62
1617647928,62
1617647931,62
1617647934,62
4665352262,62
4665352264,62
761831000,62
25472890,62
761831039,62
25473004,63
4665353662,63
1311961868,64
1150003472,64
6871422362,64
6871422364,64
1311962012,64
1401893666,64
25473199,64
25473200,64
25473201,64
25473202,64
25473204,64
25473205,64
9042129983,64
9042129984,64
9042129985,64
9042129986,64
875789647,64
1311961947,64
1311962080,64
1215563885,64
1215563897,64
1759454078,64
1311962111,64
25473203,65
5067002855,65
1569486259,66
25475597,66
6696695781,67
8784000965,67
25475678,67
6696695783,67
9823138208,68
9823138209,68
1326821607,68
1326821594,68
25475694,68
25475695,68
25475696,68
25475697,68
4297211186,68
4297211187,68
25475698,68
435104726,68
435104727,68
435104728,68
355416921,68
1326821466,68
9823138206,68
7075087297,69
7075087298,69
7075087299,69
6273056647,69
6273056648,69
9693963689,69
6239229422,69
6239229423,69
9693963696,69
435104721,69
9693963698,69
25475699,69
1326821620,69
9693963699,69
6272993491,69
6272993492,69
9693963697,69
25497619,69
25475754,70
1816777875,70
1493229962,70
806373533,71
25477774,71
25477858,72
4556931603,72
3661703766,72
819157975,72
819157946,72
25495544,73
269550333,73
25495697,74
9856119622,74
25495819,75
25495820,75
6354294763,75
1834657467,75
1834657469,75
470727776,76
5736847361,76
5736847362,76
5736847363,76
5736847364,76
25496100,76
749947393,76
749947402,76
25495852,76
25495854,76
25495855,76
350629203,76
269584410,76
317930380,77
4211515637,77
4211515622,77
25496775,77
5014591889,78
1816038199,78
1816038211,78
1816038214,78
323260106,78
25496779,78
25496780,78
25496781,78
25496782,78
25496783,78
1816038224,78
25496786,78
25496787,78
25496788,78
1816038233,78
25496797,78
25496798,78
25496799,78
25496800,78
1816038237,78
1816038239,78
1985084135,78
25496814,78
2135411308,79
5711517565,79
5457908028,79
25499655,79
7610670826,80
7610670830,80
25504145,80
25504146,80
7610670771,80
25504148,80
1678452790,80
7610670780,80
7610670781,80
1835355916,81
1793420660,81
25504149,81
1707790044,81
4232015838,81
1828402762,82
25505643,82
1828402764,82
1828402763,82
25505618,82
25505662,82
3664398006,82
2142508727,82
25505593,82
25505630,82
25505695,82
1556097153,83
8785024515,83
1556097030,83
5905896973,83
1556097166,83
1556097177,83
1556097178,83
1556097051,83
1556097320,83
1556097448,83
1547013554,83
1556097227,83
1547013710,83
25532494,83
9856119631,83
1547013589,83
1547013719,83
8807410150,83
8807410151,83
1556097048,84
25532542,84
2480657188,85
4826448085,85
25632678,85
2135411293,85
25632680,86
25632679,86
1042862785,87
7911297478,87
302013672,87
302013674,87
302013675,87
7815533548,87
7815533546,87
6345441358,87
7911297487,87
3486459762,87
3486459764,87
3486459765,87
249558966,87
347539416,87
3081980920,87
249560538,87
27480956,87
27480958,87
27480960,88
27480961,88
2140125056,88
9678821156,88
1736734053,88
9678821159,88
9678821160,88
9678821161,88
1238249904,88
7900221108,88
3486459769,88
28193265,89
3170676207,89
3984132034,90
3984132035,90
4116809027,90
3984132037,90
4116809028,90
302013708,90
4422013486,90
249679343,90
28418929,90
4089885905,90
4244498867,90
4244498868,90
2990651905,91
1759454351,91
2990651920,91
2990651921,91
973128722,91
28800660,91
973128725,91
28800664,91
9693929369,91
28800666,91
5042032158,91
5041945508,91
9693903657,91
2990664881,91
1755708730,91
1755708732,91
5565443391,91
1755708737,91
1755708738,91
1755708739,91
1758552521,91
1758552522,91
2990717003,91
250549835,91
1718566997,91
1755708765,91
1755708766,91
1718567007,91
1755708768,91
1755708646,91
1755708647,91
1755708648,91
1758552678,91
1758552682,91
1547393025,92
1547392771,92
707377287,92
30056330,92
1547392914,92
1547393045,92
1312471191,92
1547392927,92
6149398572,92
4920098350,92
1547392818,92
4619022514,92
1547392951,92
3830043581,92
1312471231,92
8579233861,92
8579233862,92
1547013574,92
1547392848,92
1547013588,92
1547392728,92
1547013592,92
1547013724,92
1547013597,92
1547392865,92
5580861156,92
6600283121,92
251892979,92
1547013754,92
1547392764,92
1547392894,92
3741131608,93
149431715,93
3741131607,93
213672005,94
213670986,94
1719422032,94
2642878644,94
1312189047,94
249558964,95
249559005,95
302013662,95
7900221088,96
249560091,96
9021491075,96
7900221087,96
6332545601,97
338319877,97
9030284967,97
7151566952,97
2254629351,97
250327660,97
3093894066,97
1145174402,98
1599652492,98
1599652497,98
4571241384,98
9820538031,98
5504771250,98
355416887,98
355416890,98
355416892,98
3257317059,98
9820537936,98
9820537937,98
9820537940,98
9820537941,98
9820537942,98
9820537943,98
9820537944,98
9820537946,98
1165343843,98
4729480806,98
4729480807,98
4729480808,98
4571244658,98
4571244659,98
4571244660,98
4571244663,98
20955169,99
367074596,99
9693971465,100
4230595026,100
377494060,100
27331469,100
435104736,101
435104732,101
435104735,101
6218468163,102
1550763749,102
1547013711,102
9704122321,102
471488499,102
4847781268,102
1493722803,102
4847781269,102
1550763764,102
1550763708,102
473264457,103
1268903266,103
1561411396,104
585201189,104
8579276918,104
3068267824,105
670103313,105
690295042,106
9690878341,106
5122737222,106
9690878343,106
748941577,107
748941573,107
811035012,108
5905897286,108
6446218921,108
6446218922,108
1556097034,108
1556097387,108
1556097139,108
1556097111,108
1556097271,108
1556097147,108
1556097215,108
1723315608,109
3247825561,109
3247825562,109
7636278193,109
7636278195,109
7636278196,109
7636278198,109
4807521484,109
1309067471,109
3741131600,109
5927671121,109
3741131606,109
7636244312,109
7636244313,109
7636244314,109
9042037852,109
914822496,109
2624005734,109
914822508,109
9030155763,109
5927671156,109
9030155766,109
9030155767,109
4826555772,109
4826555768,110
1150003195,110
25632870,110
1547013760,111
1547013601,111
1547013730,111
8785024514,111
1547013604,111
1547013699,111
1547013704,111
1312453936,111
1550763732,111
1547013653,111
1312453879,111
1547013593,111
9694096799,111
1353133536,112
4643336966,112
4643336968,112
4643336979,112
1353133533,112
1547013621,113
1547013694,113
1547013567,113
4402629177,114
4402594986,114
1547013655,114
1556097337,115
1556097148,115
1556097245,116
5189042550,116
1951372909,116
1590088452,117
7911282822,117
1556097326,117
8675201264,117
1561071644,117
4169714270,117
5976760443,118
1556324659,118
1617532089,119
1617532091,119
2341656968,120
4697287178,120
8620082704,120
4169836445,120
6868293535,120
4696568114,120
6327557047,120
6327557048,120
8620105277,120
4697288390,120
367102039,120
1617596505,120
4166662878,120
4166662881,120
3265436260,120
1828408303,120
5146127859,120
4696544885,120
4696545402,120
1678452786,121
3474115151,121
7610670751,121
1707790024,122
4658088777,122
5177352932,123
5177352933,123
1707790099,123
5177352922,123
5177352923,123
9804685199,124
9804685200,124
9804685201,124
9804685202,124
1723388986,124
1761598585,125
4316306163,125
4316306164,125
1137777341,125
1828402755,126
1828402756,126
1832248440,127
5600934875,127
2576893628,127
1939632512,128
108418,128
4826555773,128
1939632510,128
2665239972,129
6509684093,129
3691462888,130
9804685203,130
9804685204,130
2755124949,130
9804685206,130
9804685205,130
2914561217,131
5924603458,131
5924603459,131
5924603460,131
5924603457,131
5924611312,131
5924603444,131
5924603445,131
5924603446,131
5924603447,131
5924603449,131
8500636794,131
5924603452,131
5924603453,131
5924603454,131
5924603455,131
4938216620,132
4166634958,132
3267461735,132
3272782432,133
1547013738,133
3272782429,133
3272782446,133
9733914457,134
3817308667,134
5253290694,134
3892081362,135
3892081363,135
8026335686,136
4174200046,136
4879371168,137
4859130051,137
9822267116,137
4421008566,137
4879371165,137
4697525032,138
26374229,138
4697525030,138
4872502280,139
5947858321,139
9691082176,139
25496750,140
5265840063,140
5609643673,141
5609643674,141
6645346885,142
6711365597,142
7572833353,143
7572833350,143
7911282827,144
4169714271,144
1587330970,145
8783914189,145
8604055550,145
