node_id,cluster_id
1832666032,0
1637578546,0
8787692633,0
8787692634,0
104315,0
1236791552,1
4076126468,1
9805219989,1
25509527,1
25509533,1
1236791459,1
9856119617,1
7946372933,1
7946372934,1
7946372936,1
7946372939,1
7946372940,1
7946372941,1
7946372942,1
9197589455,1
9197589454,1
9197589457,1
5516594509,1
4076126448,1
3817308659,1
3817308660,1
104318,1
104320,2
373364225,2
373364868,2
373364228,2
373364870,2
6369329161,2
373364874,2
6369329162,2
8868824843,2
3965024397,2
373364878,2
3965024398,2
3965024399,2
6369329169,2
6369329167,2
6369329166,2
6369329164,2
1311962013,2
20965794,2
20965796,2
20965797,2
8868824870,2
8868824871,2
20965803,2
2398924845,2
1311962182,2
4870281310,2
1311962082,2
1215563878,2
1215563895,2
1649365881,2
9856119641,3
104321,3
104322,4
1718233922,4
8869435268,4
1718233957,4
1718328198,4
1718233994,4
7553887409,4
2140227862,4
1771426166,4
25161368,4
7553887415,4
7836155866,4
7836164763,4
7836164764,4
1771426173,4
1684511838,4
8438226815,4
104323,5
8429795032,5
295977520,5
4167762776,5
8429795033,5
8429795034,5
8429795035,5
4864083785,6
107585,6
1312471271,6
6218501751,6
107586,7
8043350341,7
8318757605,7
9808795601,7
4726152850,7
8043350325,7
9781190368,8
107587,8
3381130086,8
3381130087,8
109415,8
3381130090,8
3381130091,8
4688513237,8
1782717878,8
25248122,8
9781190367,8
5269678593,9
5977954180,9
9673091207,9
9673091208,9
9673091213,9
9673091214,9
3850146457,9
3987750684,9
3987750685,9
3987750686,9
3987750687,9
3987750688,9
3987750692,9
9673189925,9
9673189926,9
6110164649,9
6110164650,9
7900888377,9
107602,9
6110191188,9
7644741351,9
7900888437,9
5816743941,10
5816743942,10
5816743945,10
5816743947,10
5816743949,10
5816743950,10
8429945617,10
8429945618,10
4136137525,10
2203888698,10
25475770,10
5816744255,10
1689605567,10
5816744257,10
8429934918,10
107606,10
585199079,10
28418921,10
9693971447,10
1505332730,10
2364384488,11
8030470473,11
585124778,11
1951242858,11
1951242860,11
2364378222,11
2364371185,11
2364379602,11
2364379603,11
2364379604,11
2364379605,11
107613,11
107614,11
1864047135,11
1990912129,12
9632417162,12
9632417163,12
9683581480,12
3385332654,12
9683686963,12
1155552319,12
8030470464,12
1137777343,12
8030470469,12
7638732490,12
7638732491,12
4832472797,12
107615,12
9135848931,12
1951242856,12
1951242857,12
1990912106,12
1951242859,12
2364384492,12
2364384490,12
2364387947,12
9135848938,12
9135848937,12
2364371186,12
1990912115,12
8579240309,12
8579240312,12
1312454055,13
5925584201,13
107626,13
8807410154,13
8390582613,13
1312454045,13
1951616231,14
107627,14
8807410158,14
4072083344,14
1312453981,14
6369361792,15
2378843909,15
1951616263,15
1951616268,15
1951616276,15
1951616278,15
1951616283,15
5065949596,15
5473273373,15
5065949598,15
1951616287,15
5473273376,15
1678226846,15
7745051680,15
1951616291,15
25161379,15
1951616292,15
25161378,15
1951616295,15
25161377,15
1951616297,15
4867087535,15
9027328313,15
6985395258,15
9027328314,15
25532377,15
1678227031,15
5141354328,15
5473273433,15
5141354329,15
5473273435,15
3153656028,15
5141354332,15
3153656030,15
5141354333,15
5141354330,15
5141354331,15
8807431550,15
329983075,15
1951616232,15
1951616234,15
107628,15
1951616236,15
8807431535,15
5049840242,15
5049840243,15
5049840245,15
5049840248,15
1782714747,15
8807431548,15
6369361790,15
107632,16
6458938017,16
25532576,16
9413430622,16
8753664977,17
107634,17
4729628192,18
6369361796,18
6369361797,18
5141625702,18
5141625703,18
7223298252,18
7223298254,18
3644785104,18
107637,18
6369361788,18
6369361791,18
9856119648,19
107638,19
7926506529,20
7926506531,20
7926506532,20
5973627687,20
107641,20
7926506525,20
7926506527,20
25505673,21
25504779,21
25161365,21
8807441176,21
3656358065,21
4866653236,21
1311961910,21
4866651959,21
7926554424,21
4866651963,21
4866651966,21
7926554430,21
4866651968,21
7926554431,21
5046447437,21
1938819301,21
25066470,21
1938819306,21
1938819313,21
2012969971,21
4866623226,21
107643,21
107646,22
5006978855,22
6369329153,23
1054045407,23
1311962169,23
3644748774,23
1311961991,23
107687,23
1311962089,23
4922952362,23
6369329163,23
1054045453,23
24951856,23
9310662202,23
4860803961,23
1163955130,23
1215563870,23
107647,23
5207476609,24
5207476610,24
5207476611,24
5207476613,24
5055364614,24
5207476615,24
4627445257,24
5207476617,24
5207476619,24
4627445261,24
9684083982,24
9684083983,24
9684083984,24
107667,24
9684083987,24
9684083988,24
9684083992,24
9684083993,24
9684083995,24
5207477021,24
7066617760,24
473265708,24
4627491642,24
5207476606,24
1828402771,24
3813810132,24
3813810133,24
1828402774,24
3696548438,24
1938819299,24
1938819302,24
1938819304,24
1938819316,24
9754527740,24
9754527741,24
9754527742,24
9754527744,25
9754527745,25
5055364610,25
5055364611,25
367077584,25
107668,25
9754527743,25
107684,26
1726730281,26
7617755275,26
957122446,26
4072476959,26
7617785701,27
107685,27
4729448871,27
25503848,27
8373690841,27
7617785710,27
7617785714,27
1726730354,27
8373690838,27
8373690840,27
1726730329,27
8785484288,28
1938819344,28
4072476960,28
107686,28
1236791344,28
8373690833,28
8373690834,28
8373690835,28
8373690836,28
8373690837,28
7613626070,28
8373690839,28
7613626073,28
8373752817,28
4530339698,28
4530339699,28
4530339700,28
4530339701,28
4530339702,28
21563791,29
1707790096,29
1617596711,29
107690,29
4530270906,29
4530270908,29
7183962432,29
4530270913,29
8373690826,29
8373690827,29
8373690828,29
8373690829,29
8373690830,29
8373690831,29
3497472337,29
21563479,29
9024076384,29
9024076385,29
4822267109,29
1020211942,29
8373623781,29
21563508,29
2294047369,30
5006065041,30
8785484314,30
8785484315,30
8785484316,30
8263157413,30
8263157414,30
8263157415,30
107692,30
107693,30
25496622,30
5006063170,30
5006063171,30
5006063172,30
1782712524,30
1148276186,30
7223695323,30
7223695324,30
7223695326,30
7223695327,30
3497461727,30
3519005409,30
5736692334,30
8373651315,30
8373651316,30
9781435146,31
2458273291,31
1953202962,31
2453941139,31
6279388822,31
6279388823,31
6279388824,31
26678169,31
2458257570,31
8975700259,31
2458257573,31
8975700261,31
2458257578,31
5265953451,31
5265953452,31
1364161197,31
2458301100,31
5265953455,31
5265953450,31
5265953457,31
5265953454,31
5265953459,31
2458260532,31
2458256449,31
1364172237,31
1832129873,31
1832129878,31
6724775011,31
6724775012,31
108389,31
6724775013,31
6724775014,31
6724775015,31
6724775017,31
6724775018,31
6724775016,31
1832248428,31
1364168178,31
1364168180,31
2458303223,31
2458307450,31
26678168,32
5119652857,32
6279388821,32
108390,32
25495698,33
108391,33
4297054053,34
1601832328,34
6828863691,34
6828863692,34
6828863693,34
6828863694,34
6828863695,34
6828863696,34
6828863697,34
6828863698,34
9804578356,34
108406,34
1363483801,34
2632464416,35
6525670240,35
390073160,35
1125619161,35
25632684,35
108409,35
2632464413,35
2632431807,35
108420,36
9030284989,36
9030284990,36
4193151464,37
108835,37
3267461696,38
108867,38
264824452,38
3267461737,38
3267461710,38
3267461721,38
20955164,38
3267461693,38
25497347,39
1326821542,39
21990634,39
9820537934,39
1326821593,39
109403,39
25497596,39
109408,40
25481504,40
6988528039,40
9694031532,40
894485202,40
9197589363,40
470727954,40
5207487900,40
1536948618,41
109411,41
1536948578,42
109412,42
9694072864,43
109414,43
30078473,43
5334625292,43
5334625293,43
7797731342,43
7797731340,43
1566269623,43
4077599544,43
9030029183,43
25248128,44
9710332577,44
9710332576,44
109416,44
25248115,44
2218344508,44
2218344510,44
109728,45
5931509715,45
1536948608,46
6509584413,46
109734,46
2504822135,46
24952269,47
109737,47
1536948541,47
5840176866,48
1722621630,48
4220613456,48
109746,48
9681020156,48
9681020157,48
2941549918,48
9856119640,49
109780,49
9514602150,50
9514602151,50
9514602152,50
9514602153,50
109785,50
4077495971,51
109815,51
1810130458,51
338474269,51
1832129823,51
109818,52
8975700266,52
3644748770,52
4823246342,53
6864015603,53
1141415219,53
2036125657,53
110143,53
1233327202,54
1787108646,54
1787108647,54
1787108649,54
7636180236,54
7636180237,54
9710304460,54
1782716888,54
110238,54
2293833760,55
5880188045,55
6840965712,55
8373690832,55
237908,55
1810130457,55
3972566716,55
5055364608,56
5055364612,56
8620105233,56
8620105234,56
8620105236,56
3265436695,56
1813794712,56
8620105240,56
8620105242,56
8620105243,56
1239549084,56
8620105244,56
9754453026,56
9754453027,56
9754453028,56
9754453029,56
9754453030,56
9754453031,56
9754453032,56
367100073,56
9754453033,56
8620105259,56
5177397420,56
5177397419,56
419632303,56
8620105265,56
419632306,56
419632307,56
8620105268,56
1214922421,56
8620105270,56
4077627063,56
8620105269,56
3972566710,56
1214922426,56
1214922429,56
5177397821,56
5177397823,56
2140432704,56
5177397825,56
5177397822,56
5177397827,56
5177397828,56
5177397830,56
1707790023,56
5177397832,56
5177397835,56
4150883407,56
5177410511,56
237911,56
455705562,56
864817628,56
2360685543,56
6951230826,56
4034060012,56
1955520879,56
4034060017,56
4034060018,56
2265065203,56
2360681713,56
2265065207,56
4530012702,57
6261920914,57
282708,57
4316306166,57
4530012699,57
1536039932,57
6866779806,57
4530012703,57
2632464415,58
282719,58
2961549,59
385311590,59
1939558657,60
1939558660,60
9030155653,60
1939558661,60
1939558667,60
2538458898,60
1939558674,60
2961557,60
1939558678,60
1939558677,60
1939558681,60
2195965722,60
1939558684,60
1939558687,60
3139705121,60
1939558700,60
5218862786,60
2218344516,60
2218362310,60
4866784251,60
7223326407,60
7223326409,60
2218362314,60
7223326411,60
5925584204,60
7223326410,60
7223326414,60
7223326413,60
7223365368,60
7223326408,60
2218344522,60
2218362316,60
7223365370,60
357999964,60
2218362332,60
7223365371,60
212916714,60
1939558646,60
1939558647,60
1939558648,60
1939558649,60
1939558650,60
1939558651,60
7223365372,60
3215687074,61
2961891,61
9856119628,61
1312454086,61
1678452792,62
10572172,62
747893184,63
7610670913,63
7610670919,63
7610670921,63
10572178,63
367106464,64
4643337035,64
10572180,64
25471732,64
1236791478,64
25471733,64
25471734,64
4630855193,64
4650375357,64
1938953377,65
9856119619,65
1985084100,65
350437608,65
10572779,65
1816038230,65
25495770,65
10572785,66
8972511963,66
25496748,66
8972441127,66
8785568224,67
10572786,67
7847748059,67
1985084095,67
2632476621,68
10606709,68
5973397966,68
2632476639,68
9693865890,69
8868824899,69
6369329158,69
8989843465,69
1366095189,69
5041784501,69
10607127,69
1596655163,69
5353604060,69
1326821504,70
20460691,70
2466449286,70
2466449287,70
2466449288,70
1326821513,70
2466449289,70
2466449290,70
1326821515,70
2466449293,70
20460686,70
20460681,70
2466449295,70
2466449294,70
20460690,70
2466449297,70
20460692,70
2466449296,70
20460694,70
20460695,70
10607128,70
4807796633,70
20460696,70
20460697,70
1326821525,70
1326821524,70
1326821539,70
1326821541,70
25632677,70
1326821557,70
1326821559,70
372978232,70
1326821566,70
256766529,70
1326821569,70
372978120,70
1326821577,70
1326821579,70
2466456399,70
2466456400,70
2466456401,70
2466456402,70
1939632526,70
2466456404,70
2466456403,70
2466456405,70
2466456406,70
2466456407,70
2466456409,70
1081508186,70
2466456408,70
1326821471,70
1326821613,70
1081508209,70
1326821490,70
2466449291,70
1326821502,70
9808795609,71
2632430342,71
2480657190,71
1954751914,71
4530057817,71
25497968,71
10607129,71
9808795610,71
2466456411,71
2466456412,71
2466456413,71
2466456414,71
10607629,72
7947057586,72
5468301555,72
2146369237,72
5470932252,72
5470932253,72
5470932255,72
8784159562,73
6467134931,73
10676799,73
6985373984,74
1312264610,74
1721713699,74
6985373983,74
1350430181,74
2406484454,74
2406484455,74
1782718791,74
9030121410,74
2406484452,74
9030155749,74
2406484460,74
2406484453,74
1312188714,74
9042053624,74
10677374,74
6985373982,74
7836155868,75
5043864464,75
1684511955,75
1718328435,75
7836155864,75
7836155867,75
1782724124,75
7836155870,75
10677375,75
10677377,76
7082240198,76
1401416203,76
8318797237,76
212927414,76
8975529088,77
4462680067,77
9203541381,77
5374174120,77
1832248458,77
9781435147,77
5374183741,77
7203717550,77
5374174224,77
8975529084,77
5573931385,77
8975529082,77
8975529083,77
14672924,77
8975529085,77
8975529086,77
529722111,77
268997560,78
18382242,78
7553887392,78
9042027865,79
18393873,79
1725360097,80
18395811,80
8785441943,80
8785441944,80
5976853817,80
4992781189,81
2387240745,81
18398282,81
2387240747,81
8869472239,81
1326821619,81
1326821460,81
4826555769,81
1938819330,82
6369390691,82
1938819331,82
6369390692,82
25161351,82
1938819336,82
1938819335,82
6369390698,82
6369390701,82
2387207417,82
2387207418,82
2387212189,82
18468958,82
9024139136,83
9024139137,83
18468962,83
7926506530,83
9024139138,83
9024139143,83
9024139144,83
7926506526,83
18469130,84
9856119638,84
2642878568,85
2642878569,85
18469132,85
9856119637,85
1571298192,86
8868194778,86
20458275,86
20458277,87
2490721964,87
1312188845,87
8868001103,87
8868001104,87
250549587,87
1312188692,87
2934268020,87
4618510643,87
7926563545,87
1312188731,87
1312188988,87
20460680,88
968499092,88
4246525220,88
8975833904,88
8975833905,88
6978563378,88
6978563379,88
6978563380,88
6978563382,88
6978563384,88
8975833913,88
8975833912,88
8975833915,88
6978577985,88
4682627266,88
4682627265,88
1150003147,88
1150003532,88
1759454429,88
3763407460,88
5041784423,88
5067002867,88
6978531575,88
20460687,89
25497872,89
20965804,89
9693963701,89
9693963702,89
9693963703,89
9693963704,89
9693963705,89
9693963706,89
9693963707,89
9693963708,89
1326821564,89
1813618497,89
5238528591,89
1326821585,89
1326821596,89
5353604061,89
25497828,89
4369519204,89
20625793,90
6301948477,90
9694032608,91
9694032609,91
20625800,91
585200818,91
9694032606,91
9694032607,91
5189042552,92
20626282,92
8675201272,92
5189042551,92
7824803490,93
7824803492,93
7824803493,93
1536948646,93
4085778920,93
7824803500,93
20626301,93
1536948431,93
1536948529,93
5146186589,93
5146186590,93
9856119647,93
3796814729,94
20626310,94
20626311,94
1536948612,95
1536948517,95
7572522566,95
7572522534,95
20626312,95
25264998,95
7572522540,95
1536948652,95
4866475730,95
7572522547,95
4866475737,95
1536948631,95
1536948536,95
7572522585,95
1852996954,95
1572551227,95
20626315,96
7572522492,96
25505670,96
7572522513,97
20626316,97
9856119620,98
1360122917,98
9197322310,98
1360122886,98
1360122856,98
1236791433,98
21685484,98
1360122861,98
4076095834,98
4076095791,98
1360122845,98
9197326420,98
20955158,98
9805219991,98
9805219992,98
9805219993,98
9805219994,98
1360122873,98
20965799,99
6369329160,99
20965800,99
2398924843,99
25500427,99
6369329165,99
1782729295,99
6369329171,99
1326821587,99
2398924853,99
2398924855,99
104319,99
2398924898,100
9781311298,100
20965801,100
7946378607,100
7946378608,100
9310682079,100
2398924893,100
2398924863,100
20965805,101
20965806,101
21307200,102
1782718792,102
9030155753,102
9856119635,102
6985379285,102
6985379286,102
6985373980,102
4661317536,103
3328228994,103
3328228996,103
25524297,103
21392267,103
3328229004,103
4663309171,103
4663312695,103
4663312696,103
4663312697,103
4663312698,103
21392273,104
3972566713,104
4859246420,104
21392276,105
9856119623,105
5603454625,106
6606135979,106
21392279,106
21523714,107
3145798533,107
4726152840,107
4726152844,107
4726152847,107
4726152848,107
3215685153,107
1312471208,107
5342236733,107
9694087358,107
9694087362,107
6465896909,107
6218501713,107
6218501715,107
6218501717,107
471488469,107
6470264535,107
6470264536,107
4688513241,107
1678283238,107
1678283242,107
1678283244,107
1678283247,107
6218501746,107
7797330549,107
21523715,108
4195103055,108
8042022825,109
250324965,109
21523718,109
1014649631,109
5335233120,110
2934288514,110
5009060057,110
21523719,110
5573991659,110
5573991660,110
4138224462,110
5335233119,110
5335233113,110
5335233114,110
2934288509,110
5165786239,110
21563489,111
21563481,111
1707790085,111
4719617974,111
9659603285,112
21578454,112
5119652864,113
5119652865,113
26678171,113
8645592521,113
1953202903,113
25495858,113
26678166,113
26678167,113
25495640,113
5119652862,113
21578459,113
25495646,113
5119652863,113
8373690817,114
8373690818,114
21583366,114
4017328647,114
1419565097,114
7223668011,114
7223668012,114
5006063180,114
5006063179,114
5006065039,114
1782730512,114
5006065037,114
5006065038,114
4764884821,114
33141178,114
1148276284,114
7223712382,114
21685481,115
1837610895,115
1360122929,115
1360122933,115
1163955034,115
4331121755,115
269547420,115
4331121754,116
21685483,116
4370333648,117
21685485,117
4462683090,118
21686572,118
21686574,119
4462680070,119
1493676622,120
21990614,120
5565466183,120
4556931602,121
4556931604,121
21990622,121
21990625,122
2003007012,122
9710348828,122
4835108998,122
21990627,123
475396924,123
8672066581,123
7636180239,123
8923643490,124
21990628,124
9030155750,124
9030155754,124
1719422038,124
9856119639,124
8923643489,125
21990629,125
5875062472,125
9042053623,125
5565443389,125
9693628386,126
5565443397,126
21990630,126
9808795603,126
5565443390,126
1312264546,127
5042033643,127
9042025325,127
21990631,127
21990632,128
9030155751,128
1718566880,128
1326821568,129
21990633,129
9820523913,129
1326821487,129
1326821489,129
25470166,129
1326821624,129
1938953433,129
25497599,129
9820523914,130
9820523915,130
9820523916,130
9161061776,130
9693963678,130
9693963679,130
9693963680,130
9693963681,130
9693963682,130
9693963683,130
9820538017,130
9820538018,130
9820538019,130
9820538016,130
710657963,130
9820538028,130
4571238064,130
7947041713,130
4571238067,130
4571238068,130
1938953403,130
1938953406,130
9820537921,130
9820537922,130
1938953413,130
1938953414,130
1938953417,130
1326821457,130
1938953430,130
1938953431,130
1938953432,130
1326821465,130
9820523869,130
9820523870,130
9820523871,130
9820523872,130
1938953437,130
108393,130
21990637,130
21990638,130
422573549,130
25497340,130
25161360,131
24659764,131
7906964247,131
7906964248,131
7906964249,131
7906964250,131
7906964251,131
24659907,132
24659947,132
24949780,132
1311961990,132
9693920801,133
9693920794,133
9693920795,133
9693920797,133
24660863,133
24661273,134
2195965723,134
2961540,134
24661966,135
25544111,135
5095547184,136
24950013,136
5095547180,136
24950005,136
2389802904,137
24950050,137
2389802901,137
2279592862,137
24950064,138
5218844446,138
5227220848,139
24950065,139
5227220845,139
8869435257,140
8869435266,140
7567588716,140
24950093,140
8807429664,141
2387226304,141
2387226307,141
2387226309,141
2387226311,141
2387226313,141
9691082671,141
24950097,141
1731216865,142
4866705606,142
8807431560,142
5925584203,142
24950101,142
24659709,142
24950105,143
5095547321,143
1951616327,143
8807431559,143
25248114,144
24950107,144
9030155654,144
9693920803,145
24950110,145
24950111,145
24950112,146
25248126,146
24950113,147
4748394420,147
8807431541,147
385311796,147
1721678995,148
316763501,148
24950117,148
24951853,149
4922952373,149
9693760971,150
24951854,150
5046314041,150
5046314042,150
5046314043,150
25632860,150
24952195,151
2528522503,151
2528522507,151
2528522518,151
1556324759,151
2528522528,151
6985465124,151
6985465125,151
6985465130,151
2528522542,151
6985465145,151
1556324793,151
9694091972,151
9694091973,151
1556324683,151
1556324684,151
3385387604,151
3385387605,151
3385387606,151
4117882851,151
4117882852,151
4117882856,151
4117882857,151
24952267,152
6166157035,152
25066338,153
25066412,153
8807429665,154
5090420610,154
3517985666,154
5090420964,154
25161348,154
5090420614,154
25066419,154
9024139131,154
8807429660,154
5090420958,154
5090420959,154
25066451,155
25066453,155
5047029678,156
25066461,156
25066462,156
1852997088,157
25066784,157
25066694,157
25066696,157
25161353,157
4866591373,157
4866591374,157
4866591375,157
4866591376,157
3816097105,157
3233714196,157
3233714198,157
9856119645,157
3233714192,158
3233714193,158
3233714194,158
3233714195,158
3233714197,158
25067068,158
25067264,159
25067265,159
2566132609,159
1569382119,159
1569382170,159
1569382174,159
2504822145,160
25067266,160
25067267,160
1852996996,160
2504822137,160
2504822139,160
6509584414,160
25067304,161
2566132610,161
2566132611,161
9753609738,162
9753609739,162
9753609740,162
9753609741,162
9753609742,162
9753609743,162
9753609744,162
9753609745,162
9680972177,162
9680972178,162
9680972185,162
25161373,162
7824747295,162
7824747298,162
7824747300,162
7824747302,162
7824747303,162
7824747304,162
7824747305,162
25067307,162
7824747308,162
7824747307,162
6967585841,162
6967585842,162
1827389620,162
1782727992,162
700774224,162
950703625,163
950703626,163
5146186489,163
25067326,163
1726783391,163
25067395,164
25067396,164
25067397,164
5146186470,164
5146186463,164
9856119646,165
25067427,165
25067398,165
5104314255,166
5104314275,166
25067461,166
25067463,166
5104314256,167
5104314384,167
25067469,167
25067470,167
5104314353,168
25067727,168
1569343756,168
25067479,168
1569343909,169
25067558,169
5104314096,170
25067670,170
1569312412,171
25067933,171
25067871,171
1569343523,172
5141216745,172
25067883,172
5141216790,172
25067914,173
7911231380,173
1722621718,173
7911231384,173
1569216123,173
25161375,173
5141228834,173
1569216316,173
4085783105,173
6446292570,173
5141216740,173
5141216741,173
7911267687,173
7911267688,173
7911267690,173
7911267692,173
7911267694,173
7911267695,173
7911267696,173
9659831675,173
25265023,173
25067920,174
9659831673,174
9659831674,174
1569216326,174
25067936,175
5141216746,175
5141216782,175
25067935,175
25071090,176
25071131,176
25151180,177
1832129958,177
25161345,178
1771426172,178
7836164765,178
5087519104,179
25161347,179
5090420965,179
18468961,180
8336028516,180
6369390694,180
25161352,180
6369390697,180
6369390700,180
6739026230,180
1938819320,180
1938819325,180
2387207421,180
5247857728,181
9691101411,181
9691101412,181
25161357,181
2387194158,181
5141877019,181
25161361,182
7223298253,182
25161362,183
9856119651,183
9856119649,184
5141216754,184
25161363,184
2387207425,185
6369390690,185
2387207426,185
2387209415,185
6369390696,185
6369390695,185
9021498664,185
6369390699,185
1360122924,185
1938819317,185
25161366,185
1938819319,185
1678155318,185
9024139132,185
9024139133,185
1938819326,185
9042026424,186
25161371,186
9856119636,186
6032044867,187
25161380,187
25161381,187
25248112,188
3715515059,188
2387220933,189
3517719434,189
8318797234,189
8318797235,189
25248118,189
25248120,190
4688513218,190
3816097108,190
25248125,191
1211381855,191
4166634955,192
7911243856,192
7911243857,192
25265077,192
3887941013,192
25265079,192
4085783099,192
2059790748,192
4077579334,193
7911267686,193
7911267693,193
473258639,193
25265075,193
763372886,193
25265078,193
25504129,194
1938819340,194
25470781,194
4383369519,194
25470784,195
4379801334,195
25470783,195
25471681,196
4630855202,196
4630855203,196
4630855204,196
4630855205,196
25503841,196
8373690842,196
1726730303,196
25471736,197
25503860,197
7271474849,198
321255907,198
25472324,198
4675821944,199
25472379,199
4675821925,199
762080111,199
25472545,200
25472566,200
1882379274,201
1882379248,201
1882379285,201
4425001783,201
25472760,201
25472763,201
3247578846,201
4823246341,202
4425001781,202
4425001782,202
25472767,202
7447716112,203
25472789,203
9161061774,203
25472800,204
4571194090,204
4571194091,204
2036125650,204
2940401398,204
1684835105,205
1684835107,205
3739048019,205
3739048020,205
3739048021,205
25472885,205
1311962080,206
9042129985,206
1311961868,206
25473200,206
6871422362,206
25473203,207
5067002855,207
9042129986,208
1215563885,208
25473204,208
25473205,208
1215563897,208
6871422364,208
1759454078,208
1759454118,209
1759454122,209
25473206,209
25473207,209
1759454104,209
1366095190,209
1759454106,209
5041784634,209
6871422365,209
4136124526,210
4078858000,210
4078858001,210
585127354,210
25473279,210
869968536,211
25473281,211
8579276917,212
9694104278,212
25474015,212
9694091974,213
9694091975,213
9694091976,213
9694091977,213
9694091978,213
6149398571,213
9694091981,213
25475053,213
9694091983,213
9694091982,213
1312471255,213
1312471228,213
25475072,214
9135848925,214
9690769059,214
7236131864,214
585180151,214
7236131865,214
6332695637,214
6332695638,214
9135848919,214
9135848920,214
9135848921,214
9135848922,214
9135848923,214
9135848924,214
6332695639,214
7236131861,214
7236131862,214
25475331,215
8263157412,215
8263157416,215
1617647945,215
8263166218,215
8785503917,215
8373690845,215
8373690846,215
9135845216,216
9690878344,216
25475417,216
9135845213,216
9135845214,216
9856119626,217
9856119627,217
283061836,217
4166967089,217
675734613,217
25475419,217
25475561,218
9690878337,218
1312471265,219
9699953505,219
25475661,219
1312471252,219
1312471223,219
4715264000,220
6014302222,220
6014302223,220
6014302226,220
6014302227,220
6014302228,220
1312932894,220
4136137529,220
9690915259,220
9690915263,220
9690915264,220
9690915265,220
9690915271,220
9690915273,220
9690915274,220
9690915275,220
25475663,220
25475664,220
4167762778,220
4529881970,220
8429945717,220
9576827481,221
25475674,221
9576827482,221
6525671279,221
8784000965,222
25475678,222
25475690,223
25499095,223
25499104,224
25475691,224
4297212128,225
4297212129,225
25475692,225
4298970368,226
4297212194,226
4298970380,226
25475693,226
4297212204,226
4298970384,226
4297212084,226
355416920,226
4298970364,226
9823138208,227
9823138209,227
25475694,227
25475695,227
4297211186,227
4297211187,227
435104728,227
355416921,227
9823138206,227
1326821607,228
1326821594,228
25475696,228
25475697,228
25475698,228
435104726,228
1326821466,228
25475699,229
6239229422,229
6273056647,229
25475754,230
1816777875,230
4297243298,231
4297243218,231
4297212114,231
25475767,231
748797145,231
4297212119,231
4297243295,231
4920098349,232
5931509720,232
5931509721,232
25476124,232
25476127,232
3515286914,233
3515286915,233
3515286916,233
1493676623,233
25477106,233
25477153,234
1312189091,234
1954751908,234
7644884069,234
26067236,234
26067235,234
3320743081,234
1312188622,234
1312188689,234
1312188858,234
25477149,234
1312188735,234
25477152,235
25477156,235
1312189013,235
1312188774,235
5006764040,236
25477154,236
5006764037,236
3093894065,237
25477197,237
2402557839,237
3858880674,238
5925628361,238
249558409,238
25477228,238
1042862477,238
9808795598,238
6304787860,238
25477301,238
6304787861,238
3735886877,238
25477258,239
347541973,239
3858880675,240
25477335,240
57786953,241
3673602988,241
9808795599,241
9203578107,241
9203578106,241
25477339,241
28419328,242
5257738379,242
5257738381,242
5257738384,242
9808795600,242
1039290578,242
5257738387,242
5257738389,242
5257738390,242
1039290586,242
25477371,242
806373533,243
25477774,243
819157946,244
25477858,244
4556931603,244
3661703766,244
1832052008,245
338472562,245
25495542,245
338472567,245
1832129783,245
1832227893,246
25495543,246
25495769,247
25495618,247
25495695,247
25495697,248
9856119622,248
1364169899,249
2453941147,249
1953202907,249
25495807,249
25495808,250
343669798,250
1832227968,250
1832228016,250
1834657467,251
25495820,251
1834657469,251
6354294763,251
4275394254,252
25495822,252
447887921,252
350437528,252
5899738713,252
6828927809,253
6828931875,253
1148249927,253
6828921209,253
25495824,253
1707790105,253
6828921210,253
6828921211,253
5736847361,254
5736847362,254
5736847363,254
5736847364,254
25495852,254
749947393,255
749947402,255
25495854,255
25495855,255
470727776,256
25496100,256
25496786,257
1985084135,257
2453947049,258
8787384684,258
8787384685,258
8787384686,258
25496792,258
5060391417,259
25496820,259
321255925,259
4077495820,260
4077495821,260
6124650606,260
25496847,260
1832129778,260
1684437690,260
1684437692,260
4730978978,261
1832129795,261
4730978981,261
4730978982,261
1655214955,261
5504212623,261
25496848,261
25496849,261
25496850,261
4076126707,261
1655214934,261
25497563,261
25497564,261
9161061779,262
9804471701,262
25496854,262
5948183671,262
9804471702,262
1938953399,262
25496855,262
25496857,263
9203537438,263
9203537439,263
9804653408,264
25497611,264
25497612,264
1813618227,264
1813618228,264
1813618229,264
1813618230,264
4870281309,264
9804653406,264
9693963689,265
7075087298,265
25497619,265
25497824,266
435104715,266
435104717,266
255860415,266
2135411308,267
25499655,267
25500517,268
2466445190,268
25577057,269
1726730307,269
2140421219,269
2140421224,269
25500535,269
8336028504,269
4328443355,269
7617785713,270
25503845,270
25503880,271
7617755274,271
25503885,271
1678452802,272
2140421220,272
2140421222,272
2140421223,272
2387213896,272
8785457867,272
1793420652,272
9024139149,272
2387213902,272
25504143,272
2387213904,272
9024139150,272
1726730162,272
1726730165,272
8336028505,272
3497483291,272
1678452797,272
1678452799,272
25504144,273
7607077372,273
25504145,274
25504146,274
25504148,274
1835355916,275
1793420660,275
25504149,275
1707790044,275
4232015838,275
367105858,276
25504755,276
367105859,277
1268892466,277
1268892467,277
25504756,277
4089226784,278
4085767970,278
9684083971,278
419350723,278
9684083975,278
9684083976,278
9684083977,278
4089236235,278
4089236236,278
419350669,278
25504760,278
6509584408,278
7223709664,279
25504769,279
1707790052,279
7223709669,279
7223709668,279
5006978856,279
7223728617,279
1707790029,279
973158035,279
1771426165,279
8336028509,279
7223709662,279
3704225380,280
1828402765,280
1938819284,280
1938819285,280
1938819286,280
9691102358,280
25505624,280
25505561,280
25505622,280
107644,280
25505593,281
25505630,281
7572833379,282
7572833380,282
25505607,282
25505618,283
25505643,283
1828402762,283
3704225376,284
3704225379,284
4962956931,284
1828402760,284
9611081868,284
25505677,284
1938819282,284
1938819283,284
9691102362,284
25505629,284
3704225375,284
419347200,285
419347201,285
419347202,285
419347203,285
2919962038,285
354935735,285
2919962039,285
2919962040,285
2919962042,285
473262779,285
2919962044,285
2919962043,285
2919962041,285
2919962045,285
2919962046,285
3267461709,285
5976850023,285
5976850024,285
25505648,285
3267461749,285
419347194,285
419347195,285
419347196,285
419347197,285
419347198,285
419347199,285
1828402763,286
1828402764,286
2142508727,286
25505662,286
25505695,286
1852996856,287
25505685,287
1852996734,287
2343269909,288
9201323564,288
25509525,288
1938819346,289
25509526,289
9201323575,289
25532384,290
5238587994,290
25532464,291
25532475,291
8807410152,291
1418752708,292
5340811717,292
1312454090,292
1312454058,292
1312454061,292
25544110,292
1312454029,292
1312453999,292
1418752721,292
1312454031,292
5340811829,292
5340811830,292
7911243863,292
2632464427,293
25632683,293
2331184930,294
25632774,294
446765895,294
275180300,294
9161061775,294
3076574323,294
6369329152,295
1215563875,295
7553887498,295
7553887509,295
1215563894,295
9855343702,295
9310662201,295
25632858,295
1771426174,295
316763600,296
316763586,296
25632859,296
9856119643,297
25632862,297
25632864,298
25632865,298
1215563890,298
244128953,298
25632863,298
5306194265,299
25634199,299
7271474855,300
7271474856,300
761831060,300
32921720,300
26374236,300
1039290562,301
3550836102,301
251757452,301
27351282,301
251757458,301
27351284,301
1039290584,301
2967343648,302
1312454048,302
2967343649,302
1312454114,302
1547013698,302
9710359368,302
5335245256,302
27458331,302
1547013692,302
1312453919,302
5342236740,303
471488484,303
1550763620,303
5931501991,303
1547013743,303
27458353,303
367121266,303
367114771,303
3708234964,303
471488472,303
1312453950,303
1312454015,303
9080098305,304
9080098306,304
9080098307,304
9080098308,304
1014803714,304
1014803718,304
6995618979,304
9080098312,304
9080098313,304
3528711722,304
9080098314,304
27459116,304
3528711693,304
27459120,304
302013776,304
1939632502,304
255051289,304
9703794686,304
1014803736,305
3528738434,305
2935392676,305
9080098309,305
3528738438,305
1014803721,305
3073173585,305
3528710290,305
27459638,305
9030037142,305
2914561272,305
27459165,305
9693974851,306
9703794692,306
9703794693,306
9080123623,306
429346236,306
27459198,306
9694087361,307
27460198,307
1014649672,307
3247933387,307
27459830,307
9694087359,307
27459905,308
1312471267,308
1312471210,308
1312471217,308
1312471190,308
1312471197,308
27459969,309
1043001378,309
1043001410,309
27459970,309
27459945,309
27459951,309
1043001423,309
27459959,309
6218501753,309
27459966,309
27459971,310
3906588452,310
2934288517,310
2934288518,310
2934288530,310
27460250,311
7487734942,311
4054356847,311
1312471193,312
27460259,312
1493722804,312
1312471222,312
2969439040,313
2612458246,313
9080123627,313
27460439,313
5904585328,313
377490677,313
3220254039,313
7911297478,314
302013674,314
302013675,314
7911297487,314
3486459764,314
3486459765,314
27480956,314
3486459766,315
3735889430,315
7815143581,315
347542743,315
27480957,315
27480960,316
9678821156,316
9678821159,316
9678821160,316
9678821161,316
3486459769,316
3892081378,317
4344245894,317
7817162929,317
1014803702,317
1014803704,317
28418138,317
3892081373,317
2140124996,318
249679365,318
7797338599,318
7797338600,318
1014803691,318
302013681,318
4244498866,318
302013682,318
28418141,318
28418144,319
4344245892,319
4344245893,319
9693910743,319
28418497,320
3858880678,320
429346243,321
429346253,321
9693971450,321
9693971451,321
9693971452,321
28418877,321
28418880,322
4629462859,322
4534184516,322
28418879,322
3984132034,323
3984132035,323
3984132037,323
302013708,323
4422013486,323
28418929,323
4244498867,323
4244498868,323
9375170323,324
28728187,324
1771453860,324
9375170326,324
28728210,325
7191329811,325
1755708646,326
1755708647,326
1755708648,326
1758552521,326
1758552522,326
28800660,326
973128725,326
9693929369,326
1401908258,327
28800661,327
250550174,327
1311961985,328
1311962043,328
28800662,328
1755708737,329
1755708738,329
1755708739,329
9693903657,329
28800664,329
1755708730,329
1755708732,329
5565443391,329
2990651920,330
2990651921,330
28800666,330
5041945508,330
1755265444,331
5041945479,331
2990721389,331
8869464398,331
1755265428,331
1755265432,331
28800670,331
5046314073,332
5046314090,332
28800671,332
28800672,333
9856119642,333
8869435290,333
5247852872,334
316763513,334
5046314091,334
5046314092,334
316763500,334
28800689,334
5224630617,334
9693730842,334
5046314077,334
5046005758,334
30056330,335
5580861156,335
707377287,335
4729385030,336
4729385031,336
4530011788,336
59526352,336
4530012690,336
6261920915,336
347335859,337
8868010205,337
213668839,337
250549699,338
250549700,338
8868010279,338
8868010280,338
8868010281,338
8868010218,338
213668842,338
213668844,338
8868010221,338
8868010202,338
1685272862,338
245200970,339
4211515891,339
8256049399,339
1771453217,340
4530012691,340
249470452,340
4530012692,340
1731225566,340
347539416,341
7815533546,341
7815533548,341
249558966,341
7900221088,342
249560091,342
9021491075,342
7900221087,342
3528738439,343
3528738440,343
2934411661,343
2934411667,343
6280047277,343
6280047278,343
5160943793,343
5160943794,343
9375078973,343
5160943806,343
9375078975,343
4144358216,343
4144358217,343
9375100241,343
9375100242,343
251757533,343
1771458655,343
1771458658,343
1939632504,343
249679102,343
4116809028,344
249679343,344
250325410,345
3787645606,345
3787645607,345
3787645608,345
3787645609,345
3787645610,345
5492419692,345
9856119632,346
3334162601,346
250325411,346
9710304459,346
250327037,347
1310663631,347
9693628387,348
9693628388,348
347335878,348
2642612586,348
250327576,348
1326821544,349
8868010287,349
250327591,349
250327618,350
9030155756,350
7151566952,351
250327660,351
338319877,351
354886082,352
1312188741,352
250549670,352
1312189098,352
1312188660,352
1312188694,352
1312188955,352
250550400,353
973101839,353
2387242386,353
8869472274,353
8869472247,353
5609638014,353
251892353,354
251892475,354
5925626141,354
5925626142,354
3930921860,355
3708234957,355
4230027057,355
251892564,355
843376599,355
4835109000,356
255678213,356
4072083345,357
259252667,357
262078536,358
3267461742,358
1678452753,359
473266627,359
268124583,359
4378043667,360
269547419,360
4378043661,360
4378043662,360
6293128709,361
8373690824,361
3518995475,361
8785484312,361
269589467,361
9051462722,362
6855696495,362
6855696498,362
627985397,362
275179893,362
275179767,362
6855696504,362
283062189,363
690295047,363
6855696497,364
6855696500,364
6855696503,364
2112030873,364
291951643,364
302013672,365
3486459762,365
6345441358,365
1312264577,366
794039687,366
1312264648,366
9042133642,366
1312264524,366
7836155865,366
316763548,366
1782724125,366
316763559,367
316763561,367
2990806411,367
2990806413,367
1758554286,367
2990806415,367
2990806416,367
9041828942,367
1759454163,367
316763584,368
5046627553,368
1215563891,368
5046627645,368
316763595,369
316763590,369
5006978857,370
1311961826,370
319984684,370
5006065040,371
5006063173,371
8785567902,371
321255919,371
323260106,372
1816038214,372
6108171363,373
8975700260,373
343669791,373
7815143559,374
347541965,374
7911297463,374
1145174402,375
1165343843,375
4729480808,375
4571241384,375
355416887,375
9820538031,375
9820537936,375
9820537937,375
4571244658,375
9820537940,375
9820537941,375
9820537942,375
4571244663,375
9820537943,375
355416890,375
9820537944,375
355416892,375
4297242961,376
1913216493,376
4158004390,376
355416911,376
367104392,377
5114681227,377
5114681230,377
9781311297,378
4034060007,378
419632906,378
4034060015,378
368044217,378
8620272571,378
2360684188,378
373402354,379
9856119634,379
1312932832,380
7644741346,380
9703827555,380
6110164647,380
377490664,380
9080123628,380
9690975244,380
1312932879,380
1312932849,380
4534184507,380
4210859292,380
429346241,381
9703794694,381
9703794695,381
9703794696,381
3987750679,381
9693971448,382
429346251,382
1723340842,383
435104742,383
7918978033,384
438170475,384
4860803960,385
1835356021,385
441958990,385
1938819296,386
3474115148,386
1655418222,386
3816097103,386
2140420434,386
470729237,386
1938819290,386
2215139515,386
1938819293,386
471488499,387
4847781268,387
1493722803,387
9703794688,388
9703794689,388
9694087360,388
472493763,388
9080123619,388
6969936109,388
6969936112,388
473219610,389
8814668141,389
5104314222,389
25161386,390
473258827,390
3644748773,390
473264457,391
1268903266,391
473264641,392
4627445258,392
4627445259,392
4627445260,392
4627445240,392
4627445241,392
585129712,393
1312471258,393
9683585635,394
4085387943,394
4085387945,394
7246486955,394
4136124524,394
585148380,394
585201189,395
8579276918,395
4462680068,396
7840712839,396
4462680078,396
1360122901,396
595709975,396
5573994014,396
5573994016,396
5573994017,396
5573994019,396
5603454628,396
5603454627,396
1360122919,396
1360122925,396
1938953395,396
1360122937,396
6329690691,396
8975645638,396
8975645640,396
8975645641,396
4512763348,396
1360122841,396
5460658138,396
1360122860,396
5839156209,396
1360122866,396
1360122871,396
8869472240,397
632438506,397
20460684,397
4992781175,397
3068267824,398
670103313,398
1233350889,399
3231501611,399
1233350862,399
675734610,399
675734622,399
680069483,400
680069471,400
690295042,401
9690878343,401
4715264001,402
4715264002,402
4715264004,402
722208263,402
4715263992,402
4136137530,402
819132568,403
748941508,403
748941552,404
4195111363,404
4195111355,405
748941556,405
4661317153,406
4661317155,406
1617647919,406
761830938,406
1617647901,406
761831000,407
761831039,407
763372884,408
7911243861,408
2496836226,409
2496836231,409
1255490314,409
1150003513,409
806373565,409
6446218921,410
6446218922,410
811035012,410
1556097271,410
873684193,411
2387245026,411
1939632514,411
2387245027,411
2387245025,411
3870640548,411
1939632519,411
2387245029,411
3870640547,411
9030155758,411
1312335310,411
9030155759,411
3870640530,411
1326821592,411
9030155760,412
9030155762,412
914822492,412
4992781180,412
9042037853,412
914822496,413
5927671121,413
914822508,413
5927671156,413
2990780037,414
2990780039,414
1758554289,414
1758554291,414
968499093,414
1758554294,414
1755708768,415
1758552678,415
1758552682,415
1759454351,415
973128722,415
1755708765,415
1755708766,415
3894948091,416
3894948093,416
1014803686,416
9027340515,417
9027340516,417
1042862673,417
9766629717,417
9027367517,417
9027367518,417
1042862696,418
3858880677,418
109766,419
7911297486,419
1042862726,419
8515091589,420
1043001422,420
1939558659,421
1939558663,421
1939558666,421
1365887500,421
1312264600,421
2387224474,421
2387224475,421
1046391070,421
9021535020,421
2218362306,421
8579522887,421
9021504716,421
1733389278,421
2218362336,421
2218362849,421
4866976610,421
4866976611,421
2218340965,421
4866976613,421
4866976614,421
4866976617,421
2218364543,421
5473274866,421
8869435258,421
2218364541,421
1939558655,421
1150003155,422
9808795611,422
1150003224,423
1150003170,423
1309067472,424
1684835245,424
1150003270,424
1150003472,425
25473202,425
9042129984,425
9042129983,425
1150003480,426
1150003547,426
5565487612,426
9024139145,427
9024139146,427
9024139148,427
1163954964,427
1268892541,427
25632856,428
1215563903,428
1215563879,428
1233350848,429
9080123624,429
2872699894,429
1236791506,430
4378043283,430
4378043789,430
6988528038,431
25509513,431
1236791535,431
9197589238,431
1938819351,431
1938819350,431
1236791555,432
5880186828,432
5880186827,432
4167762777,433
3855607516,433
1237883773,433
1238249904,434
1736734053,434
2140125056,434
1238259337,435
3499567135,435
1268892338,436
1268900660,436
1280491924,437
1280491926,437
2402557599,437
2387232555,437
2387232556,437
2387232557,437
2387232559,437
2387232561,437
2387232563,437
3741117630,437
1722268367,437
9856119633,437
1722268381,437
1722268384,437
1722268388,437
5492419693,437
8236052983,437
8236052987,437
8236052988,437
8236052990,437
8236052991,437
3741131600,438
1309067471,438
25473201,439
1311961947,439
1311962012,439
1311962111,439
1311962016,440
1938819328,440
8336028512,440
6369390693,440
1782728999,440
1311962122,440
6369390702,440
8336028511,440
2387207423,440
4726152857,441
1312188619,441
8318757606,441
1312188704,442
1312188883,442
1312188797,442
1312188824,443
1312189057,443
1312188722,443
1312188760,444
26067238,444
1312188768,445
4726152854,445
9781190369,446
1312188821,446
3499500263,446
1312188843,447
26067237,447
2218344518,448
1939558664,448
1939558673,448
2218344498,448
3816097107,448
3816097106,448
1312188886,448
2218344503,448
2218344509,448
1312188994,449
25477150,449
3741078112,450
5006764038,450
1312319838,450
5006764039,450
1312453936,451
1312453879,451
1312453915,452
1312453966,452
1312454066,453
1312453954,453
1312454100,453
3381130089,454
1678245252,454
9781190366,454
1312454038,454
3272782433,455
3272712566,455
1312454087,455
25496910,456
1312471189,456
9690974262,456
9690974275,457
9690974276,457
9690974277,457
9690974278,457
4920098342,457
4920098343,457
6266867113,457
6266867112,457
6266867114,457
6266867111,457
9699944538,457
1312471196,457
1312471226,458
25497603,458
1319881922,459
4730978979,459
1319881924,459
4730978983,459
25496851,459
256766531,460
3739049348,460
1326821480,460
2387242385,460
4826555770,460
9693963699,461
1326821620,461
6272993491,461
1343823418,462
250550023,462
1353133536,463
4643336966,463
4643336968,463
4643336979,463
1353133533,463
1782725824,464
8336028514,464
1401926435,464
2387194148,464
2387194150,464
9021504714,464
9021504715,464
2387194123,464
2387194126,464
2387194127,464
2387194128,464
7836155869,464
2387194131,464
6369401334,464
9781190365,464
1493658224,465
1685281076,465
1536948474,466
1852996875,466
8785024515,467
8807410151,467
9856119631,467
1547013554,467
1547013589,467
1547013719,467
1547013592,468
1547013724,468
1547013621,469
1547013694,469
1547013567,469
4402629177,470
1547013655,470
1547013672,471
1547013705,471
8807410149,471
9856119630,471
1547013699,472
1550763732,472
1547013704,473
1547013653,473
9694096799,473
1547013760,474
8785024514,474
1547392848,475
1547392818,475
1547392728,475
1547392764,475
1547392894,475
1547393025,476
1547392771,476
1547392914,476
1547392951,476
1547392927,476
1547392865,477
1547393045,477
1556097034,478
1556097387,478
1556097147,478
1556097153,479
1556097448,479
1556097227,479
5905896973,479
1556097166,479
1556097177,479
1556097178,479
1556097051,479
1556097080,480
1556097185,480
1951372935,480
4777897927,481
4777897928,481
1556097098,481
1556097137,481
1951372915,481
1556097368,481
1556097118,481
5905897286,482
1556097111,482
1556097136,483
6918421512,483
6918421503,483
1556097337,484
1556097148,484
24952196,485
4085404136,485
1556097321,485
1556097163,485
4018000435,485
1951372927,485
1556097245,486
5189042550,486
1951372909,486
1556097217,487
1561071655,487
1561071656,487
4085404135,487
1556097431,487
1556097306,487
1556097320,488
25532494,488
8807410150,488
1556260241,489
1556260235,489
5976760443,490
1556324659,490
1561071632,491
1951372930,491
1569216650,492
1951616226,492
5473273425,493
24950114,493
1569216662,493
1569343576,494
5104314098,494
5104314325,494
1590088452,495
1561071644,495
9805219990,496
1596648671,496
7946372937,497
1596648673,497
7946372938,497
7946372935,497
1599652497,498
5504771250,498
1599652492,498
3519872213,499
1609966653,499
3265436678,500
3265436680,500
3265436686,500
3265436688,500
3265436692,500
1617532087,500
1617532088,500
1617532090,500
2775635677,500
4697288390,501
5146127859,501
367102039,501
1617596505,501
4696545402,501
25473048,502
4665353645,502
8373728533,502
1617596591,502
1617596593,503
3328228993,503
4661317524,503
3328228998,503
1617596616,504
1617596615,504
1617596627,505
1617596669,505
1617596646,505
1617596659,505
25475182,506
1617596686,506
8373690820,507
9856119621,507
1617596714,507
8785503918,507
8785503919,507
8785503920,507
8373690843,507
8373690844,507
1617647898,508
1617647900,508
8373728532,508
1617647903,508
1617647928,509
1617647931,509
1617647924,509
1617647944,510
8373728530,510
25475332,510
7926686250,511
1678226827,511
1951616261,512
1951616284,512
1678226917,512
1951616270,512
1678452770,513
4085767971,513
4085767974,513
1828402758,513
1828402759,513
4085767978,513
4085767980,513
4085767983,513
4085767992,513
3267461747,513
2620105428,513
4085767989,513
1678452760,513
4085767993,513
9729684314,513
1536948605,513
9684083967,513
1678452786,514
3474115151,514
7610670751,514
7610670876,515
1678452789,515
7610670826,516
7610670830,516
7610670771,516
1678452790,516
7610670780,516
7610670781,516
7610670906,517
1678452791,517
1678452793,518
7607077361,518
1678452795,519
8336028508,519
2387213899,520
8336028507,520
1678452796,520
5006978853,520
1684835042,521
1684835138,521
1684835110,521
8868809321,521
1684835019,521
6014333809,521
1684835121,521
1684835093,521
1684835030,521
1684835062,521
1684835097,521
1707790024,522
4658088777,522
1707790055,523
1707790057,523
4650375309,523
1707790063,523
1707790064,523
4650375508,523
3518967818,524
9024139147,524
1707790062,524
6327615074,525
6327615075,525
6327615076,525
4658088585,525
4650375504,525
1707790067,525
4658088539,525
1955520890,525
3972566715,525
3197333544,526
7191329809,526
1711679380,526
1711679434,527
9375170322,527
9375170324,527
250549835,528
1718566997,528
1718567007,528
2624005734,529
4807521484,529
7636278193,529
9030155763,529
7636244312,529
7636278195,529
7636278196,529
7636278198,529
1723315608,529
7636244313,529
7636244314,529
9042037852,529
9804685199,530
9804685200,530
9804685201,530
9804685202,530
1723388986,530
7620895974,531
25161384,531
1727515734,531
4530012704,532
1771453218,532
4530012695,532
2398924896,533
6369329154,533
20965798,533
4428887946,533
1782729296,533
6369329155,534
4076095242,534
25497613,534
6369329170,534
4076095253,534
1813618231,534
1813618232,534
1813618234,534
3320947996,534
5041784633,535
1813618358,535
5014591889,536
1816038239,536
1816038199,536
4158000323,537
1816959492,537
4211515621,538
108903,538
1830276654,538
4211515569,538
8256049397,538
1832248457,539
5573931377,539
5374183742,539
3704225378,540
4085778923,540
1938819279,540
9684101713,540
4085778934,540
4143767990,540
1938819280,541
9684083979,541
1678452780,541
4401156476,542
1938819292,542
4729448869,542
1938819294,542
1939558672,543
4866807989,543
2218344501,543
1939558671,543
1939558697,544
2218362321,544
1939558701,544
1939632512,545
4826555773,545
7824803494,546
7824803495,546
7824803501,546
4166634957,546
9072449309,546
1951372959,546
8807431546,547
24950109,547
1951616325,547
8807431551,547
1953096696,548
7796554012,548
2632476590,548
1954751916,549
5060405461,549
1954751918,549
1954751920,550
6014339453,550
3130435826,551
1990694638,551
4823243100,552
2112030869,552
2480657188,553
2135411293,553
2135411296,554
2331184929,554
6525670241,554
2632430340,554
2135411294,554
9808795607,554
9808795608,554
6525670237,554
6525670238,554
2135411297,555
6525670242,555
2331184931,555
2331184932,555
5711517571,555
2331184934,555
2331184935,555
4703542482,555
4703542483,555
1723388979,555
9808795606,555
6525670234,555
6525670235,555
6525670236,555
2331184927,555
5471345385,556
308837357,556
2146369238,556
9161061783,556
9846850972,556
9846850973,556
9846850974,556
2146369240,557
5468301601,557
10607626,557
9694087363,558
9694087364,558
3816097109,558
3816097110,558
4430996023,558
2203268985,558
6332545601,559
9030284967,559
3093894066,559
2254629351,559
2293833763,560
4156336279,560
3265436260,561
2341656968,561
4697287178,561
8620082704,561
6327557047,561
8336028515,562
2387194149,562
8336028513,563
2387194133,563
2387194157,563
4749090120,564
2402557597,564
3093897991,564
2453947051,565
4211515660,565
6866516260,565
8787384683,565
2466442731,566
9024139134,566
9024139135,566
6863550501,567
9756243981,567
9756243982,567
9756243983,567
9756243984,567
9756243985,567
2586616722,567
9756243986,567
6863550510,567
9756278362,567
9756278363,567
9756278364,567
6110164660,568
6110164659,568
2612458244,568
2632486641,569
3586606038,569
3586606039,569
2665239972,570
6509684093,570
2665239976,571
2665239975,571
2665239977,572
2665239978,572
9684083981,572
9804685203,573
9804685204,573
2755124949,573
9804685206,573
9804685205,573
108864,574
2775653836,574
2793874522,575
7797731341,575
7797731343,575
2914561217,576
5924603457,576
5924603458,576
5924603460,576
5924603459,576
5924611312,576
5924603444,576
5924603445,576
5924603446,576
5924603447,576
5924603449,576
8500636794,576
5924603452,576
5924603453,576
5924603454,576
5924603455,576
5165786242,577
2934288523,577
5165786245,577
2934411668,578
3876429831,578
2935324280,579
2935373161,579
5929540796,579
2935373159,579
4992781181,580
2990721391,580
2990806410,581
316763563,581
8975833914,581
4246525223,581
3247825561,582
3247825562,582
3741131606,582
3247932481,583
4835109001,583
4430996033,584
3247933381,584
2265050050,585
3267461729,585
9684083978,585
4938216619,585
3267461756,586
3267461758,586
367091632,587
3267461759,587
3272782432,588
1547013738,588
3272782429,588
3381130092,589
3381130493,589
8976060358,589
6985465129,590
3385387607,590
4691514032,591
3519013665,591
5006063178,591
3644748769,592
3519288132,592
4430996024,593
4155841820,593
3632581622,593
3673602993,594
25477300,594
7815143465,594
9693628389,595
3741117629,595
3816097104,596
8336028510,596
8579233861,597
8579233862,597
6600283121,597
4619022514,597
3830043581,597
3892081372,598
9693935550,598
9693935551,598
5374181585,599
3972566714,599
9201323561,599
4077495872,600
4530195657,600
4077495883,600
4077495854,600
4077495855,600
4077495951,600
4077495858,600
4077495957,600
4077495862,600
4077495964,600
109816,601
4077495867,601
6463234329,602
5227220846,602
4077599543,602
5238587992,602
4077599545,602
1828408303,603
4696568114,603
4696544885,603
6327557048,603
4166662878,603
6868293535,603
4166662881,604
8620105277,604
8429225386,605
8429706219,605
6110191186,605
8429774517,605
4167762779,605
8675201264,606
7911282822,606
1556097326,606
4169714270,606
5788363874,607
4208239651,607
4462680076,607
4208239642,607
5899711453,607
5899711454,607
317930380,608
4211515637,608
4211515622,608
4211515634,609
4211515644,609
4211515645,609
9693971464,610
9703794697,610
4223357836,610
4316306164,611
1137777341,611
5342251136,612
4329502449,612
5177397824,613
8755805313,613
4367041960,613
4367041962,613
9691076056,613
4370333637,614
4370333638,614
4370333643,614
4370333627,614
4370333629,614
4401149224,615
5927671120,615
7636278191,616
7636278194,616
4401149234,616
7636278197,616
7636278201,616
4826555771,616
4879371168,617
4879371165,617
4421008566,617
4530012696,618
6261920913,618
9808795596,618
4530012694,618
4571244659,619
4729480806,619
4729480807,619
4627445216,620
4627445217,620
4627445213,620
4627445215,620
4627491643,621
5207476607,621
4665352264,622
4665352262,622
4675822097,623
4675822100,623
4682627259,624
6978555518,624
6978563383,624
4682627264,625
1150003571,625
8785484313,626
8373690819,626
4689775124,626
4689775126,626
5006063175,627
5006063176,627
8263166217,627
5006063177,627
5006063186,627
4691460851,627
4697525032,628
26374229,628
4697525030,628
9135848928,629
4777885222,629
1707790074,630
4822267107,630
4826555768,631
25632870,631
7223326412,632
4835108997,632
250327100,633
4835108999,633
4859246419,634
2140506294,634
20460688,635
4860825518,635
4864083784,636
6218501740,636
4866475736,637
4866475731,637
4866475733,637
4866651969,638
4866651962,638
7926554423,638
25475328,639
9700060292,639
4872502279,639
8579240313,639
8579240314,639
9690974272,640
4920098344,640
9690974263,640
9690974264,640
9690974265,640
9690974266,640
4942595236,641
9781435149,641
9856119650,642
25067400,642
5141625621,642
5141625623,642
5141625625,642
5141625630,642
6280047280,643
9808795602,643
5160943803,643
9375078974,643
5177352922,644
5177352923,644
5177352932,644
5177352933,644
5207487897,645
10572179,645
9693982149,645
5238500312,646
5238500313,646
9733914457,647
5253290694,647
4429088632,648
8972511965,648
5265830862,648
25496750,649
5265840063,649
5517519002,650
9703794691,650
27460210,650
5609643672,651
5609643675,651
5609643673,652
5609643674,652
8373690825,653
5880188046,653
4305986091,654
5905893978,654
7620902731,654
5976760445,655
5976760446,655
5976760447,655
6032044868,656
25161383,656
9704122321,657
6218468163,657
6272993492,658
6239229423,658
6280047275,659
5160943798,659
4076095262,660
6369329159,660
1366095187,661
6369329172,661
9024139129,662
6369361794,662
6369361795,662
6369361789,662
4077495826,663
6407948171,663
6407948172,664
1832129789,664
9693974377,665
6431923714,665
8784181688,666
6467134930,666
6606148797,667
6606148798,667
6696695781,668
6696695783,668
6645346885,669
6711365597,669
6967585840,670
7824747297,670
302013777,671
6969936105,671
6969936106,671
6978555522,672
4682627263,672
256766533,673
6978563381,673
6995618971,674
21523716,674
9693963696,675
9693963697,675
9693963698,675
7075087299,675
7572833353,676
7572833350,676
8318797236,677
7636163631,677
7636180241,678
7636180242,678
1787108650,678
7644741345,679
1233350847,679
7805198627,680
4530012700,680
7824747306,681
7824747299,681
7824747301,681
4166634962,682
7911243858,682
7911282827,683
4169714271,683
7620895976,684
7926686249,684
9690915268,685
9690915267,685
8064065316,685
8579240307,686
8579240308,686
8579240310,687
8579240311,687
1587330970,688
8783914189,688
8604055550,688
8784212017,689
4826555767,689
8868010162,690
8868010171,690
9030155757,691
9042120207,691
9042041320,692
9042041321,692
28800667,692
9375170320,693
9375170321,693
9375170325,693
9690974274,694
25497222,694
9691082176,695
4872502280,695
9693971465,696
377494060,696
9694104280,697
9856119625,697
1547657140,697
9694104279,697
9080123618,698
9703794687,698
9703794690,699
9080123622,699
21990624,700
9710348827,700
1832129813,701
9781311295,701
9804774392,702
1723388985,702
9820537946,703
3257317059,703
