node_id,cluster_id
6866516260,0
2453947051,0
4211515660,0
8787384683,0
1832666032,0
1637578546,0
8787692633,0
8787692634,0
104315,0
1236791552,1
4076126468,1
1816959492,1
9781435148,1
9805219989,1
25509527,1
25509533,1
25509534,1
1236791459,1
9856119617,1
4158000323,1
7946372933,1
7946372934,1
7946372935,1
7946372936,1
7946372937,1
7946372938,1
7946372939,1
7946372940,1
7946372941,1
7946372942,1
9197589455,1
9197589454,1
9197589457,1
5516594509,1
3644748768,1
1596648673,1
4076126448,1
1236791408,1
3817308659,1
3817308660,1
104318,1
6369329152,2
6369329153,2
373364225,2
25504769,2
373364228,2
1236791297,2
6369329161,2
6369329162,2
6369329163,2
6369329164,2
3518967818,2
6369329166,2
6369329167,2
1311962122,2
6369329169,2
1311962130,2
25577057,2
3497483291,2
7926506525,2
7926506526,2
7926506527,2
7926506529,2
7926506530,2
7926506531,2
7926506532,2
1726730281,2
319984684,2
2398924845,2
1360122924,2
24951856,2
1678452788,2
5475684917,2
1678155318,2
367104392,2
1678452791,2
9310662201,2
9310662202,2
1311962169,2
1678452795,2
1678452796,2
1678452797,2
1678452799,2
1678452793,2
1678452802,2
1726730307,2
1311962182,2
2387213896,2
2387213899,2
1678452789,2
441958990,2
2387213902,2
441958992,2
2387213904,2
9855343702,2
25632855,2
25632856,2
25632857,2
25632858,2
25632862,2
4870281310,2
1215563870,2
18468958,2
18468962,2
1215563875,2
6369390691,2
6369390692,2
1215563878,2
1215563879,2
18468966,2
2140421222,2
6369390698,2
6369390696,2
6369390700,2
6369390701,2
6369390693,2
6369390694,2
6369390695,2
6369390697,2
6369390699,2
1215563891,2
6369390702,2
1215563894,2
1215563895,2
107641,2
107646,2
107647,2
1215563903,2
5342251136,2
18468961,2
373364868,2
373364870,2
25161351,2
25161352,2
25503880,2
373364874,2
3519879307,2
7617755275,2
3965024397,2
373364878,2
3965024398,2
3965024399,2
25503885,2
7617755274,2
973158035,2
25161366,2
7607080091,2
107684,2
107687,2
4922952362,2
1782725824,2
2387209415,2
9021504714,2
8785457867,2
9021504715,2
1707790029,2
1236791506,2
9781190365,2
1054045407,2
5046627553,2
1311961826,2
1707790052,2
1707790062,2
4378043789,2
4329502449,2
1938819317,2
4379801334,2
1938819319,2
1938819320,2
2387207417,2
2387207418,2
2387207420,2
1938819325,2
1938819326,2
2387207421,2
1938819328,2
2387207425,2
1938819330,2
1938819331,2
2387207423,2
2387207426,2
1938819335,2
1938819336,2
7553887498,2
8868824843,2
2387194123,2
1054045453,2
2387194126,2
2387194127,2
2387194128,2
2387194131,2
1163954964,2
7553887509,2
2387194133,2
7610670876,2
4072476959,2
1401926435,2
2387194148,2
5006978853,2
8868824870,2
8868824871,2
5006978855,2
5006978856,2
5006978857,2
5973627687,2
1782728999,2
9021498664,2
2387194156,2
2387194157,2
7610670892,2
6739026230,2
7610670906,2
5046627645,2
25470783,2
25470784,2
7610670913,2
9781311299,2
2387194149,2
7610670919,2
2387194150,2
7610670921,2
3816097104,2
8336028504,2
8336028505,2
9856119643,2
8336028508,2
8336028509,2
8336028510,2
8336028507,2
8336028511,2
8336028512,2
8336028513,2
8336028515,2
8336028516,2
25500517,2
8336028514,2
1081508200,2
1793420652,2
6369361789,2
6369390690,2
1835356021,2
1771426165,2
25500535,2
4860803960,2
4860803961,2
1649365881,2
9024139129,2
9024139132,2
1268892541,2
1771426174,2
9024139134,2
104320,2
9024139135,2
9024139138,2
9024139136,2
9024139137,2
9024139133,2
2466445190,2
1311961991,2
9024139143,2
9024139144,2
9024139145,2
9024139147,2
9024139148,2
9024139146,2
9024139149,2
9024139150,2
6369361794,2
6369361795,2
25504143,2
5114681227,2
5114681230,2
25504144,2
957122446,2
4378043283,2
10572178,2
1311962013,2
2387212189,2
1311962016,2
20965794,2
20965796,2
20965797,2
20965803,2
1726730162,2
1726730165,2
1163955130,2
316763584,2
747893184,2
316763590,2
316763595,2
25470928,2
2140421219,2
2140421220,2
4328443355,2
7836155869,2
7223709662,2
7223709664,2
1311962082,2
7223709668,2
7223709669,2
3644748774,2
2140421223,2
1311962089,2
7223728617,2
2466442731,2
2140421224,2
7607077361,2
6369401334,2
7607077372,2
104321,3
24951853,3
4922952373,3
5046314040,3
9856119641,3
268997562,3
25161345,4
104322,4
8869435268,4
1718328198,4
1718233994,4
2140227862,4
25161368,4
7836164763,4
7836164764,4
7836164765,4
5046005790,4
7553887409,4
7553887415,4
1718233922,4
7836155866,4
1684511838,4
1718233957,4
1771426166,4
1771426172,4
1771426173,4
8438226815,4
4167762779,5
104323,5
8429225386,5
8429706219,5
8429795032,5
295977520,5
6110191186,5
4167762777,5
8429774517,5
4167762776,5
8429795033,5
8429795034,5
8429795035,5
3855607516,5
1237883773,5
107584,6
251892754,6
251892950,6
30056310,6
3847023130,6
3847023131,6
5218862786,7
1365887500,7
3215685153,7
4866705606,7
7657257518,7
2218344498,7
2218344501,7
4430996023,7
2218344503,7
2218344505,7
2218344508,7
5342236733,7
2218344510,7
2218344511,7
2218344509,7
107585,7
3247932481,7
107587,7
107586,7
107588,7
3247932486,7
2218344518,7
2218344516,7
2218344522,7
6218501713,7
6218501715,7
6218501717,7
2218340965,7
6218501740,7
6218501746,7
7797330549,7
6218501751,7
2218348156,7
6218501757,7
2218364541,7
2218364543,7
10677376,7
4726152840,7
4835109001,7
4835109000,7
1497452171,7
4726152844,7
4726152847,7
4726152848,7
4726152850,7
2961557,7
4726152854,7
1312471193,7
4726152857,7
9710332576,7
9710332577,7
27460259,7
1312471208,7
3715515059,7
1493722804,7
4866807989,7
1312471222,7
9694087358,7
9694087362,7
9694087363,7
9694087364,7
9694087365,7
4688513218,7
7223326407,7
7223326408,7
7223326409,7
7223326410,7
1312188619,7
7223326411,7
7223326413,7
7223326414,7
9021504716,7
4688513237,7
6470264535,7
6470264536,7
4688513241,7
9781190366,7
9781190367,7
9781190368,7
9781190369,7
8318757605,7
8318757606,7
1312471271,7
3499500263,7
1939558646,7
1939558647,7
7223365368,7
1939558649,7
7223365370,7
1939558651,7
1939558650,7
3381130493,7
7223365372,7
7223365371,7
1939558648,7
1939558657,7
21523714,7
21523715,7
1939558660,7
255678213,7
1939558661,7
1939558663,7
1939558664,7
1939558659,7
1939558666,7
1939558667,7
1939558671,7
1939558672,7
1939558673,7
1939558674,7
2538458898,7
1939558677,7
1939558678,7
1939558681,7
2195965722,7
1939558684,7
1046391070,7
1939558687,7
3139705121,7
2793904931,7
1939558697,7
24659709,7
1939558700,7
1939558701,7
9021535020,7
1939558704,7
8043350325,7
25068862,7
30056255,7
8043350341,7
8579522887,7
4864083784,7
4864083785,7
1951616327,7
5925584203,7
5925584204,7
4195103055,7
3816097106,7
3816097107,7
3816097108,7
3816097109,7
3816097110,7
30056277,7
24950101,7
24950102,7
24950105,7
24950104,7
357999964,7
1312188768,7
4866976610,7
4866976611,7
4866976613,7
3381130086,7
109415,7
3381130087,7
3381130089,7
3381130090,7
3381130091,7
3381130092,7
109416,7
4866976617,7
4866976614,7
25248112,7
25248115,7
25248119,7
25248120,7
2203268985,7
25248122,7
25248123,7
25248124,7
8869435258,7
2297373047,7
25248127,7
25248128,7
1939558655,7
1678245252,7
3145798533,7
9030155653,7
8807431559,7
8807431560,7
1312188821,7
1312454038,7
1312264600,7
2387224474,7
2387224475,7
1312454068,7
1782717878,7
5095547321,7
2218362306,7
8976060358,7
2218362310,7
2218362314,7
2218362316,7
6465896909,7
9808795601,7
2218362321,7
471488469,7
1312188886,7
2218362332,7
1733389278,7
2218362336,7
2218362849,7
1731216865,7
1678283238,7
1678283242,7
212916714,7
1678283244,7
1678283247,7
5473274866,7
4866784251,7
5269678593,8
5977954180,8
2612458244,8
9673091207,8
9673091208,8
9690975243,8
9690975244,8
9690975245,8
9673091214,8
9673091213,8
1312932879,8
3987750677,8
3850146457,8
3987750684,8
3987750685,8
3987750686,8
3987750687,8
3987750688,8
6110164641,8
4210859292,8
3987750692,8
9673189925,8
9673189926,8
6110164647,8
6110164649,8
6110164650,8
6110164659,8
6110164660,8
7900888377,8
4534184507,8
1233350847,8
107602,8
6110191188,8
1312932832,8
7644741345,8
7644741346,8
9703827555,8
7644741351,8
377490664,8
9080123628,8
1312932849,8
7900888437,8
4715264000,9
4715264001,9
4715264002,9
4715264004,9
5816743941,9
5816743942,9
722208263,9
5816743945,9
5816743947,9
5816743949,9
5816743950,9
6014302223,9
6014302222,9
8429945617,9
8429945618,9
6014302226,9
6014302227,9
6014302228,9
4715263992,9
1312932894,9
109728,9
4164428578,9
8064065316,9
25476134,9
4136137525,9
4136137529,9
2203888698,9
25475770,9
9690915259,9
4136137530,9
1689605567,9
5816744255,9
5816744257,9
9690915265,9
9690915264,9
9690915263,9
9690915267,9
8429934918,9
9690915271,9
9690915268,9
9690915273,9
9690915274,9
429346251,9
9690915275,9
25475663,9
25475664,9
5931509715,9
107606,9
4167762778,9
1312471258,9
28418909,9
585199079,9
28418921,9
585129712,9
9816821617,9
4529881970,9
8429945717,9
9693971447,9
9693971448,9
1505332730,9
2364384488,10
8030470473,10
585124778,10
1951242858,10
1951242860,10
2364378222,10
2364371185,10
2364379602,10
2364379603,10
2364379604,10
2364379605,10
107613,10
107614,10
1864047135,10
25475328,11
1990912129,11
9700060292,11
690295047,11
9690878344,11
4872502279,11
9632417162,11
9632417163,11
9683581480,11
283062189,11
3385332654,11
9683686963,11
3733791671,11
1155552319,11
1137777343,11
8030470464,11
8030470469,11
7638732490,11
7638732491,11
25475417,11
4832472797,11
9135845214,11
680069471,11
107615,11
8579240311,11
9135845216,11
9135848931,11
9135845213,11
1951242856,11
1951242857,11
1990912106,11
1951242859,11
2364384492,11
2364384490,11
680069483,11
2364387947,11
9135848938,11
9135848937,11
2364371186,11
1990912115,11
8579240307,11
8579240309,11
8579240310,11
8579240308,11
8579240312,11
8579240313,11
8579240314,11
5141216782,12
4077593104,12
5141216790,12
5473273373,12
5473273376,12
7745051680,12
1569343523,12
7926686250,12
25532464,12
385311796,12
6985395258,12
25532475,12
5473273425,12
1678227031,12
5238587992,12
5473273433,12
5238587994,12
5473273435,12
1569343577,12
3272782433,12
329983075,12
107626,12
107627,12
107628,12
5049840242,12
5049840243,12
5049840245,12
5049840248,12
2961549,12
25161362,12
25161363,12
1569216662,12
25161377,12
25161378,12
25161379,12
4867087535,12
3153656028,12
3153656030,12
1951616231,12
1951616232,12
1951616234,12
1951616236,12
1951616261,12
2378843909,12
1951616263,12
1951616268,12
1951616270,12
1951616276,12
1951616278,12
6463234329,12
1951616283,12
1951616284,12
1951616287,12
1951616291,12
1951616292,12
1951616295,12
1951616297,12
4077599543,12
4077599545,12
9027328314,12
9027328313,12
1951616319,12
5925584201,12
8390582613,12
5141354328,12
5141354329,12
5141354330,12
5141354331,12
5141354332,12
1312453981,12
5141354333,12
24950113,12
24950114,12
24950115,12
9856119649,12
9856119651,12
385311590,12
25067883,12
1312453996,12
5227220846,12
8807431535,12
8807431541,12
3272712566,12
1782714747,12
8807431548,12
6369361790,12
8807431550,12
6369361792,12
1678226827,12
4072083344,12
4072083345,12
5065949596,12
1312454045,12
5065949598,12
1678226846,12
2279592861,12
25067936,12
25067935,12
1312454055,12
25532332,12
4748394420,12
259252667,12
1312454087,12
25532377,12
25532384,12
1678226917,12
8807410152,12
5141216745,12
8807410154,12
5141216746,12
8807410158,12
8785024497,12
5141216754,12
473258249,13
1312454029,13
1312454031,13
473258639,13
3887941013,13
2059790748,13
25532576,13
6458938017,13
1312454058,13
1312454061,13
25544110,13
25265075,13
5340811829,13
5340811830,13
25265077,13
25265079,13
25265078,13
4085783099,13
1418752708,13
5340811717,13
4077579334,13
1312454090,13
4166634955,13
2142502090,13
7911243856,13
1418752721,13
7911243857,13
4166634962,13
763372884,13
7911243861,13
7911243858,13
7911243863,13
763372886,13
9413430622,13
7911267686,13
1727515754,13
7911267693,13
1312453999,13
107632,13
24950050,14
7223298253,14
8753664977,14
107634,14
25161361,14
2389802901,14
2389802904,14
2279592862,14
5141625696,15
4729628192,15
9856119650,15
6369361796,15
6369361797,15
5141625702,15
5141625703,15
25067400,15
7223298252,15
7223298254,15
3644785104,15
107637,15
5141625621,15
5141625623,15
5141625625,15
6369361788,15
5141625630,15
6369361791,15
9856119648,16
5198585557,16
107638,16
5198585559,16
25504779,17
470729237,17
4866653236,17
1828402760,17
3474115148,17
1828402765,17
3267461709,17
3704225375,17
3704225376,17
3704225379,17
3704225380,17
5976850023,17
5976850024,17
3267461749,17
7610670710,17
107643,17
107644,17
4962956931,17
9611081868,17
25161365,17
9691102358,17
8785441943,17
8785441944,17
9691102362,17
18395811,17
3656358065,17
1268892338,17
2215139515,17
473262779,17
1938819282,17
1938819283,17
1938819284,17
1938819285,17
1938819286,17
1938819288,17
1938819289,17
1938819290,17
1938819292,17
1938819293,17
1938819294,17
1938819296,17
1938819301,17
1938819306,17
1938819313,17
419347194,17
419347195,17
4866623226,17
419347196,17
419347197,17
419347198,17
419347199,17
419347200,17
419347201,17
419347202,17
419347203,17
8807441176,17
25505561,17
1268900644,17
1268900660,17
1311961910,17
7926554423,17
4866651959,17
7926554424,17
4866651962,17
4866651963,17
5976853817,17
4866651966,17
7926554430,17
4866651968,17
4866651969,17
7926554431,17
5046447437,17
3816097102,17
3816097103,17
2140420434,17
25505622,17
25505624,17
25505629,17
1655418222,17
25505648,17
1955520887,17
4401156476,17
25505673,17
25505677,17
4729448869,17
2919962038,17
2919962039,17
2919962040,17
354935735,17
2919962042,17
2919962041,17
2919962043,17
2919962044,17
2919962045,17
2919962046,17
1725360097,17
25066470,17
2012969971,17
9754527744,18
473264641,18
9754527745,18
5055364611,18
5055364612,18
5055364608,18
5055364614,18
5055364610,18
3265436680,18
4627445257,18
4627445258,18
4627445259,18
4627445260,18
4627445261,18
3265436686,18
3265436678,18
3265436688,18
8620105233,18
8620105234,18
1678452753,18
8620105236,18
3265436692,18
3265436695,18
8620105240,18
8620105242,18
8620105243,18
8620105244,18
268124704,18
9754453026,18
9754453027,18
9754453028,18
9754453029,18
9754453030,18
9754453031,18
9754453032,18
9754453033,18
8620105259,18
473265708,18
8620105265,18
8620105268,18
8620105269,18
8620105270,18
1617532087,18
5177397821,18
5177397822,18
5177397823,18
5177397824,18
5177397825,18
5177397827,18
5177397828,18
5177397829,18
5177397830,18
5177397832,18
5177397835,18
1828402767,18
4150883407,18
1828402769,18
1828402771,18
3696548438,18
1828402774,18
4658088539,18
6327615074,18
6327615075,18
6327615076,18
8755805313,18
4658088585,18
4650375309,18
107667,18
107668,18
1239549084,18
2360684188,18
367100073,18
1617532073,18
5177397419,18
5177397420,18
419632303,18
419632306,18
419632307,18
1214922421,18
3972566710,18
4077627063,18
2140506294,18
368044217,18
1214922426,18
3972566715,18
490946748,18
1214922429,18
1214922428,18
1617532090,18
1617532088,18
1707790023,18
367077584,18
472346838,18
2775635677,18
1938819299,18
1938819302,18
4034060007,18
1938819304,18
1707790057,18
4650375402,18
1707790055,18
4034060012,18
4034060015,18
1707790064,18
4034060017,18
4034060018,18
2265065203,18
1938819316,18
2360681713,18
1707790067,18
2265065207,18
1707790063,18
1938819329,18
419632906,18
1938819340,18
9684083981,18
9684083982,18
9684083983,18
9684083984,18
9684083987,18
9684083988,18
9684083992,18
9684083993,18
9684083995,18
5207477021,18
4383369519,18
4627491642,18
4627491643,18
25470781,18
2140432704,18
9781311297,18
108864,18
390341443,18
4650375504,18
4383369553,18
4859246418,18
4859246419,18
4650375508,18
237911,18
6951230826,18
1955520879,18
1955520890,18
5207476606,18
5207476607,18
5207476609,18
25504129,18
5207476611,18
5207476610,18
5207476613,18
5207476615,18
5207476617,18
5207476619,18
1813794712,18
7066617760,18
748885412,18
2665239973,18
2665239975,18
2665239976,18
2665239977,18
2665239978,18
4367041960,18
4367041962,18
268124583,18
8620272571,18
473266627,18
2775653836,18
5177410511,18
3813810132,18
3813810133,18
9691076056,18
455705562,18
864817628,18
4627445213,18
4627445215,18
4627445216,18
4627445217,18
2360685543,18
4627445240,18
4627445241,18
9754527740,18
9754527741,18
9754527742,18
9754527743,18
8785484288,19
6293128709,19
21583366,19
4017328647,19
7223695324,19
9756243981,19
9756243982,19
9756243983,19
9756243984,19
9756243985,19
9756243986,19
3518995475,19
4689775124,19
8373690830,19
4689775126,19
8785484312,19
4630855193,19
1810130457,19
8373690831,19
8785484313,19
8785484316,19
8785484315,19
8785484314,19
2293833760,19
4630855202,19
4630855203,19
4630855204,19
4630855205,19
2293833763,19
6863550501,19
1419565097,19
25496622,19
6863550510,19
1236791344,19
1148276284,19
1726730303,19
5006063170,19
5006063171,19
5006063172,19
5006063173,19
5006063175,19
5006063176,19
5006063177,19
5006063178,19
5006063179,19
5006063180,19
6840965712,19
5006063186,19
21563479,19
1726730329,19
21563481,19
9756278363,19
26374236,19
9756278364,19
9756278362,19
9024076384,19
25503841,19
9024076385,19
21563489,19
25503845,19
25503848,19
25503851,19
25475182,19
5736692334,19
1726730354,19
21563508,19
25503862,19
32921720,19
7271474855,19
7271474856,19
7223712382,19
2294047369,19
5880188045,19
5880188046,19
25495698,19
761831060,19
4156336279,19
8785567902,19
8263157412,19
107685,19
107686,19
8263157413,19
107688,19
8263157416,19
107690,19
8263157415,19
107692,19
8785503917,19
8785503918,19
8785503919,19
8785503920,19
107693,19
4691514032,19
1236791478,19
4530270906,19
3972566716,19
4650375357,19
4530270908,19
25471681,19
4530270913,19
1782712524,19
7613626070,19
7613626073,19
3519005409,19
4822267107,19
4822267109,19
1020211942,19
4691460851,19
25471732,19
25471733,19
25471734,19
1707790074,19
388455682,19
1236791555,19
25475331,19
1707790085,19
25475332,19
8263166217,19
8263166218,19
8263166219,19
1617596686,19
1938819344,19
1707790096,19
8373728530,19
1782730512,19
4072476960,19
1617596704,19
3519013665,19
1617596711,19
1617596714,19
7223668011,19
7223668012,19
9781311296,19
7183962432,19
9856119621,19
1617647944,19
1617647945,19
4643337035,19
3497472337,19
7223704403,19
237908,19
4764884821,19
7617785701,19
108391,19
7617785710,19
7617785713,19
7617785714,19
4530339698,19
4530339700,19
4530339699,19
4530339702,19
4530339701,19
8373651316,19
8263157414,19
8373651315,19
5006065037,19
5006065038,19
21563791,19
21392272,19
5006065041,19
5006065040,19
10572179,19
10572180,19
5006065039,19
2586616722,19
5207487897,19
367106464,19
4240028580,19
4729448871,19
1148276186,19
4719617974,19
33141178,19
8373690817,19
8373690818,19
8373690819,19
8373690820,19
9693982149,19
8373690824,19
8373690825,19
8373690826,19
5880186827,19
5880186828,19
8373690827,19
8373690828,19
8373690829,19
8373690832,19
8373690833,19
8373690834,19
8373690835,19
8373690836,19
8373690837,19
8373690838,19
8373690839,19
8373690840,19
8373690841,19
8373690842,19
269589467,19
8373690844,19
8373690843,19
8373690845,19
8373690846,19
3497461727,19
7223695327,19
7223695323,19
7223695326,19
8785568228,19
8373623781,19
321255919,19
8373752817,19
5119652864,20
5119652865,20
25495808,20
1832227968,20
9781435146,20
2458273291,20
1953202962,20
2453941139,20
6279388821,20
6279388822,20
6279388823,20
6279388824,20
26678169,20
26678168,20
2453941147,20
26678171,20
26678166,20
26678167,20
343669791,20
2458257570,20
8975700259,20
8975700260,20
2458257573,20
8975700261,20
343669798,20
5265953450,20
5265953451,20
5265953452,20
1364161197,20
2458257578,20
5265953455,20
2458301100,20
5265953457,20
5265953454,20
5265953459,20
2458260532,20
1832228016,20
25495858,20
2458256449,20
25495807,20
8645592521,20
1364172237,20
1832129873,20
6108171363,20
1832129878,20
1953202903,20
25495640,20
1953202907,20
21578459,20
25495646,20
6724775011,20
6724775012,20
108389,20
6724775013,20
6724775014,20
8787384680,20
6724775017,20
6724775018,20
6724775015,20
6724775016,20
1832248428,20
108390,20
1364168178,20
1364168180,20
2458303223,20
5119652857,20
2458307450,20
1364169899,20
5119652862,20
5119652863,20
1736685635,21
4297054053,21
1601832328,21
6828863691,21
6828863692,21
6828863693,21
6828863694,21
6828863695,21
6828863696,21
6828863697,21
6828863698,21
9576827481,21
9804578356,21
25475674,21
108406,21
6525671279,21
1363483801,21
9576827482,21
2632464416,22
6525670240,22
1125619235,22
390073160,22
1125619161,22
2632476621,22
25632684,22
5973397966,22
10606709,22
6525670239,22
108409,22
2632476639,22
2632464413,22
2632431807,22
108420,23
3093897988,23
3093897989,23
3093897991,23
1312188679,23
2402557839,23
1280491924,23
1280491926,23
2402557597,23
2402557599,23
2387232555,23
2387232556,23
2387232557,23
2387232559,23
3093894065,23
2387232561,23
2387232563,23
9030284989,23
9030284990,23
3741117630,23
4749090120,23
25477197,23
1722268367,23
9856119633,23
1722268381,23
1722268384,23
1722268388,23
5492419693,23
5565455857,23
5565455858,23
8236052983,23
8236052987,23
8236052988,23
8236052990,23
8236052991,23
4193151464,24
108835,24
4305986091,25
5905893978,25
7620902731,25
108837,25
264824452,26
9684083978,26
9684083979,26
3267461759,26
3876713343,26
1678452760,26
20955164,26
1678452770,26
4085767971,26
4085767974,26
4085767978,26
4938216619,26
4085767980,26
1678452780,26
4085767983,26
367091632,26
4085767989,26
4085767992,26
2265048377,26
4085767993,26
3267461693,26
3267461696,26
2265050050,26
108867,26
1828402758,26
1828402759,26
262078536,26
3267461710,26
1938819280,26
2620105428,26
3267461721,26
9729684314,26
3267461728,26
3267461729,26
3267461737,26
3267461742,26
3267461747,26
3267461752,26
3267461756,26
1536948605,26
3267461758,26
9684083967,26
4211515621,27
108903,27
25496777,27
245200970,27
1830276654,27
9189397456,27
4211515569,27
663363473,27
4211515891,27
8256049397,27
8256049399,27
9820537921,28
9820537922,28
9820537934,28
1326821457,28
4297243218,28
1326821465,28
25475692,28
25475693,28
1326821487,28
1326821489,28
4297243295,28
9820538016,28
9820538017,28
4297243298,28
9820538018,28
9820538019,28
1326821542,28
4158004390,28
9820538028,28
4571238064,28
4571238067,28
4571238068,28
4297212084,28
25475767,28
1938953403,28
1938953406,28
1326821568,28
1938953413,28
1938953414,28
1938953417,28
4297212114,28
25470166,28
4297212119,28
1938953430,28
1938953431,28
1326821593,28
1938953433,28
748797145,28
1938953432,28
1938953437,28
4297212128,28
4297212129,28
21990633,28
21990634,28
21990637,28
21990638,28
1326821624,28
4298970364,28
25497340,28
4298970368,28
25497347,28
4298970380,28
4298970384,28
4297212194,28
4297212204,28
355416911,28
4297242961,28
1601797458,28
355416914,28
355416920,28
109403,28
9820523869,28
9820523870,28
9820523871,28
9820523872,28
108393,28
9820523913,28
9820523914,28
9820523915,28
9820523916,28
9161061776,28
9693963678,28
9693963679,28
9693963680,28
9693963681,28
9693963682,28
9693963683,28
710657963,28
7947041713,28
422573549,28
1913216493,28
25497596,28
25497599,28
25509513,29
470727954,29
1938819346,29
1938819348,29
1938819350,29
1938819351,29
25509526,29
5207487900,29
25481504,29
25481506,29
6988528038,29
6988528039,29
9694031532,29
9201323575,29
1236791504,29
894485202,29
109408,29
109410,29
1236791535,29
9197589363,29
9197589238,29
1536948608,30
1536948612,30
25505670,30
1536948487,30
20626312,30
1536948618,30
20626315,30
1852996875,30
1536948631,30
6509584413,30
1536948517,30
7572522534,30
109734,30
7572522540,30
1536948652,30
7572522547,30
1536948536,30
1572551227,30
2504847039,30
7572522566,30
4866475730,30
4866475737,30
7572522585,30
1852996954,30
1536948578,30
109411,30
109412,30
25264998,30
2504822135,30
1536948474,30
7572522492,30
9694072864,31
109414,31
30078473,31
5334625292,31
7797731341,31
7797731342,31
7797731343,31
7797731340,31
5334625293,31
1566270189,31
1566269623,31
4077599544,31
2793874522,31
2961885,31
9030029183,31
7824803494,32
7824803495,32
109737,32
9072449309,32
24952269,32
7824803501,32
4166634957,32
5104314264,32
1536948541,32
1951372959,32
9753609738,33
9753609739,33
9753609740,33
9753609741,33
9753609742,33
9753609743,33
9753609744,33
9680972177,33
9680972178,33
9753609745,33
9680972185,33
25161373,33
7824747295,33
7824747297,33
7824747298,33
7824747300,33
7824747302,33
7824747303,33
7824747304,33
7824747305,33
7824747307,33
25067307,33
7824747308,33
6967585840,33
6967585841,33
109746,33
6967585842,33
1827389620,33
1782727992,33
1722621630,33
4220613456,33
700774224,33
5201625566,33
2941549918,33
5840176866,33
9681020156,33
9681020157,33
5006764037,34
5006764038,34
5006764039,34
5006764040,34
1312189073,34
1312188945,34
1312188689,34
1312188696,34
25477149,34
25477150,34
25477151,34
25477152,34
25477153,34
25477154,34
26067235,34
25477156,34
26067237,34
1312189091,34
26067239,34
26067236,34
3320743081,34
1954751908,34
1312188843,34
26067238,34
26067234,34
1312188730,34
1312188858,34
9693935550,34
1312188735,34
109760,34
9693935551,34
1312188994,34
1312188614,34
1312188622,34
1312189013,34
1312188760,34
3892081372,34
1312319838,34
3741078112,34
7644884069,34
1312188774,34
1042862726,35
249558409,35
1042862477,35
6304787860,35
6304787861,35
1042862492,35
3735886877,35
3858880674,35
3858880675,35
3858880676,35
3858880677,35
7815143465,35
3673602988,35
3673602993,35
25477300,35
25477301,35
5929540796,35
109766,35
5925628361,35
57786953,35
7911297486,35
9808795598,35
7815143503,35
1042862673,35
9808795599,35
9766629717,35
25477335,35
25477339,35
9027367517,35
9027367518,35
9027340515,35
9027340516,35
2935373159,35
1042862696,35
302013673,35
2935373161,35
302013676,35
25477228,35
302013678,35
2935324280,35
9203578106,35
9203578107,35
9856119640,36
373402354,36
109780,36
9856119634,36
9514602150,37
9514602151,37
9514602152,37
9514602153,37
109785,37
6166157035,38
109788,38
24952267,38
4077495951,39
1832129813,39
4077495957,39
1810130458,39
4077495964,39
338474269,39
1832129823,39
4077495971,39
1832129831,39
4077495854,39
4077495855,39
4077495858,39
4077495862,39
4077495867,39
9781311295,39
4077495872,39
4530195657,39
4077495883,39
109815,39
109816,39
1360122879,39
109818,40
8975700266,40
3644748770,40
1723340842,41
110140,41
435104742,41
4823246342,42
1150003270,42
1684835245,42
1493658224,42
2036125649,42
1309067472,42
6864015603,42
1141415219,42
1685281076,42
2036125657,42
110143,42
1312189057,43
250326914,43
4835108998,43
4835108999,43
7636180236,43
7636180237,43
20458276,43
1571298192,43
7636180241,43
7636180242,43
1571298195,43
1312188692,43
1401416208,43
1312188694,43
1312188824,43
9710348827,43
9710348828,43
1312188955,43
110238,43
1312188704,43
20458273,43
250325411,43
2003007012,43
20458275,43
1787108646,43
1787108647,43
1787108648,43
1787108649,43
1787108650,43
3334162601,43
20458277,43
2490721964,43
1312188845,43
1312189098,43
1312188722,43
4618510643,43
8868010162,43
1312188731,43
250327100,43
1312188988,43
8868010171,43
354886082,43
8868194757,43
1312188741,43
9710304459,43
9710304460,43
8868001103,43
9856119632,43
8868001104,43
250549587,43
1312188883,43
1782716888,43
7926563545,43
8868194778,43
1571298141,43
21990624,43
21990625,43
1233327202,43
21990626,43
250549670,43
2934268020,43
1312188660,43
250327159,43
1312188797,43
469776896,44
6369329155,44
6369329158,44
6369329159,44
8989843465,44
25497613,44
6369329170,44
10607127,44
10607128,44
1813618231,44
372978232,44
1813618232,44
1813618234,44
1596655163,44
256766529,44
5238528591,44
1326821471,44
4369519204,44
1326821490,44
4369519219,44
4369519227,44
1326821502,44
1326821504,44
1326821513,44
20460681,44
1326821515,44
20460686,44
20460687,44
20460688,44
20460690,44
20460691,44
1326821524,44
3722411669,44
20460694,44
1326821525,44
20460696,44
20460697,44
20460695,44
20460692,44
6506796188,44
1326821539,44
1326821541,44
1326821557,44
5041784501,44
1326821559,44
1813618358,44
1326821564,44
1326821566,44
255860415,44
1326821569,44
110274,44
1326821577,44
1326821579,44
1326821585,44
1326821596,44
25497824,44
25497828,44
25497829,44
1326821613,44
25497845,44
4076095242,44
25497872,44
4076095253,44
3320947996,44
4076095262,44
5041784633,44
1813618497,44
8868824899,44
2466456399,44
2466456400,44
2466456401,44
2466456402,44
2466456403,44
2466456404,44
2466456405,44
2466456406,44
2466456407,44
2466456408,44
2466456409,44
1081508186,44
1366095189,44
1081508209,44
632447859,44
372050299,44
2466449286,44
2466449287,44
2466449288,44
2466449289,44
2466449290,44
2466449291,44
2466449293,44
1939632526,44
2466449295,44
2466449296,44
2466449297,44
2466449294,44
4807796633,44
9693865890,44
25632677,44
20965804,44
20965805,44
20965806,44
4860825518,44
9693963701,44
9693963702,44
9693963703,44
9693963704,44
9693963705,44
9693963706,44
9693963707,44
9693963708,44
372978120,44
435104715,44
435104717,44
5353604060,44
5353604061,44
1238259337,45
4530011788,45
6261920913,45
6261920914,45
4530012691,45
4530012690,45
4530012692,45
4530012694,45
4530012695,45
4530012696,45
6261920915,45
1150003480,45
4530012699,45
4530012700,45
4530012701,45
4530012702,45
6866779806,45
4530012703,45
4530012704,45
1771453218,45
7805198627,45
1771453217,45
3499567135,45
5565487612,45
3197339673,45
3197339674,45
4729385030,45
4729385031,45
9808795596,45
3197339676,45
59526352,45
282708,45
1150003547,45
1731225566,45
1150003423,45
249470452,45
4316306166,45
1536039932,45
25438595,46
2632464415,46
25438732,46
282719,46
4835108995,47
2961540,47
1951616325,47
24661273,47
8807431546,47
2195965723,47
24950109,47
8807431551,47
367114771,48
27458331,48
1312453919,48
1312454048,48
2967343648,48
3215687074,48
2967343649,48
5931501991,48
27458353,48
1547013692,48
1312453950,48
1547013698,48
5342236740,48
1312454086,48
5335245256,48
9710359368,48
9856119628,48
3708234964,48
471488472,48
3585762393,48
1312454114,48
5227220835,48
2961891,48
471488484,48
1550763620,48
1547013743,48
367121266,48
1312454015,48
1678452792,49
10572172,49
25495617,50
25495618,50
9856119619,50
1985084100,50
1938953377,50
350437608,50
10572779,50
25495695,50
1816038230,50
25495769,50
25495770,50
8972441127,51
25496748,51
21583342,51
10572785,51
8972511963,51
8785568224,52
10572786,52
7847748059,52
1985084095,52
5711517571,53
2632430340,53
1125619075,53
2632430342,53
25632774,53
275180300,53
9161061775,53
25499104,53
10607129,53
10607133,53
2331184927,53
2331184929,53
2331184930,53
2331184931,53
2331184932,53
2480657190,53
2331184934,53
2331184935,53
1954751914,53
25632683,53
1954751916,53
2632464427,53
1954751918,53
25499095,53
1723388979,53
1954751924,53
1723388985,53
2632431806,53
6525670234,53
446765895,53
469759942,53
469759943,53
4703542482,53
4703542483,53
5060405461,53
9808795606,53
9808795607,53
9808795608,53
9808795609,53
4530057817,53
9808795610,53
2466456411,53
2466456412,53
2466456413,53
2466456414,53
2135411296,53
6525670241,53
6525670237,53
6525670242,53
6525670238,53
6525670236,53
2135411294,53
2135411297,53
6525670235,53
9808795605,53
25475688,53
25499115,53
25475690,53
25475691,53
25497968,53
4571940314,53
3076574323,53
2632488435,53
4571940315,53
9804774392,53
2632488445,53
5470932256,54
10607629,54
7947057586,54
5468301555,54
2146369237,54
5470932252,54
5470932253,54
5470932255,54
9782353731,55
8784159562,55
6467134930,55
6467134931,55
8784181688,55
10676799,55
2902624645,56
18393873,56
6985373980,56
6985373982,56
6985373983,56
6985373984,56
1312264610,56
1721713699,56
1312188714,56
1312264618,56
21307200,56
9030121410,56
1782718791,56
1782718792,56
9856119635,56
6985379285,56
6985379286,56
9042027865,56
9042027866,56
2406484452,56
1350430181,56
2406484454,56
2406484455,56
9030155749,56
2406484453,56
9030155753,56
2406484460,56
9042053624,56
10677374,56
1312264577,57
1311961985,57
794039687,57
9042133642,57
5043864464,57
28800661,57
28800662,57
25161371,57
1782724124,57
28800667,57
316763548,57
1782724125,57
250550174,57
1401908258,57
1311962151,57
9042026424,57
1311962043,57
1312264648,57
1312264524,57
1684511955,57
9856119636,57
7836155864,57
7836155865,57
7836155867,57
7836155868,57
7836155870,57
9042041320,57
9042041321,57
1718328435,57
10677375,57
10677377,58
2387220933,58
7082240198,58
3517719434,58
1401416203,58
7636163631,58
8318797234,58
8318797235,58
8318797236,58
25248117,58
212927414,58
8318797237,58
25248118,58
25069046,58
2642857212,58
8975529088,59
4462680067,59
4462680068,59
9203541381,59
7840712839,59
1832248457,59
1832248458,59
9781435147,59
4462680078,59
5374174224,59
1360122901,59
595709975,59
14672924,59
5573994014,59
5573994016,59
5573994017,59
5603454627,59
5603454628,59
5573994019,59
1832129958,59
1360122919,59
5374174120,59
1360122925,59
7203717550,59
1938953395,59
1360122937,59
5374183741,59
5374183742,59
6329690691,59
8975645638,59
8975645640,59
8975645641,59
25151180,59
4512763348,59
1360122841,59
5460658138,59
1360122860,59
5573931377,59
5839156209,59
1360122866,59
1360122871,59
5573931385,59
8975529082,59
8975529083,59
8975529084,59
8975529085,59
8975529086,59
529722111,59
7553887392,60
18382242,60
8869435266,60
7567588716,60
24950093,60
3533830193,60
268997560,60
8869435257,60
18395288,61
25161370,61
250550400,62
1939632514,62
4992781187,62
3739049348,62
4992781189,62
1939632519,62
20460684,62
973101839,62
9042120207,62
2387242385,62
2387242386,62
8869472274,62
3870640530,62
25477148,62
3870640547,62
3870640548,62
2387240745,62
2387240747,62
4992781175,62
7636278191,62
4401149234,62
7636278194,62
7636278197,62
7636278199,62
7636278200,62
1326821561,62
7636278201,62
256766531,62
18398282,62
1312335310,62
1326821460,62
1326821592,62
5238500312,62
5238500313,62
914822492,62
9042037853,62
2387245025,62
873684193,62
2387245026,62
2387245027,62
2387245029,62
1326821480,62
632438506,62
9030155757,62
9030155758,62
8869472239,62
9030155759,62
9030155760,62
8869472240,62
1326821619,62
9030155762,62
2990732269,62
8869472247,62
4826555769,62
4826555770,62
4826555771,62
4992781180,62
5609638014,62
18469130,63
9856119638,63
2642878568,64
2642878569,64
18469132,64
9856119637,64
6978555522,65
1758554289,65
2990780037,65
2990780039,65
20460680,65
2990806410,65
2990806411,65
2990806413,65
2990806415,65
2990806416,65
968499092,65
968499093,65
4246525220,65
4246525223,65
316763559,65
316763561,65
316763563,65
1758554286,65
8975833904,65
8975833905,65
6978563378,65
6978563379,65
6978563380,65
6978563381,65
6978563382,65
6978563383,65
6978563384,65
8975833913,65
8975833912,65
8975833915,65
4682627259,65
4682627261,65
8975833914,65
4682627263,65
4682627264,65
6978577985,65
4682627266,65
4682627265,65
256766532,65
256766533,65
1758554291,65
1150003147,65
1150003532,65
9041828942,65
1759454163,65
1758554294,65
1759454429,65
3763407460,65
5041784423,65
1150003571,65
5067002867,65
6978531575,65
6978555518,65
6301948480,66
20625793,66
6301948477,66
5976760445,66
5976760446,66
5976760447,66
9694032608,67
9694032609,67
585200775,67
20625800,67
585200818,67
710521820,67
9694032606,67
9694032607,67
5189042552,68
20626282,68
8675201272,68
5189042551,68
7824803490,69
7824747299,69
7824803492,69
7824747301,69
1536948646,69
7824803493,69
4085778920,69
7824747306,69
5146186589,69
7824803500,69
1536948431,69
1536948529,69
20626301,69
5146186590,69
9856119647,69
3796814729,70
4866475725,70
20626310,70
20626311,70
7572522513,71
20626316,71
7572522511,71
1360122886,72
1236791433,72
20955158,72
9805219991,72
9805219992,72
9805219993,72
9805219994,72
9805219990,72
1360122917,72
4076095791,72
4370333627,72
1609966653,72
4370333629,72
9856119620,72
4370333637,72
9197322310,72
4370333638,72
4370333643,72
4370333648,72
9197326420,72
3519872213,72
4076095834,72
1360122845,72
1596648671,72
1360122856,72
21685484,72
1360122861,72
21685485,72
1360122873,72
2398924896,73
6369329154,73
20965798,73
20965799,73
6369329160,73
20965800,73
4428887946,73
2398924843,73
25500427,73
2241962700,73
6369329165,73
1782729295,73
1782729296,73
6369329171,73
1326821587,73
2398924853,73
2398924855,73
104319,73
2398924898,74
9781311298,74
20965801,74
7946378607,74
7946378608,74
9310682079,74
2398924893,74
2398924863,74
1755265415,75
250550023,75
250550024,75
5041945479,75
5041945481,75
1755265428,75
1755265432,75
28800670,75
1755265444,75
1343823418,75
21307201,75
21307202,75
8869464398,75
1312264546,75
21990631,75
873809385,75
5042033643,75
9042025325,75
2990721389,75
4661317536,76
3328228993,76
3328228994,76
3328228996,76
3328228998,76
25524297,76
5177397418,76
21392267,76
3328229004,76
1617596593,76
4663309171,76
4661317524,76
4663312695,76
4663312696,76
4663312697,76
4663312698,76
21392273,77
3972566713,77
1707790076,77
4859246420,77
21392276,78
9856119623,78
350377999,79
25495824,79
25495543,79
21392278,79
1707790105,79
6828931875,79
1938953379,79
1832052008,79
1832227886,79
1832227893,79
6828927809,79
1148249927,79
338472562,79
6828921211,79
25495542,79
338472567,79
6828921209,79
6828921210,79
1832129783,79
5603454625,80
5603454626,80
6606135979,80
21392279,80
5335233120,81
2934288514,81
250324965,81
21523718,81
5165786239,81
21523719,81
8042022825,81
5573991659,81
5573991660,81
4138224462,81
5335233113,81
1014649631,81
5009060057,81
5335233114,81
2934288509,81
5335233119,81
1617596646,82
1617596615,82
1617596616,82
1617596621,82
21563503,82
1617596627,82
1617596659,82
1617596669,82
25498458,83
9659603285,83
21578454,83
9748953621,84
21578461,84
4331121754,85
21685481,85
21685483,85
1837610895,85
1360122929,85
25500530,85
1360122933,85
1163955034,85
4331121755,85
269547420,85
4462683090,86
21686572,86
9203541612,87
21686574,87
4462680070,87
3515286914,88
3515286915,88
3515286916,88
5565466183,88
1493676622,88
1493676623,88
28728208,88
25477106,88
21990614,88
1771453860,89
3197333544,89
1711679434,89
9375170320,89
9375170321,89
9375170322,89
9375170323,89
9375170324,89
9375170325,89
9375170326,89
1711679380,89
7191329809,89
7191329811,89
28728210,89
28728187,89
21990620,89
4556931602,90
4556931604,90
21990622,90
21990627,91
475396924,91
8672066581,91
7636180239,91
8923643490,92
21990628,92
9030155750,92
9030155754,92
1719422038,92
9856119639,92
8923643489,93
9693628386,93
250327618,93
21990629,93
5565443397,93
5875062471,93
5875062472,93
21990630,93
1326821544,93
9030155755,93
9030155756,93
250327591,93
8868010287,93
9808795603,93
9808795604,93
9042053623,93
5565443389,93
5565443390,93
21990632,94
9030155751,94
1718566880,94
5141625698,95
1569241807,95
25161360,95
1569241808,95
24659764,95
7906964247,95
7906964248,95
7906964249,95
7906964250,95
7906964251,95
3644748767,95
24659907,96
24659947,96
24949780,96
1311961990,96
9693920801,97
9693920794,97
9693920795,97
9693920797,97
24660863,97
1312453954,98
1556260235,98
24661966,98
25544111,98
1312453966,98
1556260241,98
1312454066,98
25544112,98
1312454100,98
24662037,98
1312453915,98
24950048,99
5095547180,99
5095547184,99
24950005,99
24950013,99
5227220845,100
24950064,100
24950065,100
5227220848,100
24660697,100
5218844445,100
5218844446,100
3517985666,101
5090420610,101
25161348,101
5090420614,101
8807429660,101
8807429664,101
8807429665,101
9691082671,101
25066419,101
2387226304,101
2387226307,101
2387226309,101
2387226311,101
2387226313,101
5090420940,101
24950097,101
5090420958,101
5090420959,101
5090420964,101
9024139130,101
9024139131,101
25248113,102
25248114,102
24950107,102
9030155654,102
9693920802,103
9693920803,103
24950110,103
24950111,103
24950112,104
25248126,104
1721678995,105
316763501,105
24950117,105
9693760971,106
24951854,106
5046314041,106
5046314042,106
5046314043,106
25632860,106
6918421504,107
1951372930,107
24952195,107
24952196,107
2528522503,107
1951372935,107
6918421512,107
6918421513,107
2528522507,107
1556097163,107
1561071632,107
2528522518,107
1556324759,107
1556097431,107
1556097092,107
1556097306,107
2528522528,107
1556097185,107
6985465124,107
6985465125,107
1561071655,107
1561071656,107
6985465129,107
6985465130,107
1556097321,107
2528522542,107
4018000435,107
1590114998,107
1556097080,107
6985465145,107
1556324793,107
1556097217,107
9694091972,107
9694091973,107
1556097222,107
4777897927,107
4777897928,107
1556097353,107
1556097098,107
1556324683,107
1556324684,107
25278669,107
25278670,107
3385387604,107
3385387605,107
3385387606,107
3385387607,107
696477399,107
1556097368,107
6918421503,107
1556097118,107
4117882851,107
4117882852,107
4085404135,107
4117882856,107
4117882857,107
4085404136,107
4117882860,107
1556097136,107
1556097137,107
1951372915,107
1951372927,107
5087519104,108
25066338,108
25161347,108
5090420965,108
25066412,108
25066450,109
1717650794,109
25066451,109
25066453,109
5047029678,110
25066461,110
25066462,110
3704225378,111
1536948581,111
4085778923,111
1536948622,111
1938819279,111
9684101713,111
4085778934,111
4143767990,111
25066684,111
1852997088,112
25066784,112
25066694,112
25066696,112
25161353,112
4866591373,112
4866591374,112
4866591375,112
4866591376,112
3816097105,112
3233714196,112
3233714198,112
9856119645,112
3233714192,113
3233714193,113
3233714194,113
3233714195,113
3233714197,113
25067068,113
25067264,114
25067265,114
2566132609,114
25067266,114
1852996996,114
2504822145,114
25067267,114
1569382119,114
6509584414,114
2504822137,114
1569382170,114
2504822139,114
1569382174,114
25066687,114
25067304,115
2566132610,115
2566132611,115
25067324,116
5141876996,116
5141877239,116
25067395,117
25067396,117
25067397,117
5146186470,117
950703625,117
950703626,117
5146186463,117
5146186489,117
25067326,117
1726783391,117
9856119646,118
25067427,118
25067398,118
1951616322,119
5104314275,119
25067461,119
25067463,119
25067469,119
25067470,119
5104314255,119
5104314256,119
5104314384,119
25067473,119
25067476,119
1186508405,119
5104314353,120
25067727,120
1569343756,120
25067479,120
1569343909,121
25067558,121
25067728,121
5104314096,121
5104314098,121
25067636,121
5104314325,121
25067670,121
1569343576,121
25067737,122
1569312412,122
25067933,122
25067871,122
25067914,123
1569216650,123
25067920,123
7911231380,123
1722621718,123
7911231384,123
25067803,123
1569216123,123
25161375,123
5141228834,123
1569216316,123
4085783103,123
4085783105,123
1569216326,123
6446292570,123
1951616226,123
5141216740,123
5141216741,123
7911267687,123
7911267688,123
7911267690,123
7911267692,123
7911267694,123
7911267695,123
7911267696,123
9659831673,123
9659831674,123
9659831675,123
25265023,123
25071090,124
25071131,124
5247857728,125
9691101411,125
9691101412,125
25161357,125
2387194158,125
5141877019,125
6032044867,126
6032044868,126
25161380,126
25161381,126
25161383,126
25248125,127
1211381855,127
25471736,128
25503860,128
7271474849,129
321255907,129
25472324,129
25472545,130
4675821944,130
4675821925,130
4675821932,130
4665353645,130
4665353644,130
762080111,130
1617596591,130
8373728533,130
25472566,130
25473048,130
25472379,130
1617596607,130
1882379274,131
1882379248,131
1882379285,131
4425001783,131
25472760,131
25472763,131
3247578846,131
4823246341,132
4425001781,132
4425001782,132
25472767,132
7447716112,133
25472789,133
9161061774,133
25472800,134
4571194090,134
4571194091,134
1954751920,134
2036125650,134
2940401398,134
6014339453,134
1684835105,135
1684835107,135
1684781486,135
3739048019,135
3739048020,135
3739048021,135
25472885,135
4948630427,135
25472890,136
8373728531,136
1617647934,136
4675822095,136
1311962080,137
9042129985,137
9042129986,137
1401893666,137
1311961868,137
1215563885,137
25473199,137
25473200,137
25473204,137
25473205,137
1215563897,137
6871422362,137
6871422364,137
1759454078,137
25473203,138
5067002855,138
6369329156,139
25497611,139
25497612,139
6369329172,139
1759454104,139
1759454106,139
6871422365,139
1759454118,139
1759454122,139
1813618227,139
1813618228,139
1813618229,139
25473206,139
25473207,139
1813618230,139
5041784634,139
1366095187,139
1366095190,139
4870281309,139
9804653406,139
9804653408,139
25473281,140
9683585635,140
903630659,140
8497605091,140
4777885221,140
4085387943,140
4085387945,140
7246486955,140
4136124524,140
4136124526,140
4078858000,140
4078858001,140
869968536,140
585127354,140
585148380,140
6265654109,140
25473279,140
697037343,141
5905807278,141
8579276917,141
9694104278,141
25474005,141
25474015,141
25497603,142
9694091974,142
9694091975,142
9694091976,142
9694091977,142
9694091978,142
6149398571,142
9856119625,142
9694091981,142
25475053,142
9694091983,142
9694091982,142
9694104279,142
1547657140,142
1312471255,142
9694104280,142
1312471226,142
1312471228,142
25475072,143
1547657104,143
7236131861,143
1312471189,143
7236131862,143
7236131864,143
7236131865,143
9690769059,143
8064065323,143
9690974262,143
277337783,143
25496910,143
6332695637,143
6332695638,143
9135848919,143
9135848920,143
9135848921,143
9135848922,143
9135848923,143
9135848924,143
9135848925,143
6332695639,143
585180151,143
1233350889,144
9856119626,144
9856119627,144
283061836,144
3231501611,144
1233350862,144
4166967089,144
675734610,144
675734613,144
25475419,144
675734622,144
25475561,145
9690878337,145
25497222,146
1312471188,146
1312471196,146
1312471202,146
4920098342,146
4920098343,146
6266867112,146
6266867113,146
6266867114,146
6266867111,146
4920098344,146
1312471216,146
1312471223,146
9690974264,146
9690974263,146
9690974266,146
9690974265,146
9690974272,146
9690974274,146
9690974275,146
9690974276,146
9690974277,146
9690974278,146
25475661,146
1312471252,146
9699944538,146
1312471265,146
9699953505,146
6696695781,147
8784000965,147
25475678,147
6696695783,147
9823138208,148
9823138209,148
1326821607,148
1326821594,148
25475694,148
25475695,148
25475696,148
25475697,148
4297211186,148
4297211187,148
25475698,148
435104726,148
435104728,148
355416921,148
1326821466,148
9823138206,148
7075087297,149
7075087298,149
7075087299,149
6273056647,149
6273056648,149
9693963689,149
6239229422,149
6239229423,149
9693963696,149
435104721,149
9693963698,149
25475699,149
1326821620,149
9693963699,149
6272993491,149
6272993492,149
9693963697,149
25497619,149
25475754,150
1816777875,150
1493229962,150
4920098349,151
5931509720,151
5931509721,151
25476124,151
25476127,151
25477258,152
347541973,152
9703794688,153
9703794689,153
9080098306,153
9080098307,153
9080098308,153
9080098305,153
9703794690,153
3876429831,153
9080098312,153
9080098313,153
9080098314,153
9080098309,153
3528711693,153
255051289,153
3528711722,153
27459116,153
27459120,153
27459638,153
9375078973,153
9375078974,153
9375078975,153
3073173576,153
3073173585,153
27459165,153
1771458655,153
1771458658,153
3528738434,153
3528738438,153
3528738439,153
3528738440,153
5257738379,153
5257738381,153
5257738384,153
3528710290,153
5257738387,153
5257738389,153
5257738390,153
9030037142,153
6995618979,153
3858880678,153
6280047275,153
6280047277,153
6280047278,153
6280047280,153
5160943793,153
5160943794,153
5160943797,153
5160943798,153
5160943803,153
5160943806,153
5160943807,153
9694087360,153
1039290562,153
472493763,153
1039290578,153
1039290584,153
1039290586,153
9080123618,153
9080123619,153
9080123622,153
6969936109,153
6969936112,153
27351282,153
27351284,153
2914561272,153
25477371,153
249679102,153
28419328,153
1014803714,153
1014803718,153
1014803721,153
1014803736,153
4144358216,153
4144358217,153
302013776,153
9375100241,153
9375100242,153
1939632502,153
1939632504,153
3550836102,153
251757452,153
2934411661,153
251757458,153
2934411667,153
2934411668,153
2935392676,153
4827050921,153
3499556266,153
28418497,153
9808795600,153
9808795602,153
251757533,153
9703794686,153
9703794687,153
806373533,154
25477774,154
819157946,155
25477858,155
4556931603,155
3661703766,155
25495697,156
9856119622,156
1834657467,157
25495820,157
1834657469,157
6354294763,157
4275394254,158
25495822,158
25495823,158
447887921,158
350437528,158
5899738713,158
5736847361,159
5736847362,159
5736847363,159
5736847364,159
25495852,159
470727776,160
749947393,160
25496100,160
749947402,160
25495854,160
25495855,160
350629203,160
269584410,160
317930380,161
4211515637,161
4211515622,161
25496775,161
25496779,162
25496780,162
1816038211,163
25496783,163
5265830862,164
25496815,164
25496785,164
4429088632,164
1958800795,164
8972511965,164
25496786,165
25496787,165
1985084135,165
25496797,166
25496788,166
25496781,166
2453947049,167
8787384684,167
8787384685,167
8787384686,167
4211515634,167
25496792,167
4211515644,167
4211515645,167
25496798,168
25496799,168
25496800,169
1816038214,169
323260106,169
1816038224,169
5014591889,169
1816038199,169
1816038233,169
1816038237,169
1816038239,169
25496819,170
25496820,170
25496821,170
321255925,170
5060391417,170
1832129795,171
6407948171,171
4077495820,171
4077495821,171
6407948172,171
25496847,171
25496848,171
25496849,171
4077495826,171
25496850,171
9781435149,171
25496851,171
5504212623,171
4730978978,171
4730978979,171
4942595236,171
4730978981,171
4730978982,171
4730978983,171
1684437690,171
1684437692,171
1319881922,171
1319881924,171
1655214934,171
25497563,171
25497564,171
25497566,171
1655214955,171
6124650606,171
1832129778,171
4076126707,171
1832129789,171
1938953399,172
25496857,172
4730978984,172
9161061778,172
9161061779,172
9804471701,172
25496854,172
9804471702,172
5948183671,172
25496855,172
9203537438,172
9203537439,172
2135411308,173
5711517565,173
5457908028,173
25499655,173
4378043682,174
25500246,174
25504145,175
25504146,175
25504148,175
1835355916,176
1793420660,176
25504149,176
1707790044,176
4232015838,176
25504770,177
367105858,177
25504755,177
367105859,178
25504777,178
1268892466,178
1268892467,178
25504756,178
4089226784,179
4085767970,179
9684083971,179
419350723,179
9684083975,179
9684083976,179
9684083977,179
4089236235,179
4089236236,179
419350669,179
25504760,179
6509584408,179
7572833379,180
7572833380,180
7572833381,180
25505607,180
25505679,180
25505585,180
1828402762,181
25505643,181
25505618,181
25505593,181
25505630,181
1828402763,182
1828402764,182
2142508727,182
25505662,182
25505695,182
1852996856,183
25505685,183
1852996734,183
2343269909,184
9201323564,184
25509525,184
1556097153,185
8785024515,185
1556097030,185
5905896973,185
1556097166,185
1556097177,185
1556097178,185
1556097051,185
1556097320,185
1556097448,185
1547013554,185
1556097227,185
1547013710,185
25532494,185
9856119631,185
1547013589,185
1547013719,185
8807410150,185
8807410151,185
1556097048,186
25532542,186
2480657188,187
4826448085,187
25632678,187
2135411293,187
316763600,188
316763586,188
25632859,188
25632864,189
25632865,189
1215563905,189
1215563890,189
244128953,189
25632863,189
25634199,190
1155584130,190
2632486641,190
2632486645,190
3586606038,190
3586606039,190
2632486646,190
5306194265,190
9703794691,191
9703794692,191
9703794693,191
9703794694,191
9703794695,191
9703794696,191
9703794697,191
9693971464,191
4223357836,191
3987750679,191
27460250,191
5517519002,191
7487734942,191
429346236,191
429346241,191
9693974851,191
9080123623,191
4054356842,191
4054356847,191
27460210,191
27459198,191
9694087361,192
21523716,192
27460198,192
1014649672,192
3247933387,192
27459830,192
6995618971,192
9694087359,192
28418880,193
27459905,193
1312471267,193
429346243,193
4534184516,193
742399752,193
1312471210,193
4629462859,193
429346253,193
1312471217,193
1312471197,193
1312471190,193
9693971449,193
9693971450,193
9693971451,193
9693971452,193
28418877,193
28418879,193
27459969,194
27459970,194
5165786242,194
2934288513,194
8515091589,194
5165786245,194
2934288517,194
27459971,194
2934288518,194
2934288523,194
2934288530,194
1043001378,194
3906588452,194
4430996033,194
1043001410,194
3247933381,194
1043001422,194
1043001423,194
27459945,194
27459951,194
27459959,194
6218501753,194
27459966,194
2969439040,195
1233350848,195
2612458246,195
9080123624,195
9080123627,195
27460439,195
5904585328,195
377490677,195
2872699894,195
3220254039,195
1042862785,196
7911297478,196
302013672,196
302013674,196
302013675,196
7815533548,196
7815533546,196
6345441358,196
7911297487,196
3486459762,196
3486459764,196
3486459765,196
249558966,196
347539416,196
3081980920,196
27480956,196
7815143559,197
347541965,197
3486459766,197
7911297463,197
7815143581,197
3735889430,197
347542743,197
27480957,197
27480960,198
27480961,198
9678821156,198
9678821159,198
9678821160,198
9678821161,198
3486459769,198
28193265,199
3170676207,199
249679365,200
4344245894,200
7817162929,200
4244498866,200
2140124996,200
28418138,200
28418141,200
3892081373,200
3892081378,200
1014803686,200
7797338599,200
7797338600,200
1014803691,200
302013681,200
302013682,200
1014803702,200
1014803704,200
3894948091,200
3894948093,200
28418144,201
4344245892,201
4344245893,201
6969936105,201
6969936106,201
302013777,201
9693910743,201
4430996024,202
28418859,202
4155841820,202
3632581622,202
3984132034,203
3984132035,203
4116809027,203
3984132037,203
4116809028,203
302013708,203
4422013486,203
249679343,203
28418929,203
4244498867,203
4244498868,203
2990651905,204
1755708646,204
1755708647,204
1755708648,204
1758552521,204
1758552522,204
2990664881,204
28800660,204
973128725,204
9693929369,204
1755708737,205
1755708738,205
1755708739,205
5041945508,205
9693903657,205
2990651920,205
2990651921,205
28800666,205
28800664,205
1755708730,205
1755708732,205
5565443391,205
5046314073,206
5046314090,206
28800671,206
28800672,207
9856119642,207
8869435290,207
5247852872,208
316763513,208
5046314091,208
5046314092,208
316763500,208
28800689,208
5224630617,208
9693730842,208
5046314077,208
5046005758,208
1547013597,209
1547392865,209
5580861156,209
8579233861,209
8579233862,209
707377287,209
30056330,209
6600283121,209
4619022514,209
251892979,209
1547393045,209
1312471191,209
1547013754,209
3830043581,209
1312471231,209
3741131608,210
149431715,210
347335859,211
354886099,211
8868010205,211
213668839,211
250549699,212
250549700,212
8868010279,212
8868010216,212
8868010280,212
8868010218,212
213668842,212
8868010281,212
8868010221,212
213668844,212
8868010202,212
1685272862,212
1719422032,213
213670986,213
1312189047,213
2642878644,214
213672005,214
249559005,215
302013662,215
7900221088,216
249560091,216
9021491075,216
7900221087,216
250325410,217
250549636,217
3787645606,217
3787645607,217
3787645608,217
3787645609,217
3787645610,217
5492419692,217
250327037,218
1310663631,218
9693628387,219
9693628388,219
347335878,219
2642612586,219
250327576,219
7151566952,220
250327660,220
338319877,220
251892353,221
3706494694,221
5925626141,221
251892475,221
2872704413,221
5925626142,221
3930921860,222
3708234957,222
4230027057,222
251892564,222
843376599,222
4378043667,223
269547419,223
4378043661,223
4378043662,223
9051462722,224
2112030873,224
4823243100,224
6855696495,224
6855696497,224
6855696498,224
6855696500,224
627985397,224
275179893,224
275179767,224
6855696504,224
6855696502,224
2112030869,224
291951643,224
6855696503,224
316763545,225
5046005745,225
5046005743,225
1145174402,226
4571241384,226
9820538031,226
355416887,226
355416890,226
355416892,226
3257317059,226
9820537936,226
9820537937,226
9820537940,226
9820537941,226
9820537942,226
9820537943,226
9820537944,226
9820537946,226
1165343843,226
4729480806,226
4729480807,226
4729480808,226
4571244658,226
4571244659,226
4571244663,226
20955169,227
367074596,227
9693971465,228
4230595026,228
377494060,228
27331469,228
435104736,229
435104732,229
435104735,229
7918978033,230
438170475,230
6218468163,231
1550763749,231
1547013711,231
9704122321,231
471488499,231
4847781268,231
1493722803,231
4847781269,231
1550763764,231
1550763708,231
473219610,232
8814668141,232
5104314222,232
25161386,233
473258827,233
3644748773,233
473264457,234
1268903266,234
9135848928,235
585130362,235
4777885222,235
1561411396,236
585201189,236
8579276918,236
3068267824,237
670103313,237
690295042,238
9690878341,238
5122737222,238
9690878343,238
819132568,239
748941508,239
1684781470,239
748941552,240
748941546,240
4195111363,240
4195111355,241
748941556,241
4661317153,242
1617647928,242
4661317155,242
4675822093,242
1617647919,242
4675822097,242
4675822100,242
1617647924,242
761831000,242
761830938,242
1617647931,242
1617647901,242
761831039,242
2496836226,243
2496836231,243
1255490314,243
1150003513,243
806373565,243
811035012,244
5905897286,244
6446218921,244
6446218922,244
1556097034,244
1556097387,244
1556097139,244
1556097111,244
1556097271,244
1556097147,244
1556097215,244
875789647,245
25473201,245
1311961947,245
1311962012,245
1311962111,245
1723315608,246
3247825561,246
3247825562,246
7636278193,246
7636278195,246
7636278196,246
7636278198,246
4807521484,246
1309067471,246
3741131600,246
5927671121,246
3741131606,246
7636244312,246
7636244313,246
7636244314,246
9042037852,246
914822496,246
2624005734,246
914822508,246
9030155763,246
5927671156,246
9030155766,246
9030155767,246
4826555772,246
1755708768,247
1758552678,247
1758552682,247
2990717003,247
1759454351,247
973128722,247
1755708765,247
1755708766,247
7223326412,248
4835108997,248
1144619335,248
1150003170,249
8784212017,249
1150003155,249
4826555767,249
1150003224,249
9808795611,249
4826555768,250
1150003195,250
25632870,250
1150003472,251
25473202,251
9042129984,251
9042129983,251
1238249904,252
7900221108,252
1736734053,252
2140125056,252
1311962065,253
1311961846,253
1311962079,253
1547013760,254
1547013601,254
1547013730,254
8785024514,254
1547013704,254
1312453936,254
1547013653,254
1312453879,254
1547013593,254
9694096799,254
1353133536,255
4643336966,255
4643336968,255
4643336979,255
1353133533,255
1547013574,256
6149398572,256
1547013588,256
1547013592,256
1547013724,256
1547013621,257
1547013694,257
1547013567,257
4402629177,258
4402594986,258
1547013655,258
8807410149,259
1547013672,259
1547013705,259
9856119630,259
1547013688,259
1547013699,260
1550763732,260
1547393025,261
1547392771,261
4920098350,261
1547392848,261
1547392818,261
1547392914,261
1547392951,261
1547392728,261
1547392764,261
1547392894,261
1547392927,261
1556097337,262
1556097148,262
1556097245,263
5189042550,263
1951372909,263
5976760443,264
1556324659,264
1590088452,265
1561071644,265
1599652497,266
5504771250,266
1599652492,266
1617532089,267
1617532091,267
3265436260,268
4697288390,268
2341656968,268
4697287178,268
1828408303,268
8620082704,268
6327557047,268
4696568114,268
5146127859,268
4696544885,268
367102039,268
6327557048,268
1617596505,268
4696545402,268
4166662878,268
6868293535,268
1617647898,269
1617647900,269
8373728532,269
1617647903,269
1678452786,270
3474115151,270
7610670751,270
7610670826,271
7610670830,271
7610670771,271
1678452790,271
7610670780,271
7610670781,271
1684835042,272
4197055203,272
1684835138,272
1684835110,272
8868809321,272
1684835019,272
6014333809,272
1684835121,272
1684835093,272
1684835030,272
1684835062,272
5609643672,272
1684835097,272
5609643675,272
1707790024,273
4658088777,273
250549835,274
1718566997,274
1718567007,274
9804685199,275
9804685200,275
9804685201,275
9804685202,275
1723388986,275
7620895974,276
25161384,276
1727515734,276
1755708736,277
4992781181,277
2990721391,277
1761598585,278
4316306163,278
4316306164,278
1137777341,278
1828402755,279
1828402756,279
1832248440,280
2576893628,280
1852996517,281
1852996670,281
1939632512,282
108418,282
4826555773,282
1939632510,282
1953096696,283
2632476618,283
7796554012,283
2632476590,283
1990694635,284
1990694647,284
3130435826,285
1990694638,285
6431923714,286
6431923715,286
5471345385,286
9693974377,286
308837357,286
2146369238,286
9161061783,286
9846850972,286
9846850973,286
9846850974,286
2146369240,287
5468301601,287
10607626,287
6332545601,288
9030284967,288
3093894066,288
2254629351,288
2665239972,289
6509684093,289
2935324281,290
2737313094,290
288193455,290
3691462888,291
9804685203,291
9804685204,291
2755124949,291
9804685206,291
9804685205,291
2914561217,292
5924603458,292
5924603459,292
5924603460,292
5924603457,292
5924611312,292
5924603444,292
5924603445,292
5924603446,292
5924603447,292
5924603449,292
8500636794,292
5924603452,292
5924603453,292
5924603454,292
5924603455,292
4938216620,293
4166634958,293
3267461735,293
3272782432,294
1547013738,294
3272782429,294
3272782446,294
3644748769,295
3519288132,295
9693628389,296
3741117629,296
9693628390,296
3892081362,297
3892081363,297
5788363874,298
4208239651,298
4208239642,298
9201323561,298
4462680076,298
9201323322,298
5374181585,298
6606148797,298
3972566714,298
6606148798,298
5899711453,298
5899711454,298
4072083342,299
4072083343,299
4166662881,300
8620105277,300
4169836445,300
8675201264,301
7911282822,301
1556097326,301
4169714270,301
8026335686,302
4174200046,302
4401149224,303
4401149225,303
4401149228,303
5927671120,303
5927671155,303
4879371168,304
4879371165,304
4421008566,304
4665352264,305
4665352262,305
4697525032,306
26374229,306
4697525030,306
4827019220,307
835390894,307
4866475736,308
4866475731,308
4866475733,308
5177352922,309
5177352923,309
5177352932,309
5177352933,309
9733914457,310
5253290694,310
25496750,311
5265840063,311
5609643673,312
5609643674,312
6645346885,313
6711365597,313
7572833353,314
7572833350,314
7911282827,315
4169714271,315
7620895976,316
7926686249,316
7926686252,316
1587330970,317
8783914189,317
8604055550,317
8869040027,318
8869040028,318
9691082176,319
4872502280,319
