node_id,cluster_id
1236791459,0
4076126468,0
7946372934,0
7946372936,0
7946372940,0
7946372941,0
7946372942,0
3817308659,0
3817308660,0
104318,0
104320,1
373364225,1
373364868,1
373364228,1
373364870,1
6369329161,1
373364874,1
6369329162,1
8868824843,1
3965024397,1
373364878,1
3965024398,1
3965024399,1
6369329169,1
6369329167,1
6369329166,1
6369329164,1
1311962013,1
20965794,1
20965796,1
20965797,1
8868824870,1
8868824871,1
20965803,1
2398924845,1
1311962182,1
4870281310,1
1311962082,1
1215563878,1
1215563895,1
1649365881,1
9856119641,2
104321,2
104322,3
1718328198,3
7553887409,3
2140227862,3
1771426166,3
7836155866,3
1771426173,3
104323,4
8429795032,4
295977520,4
4167762776,4
8429795033,4
8429795034,4
8429795035,4
4864083785,5
107585,5
1312471271,5
6218501751,5
107586,6
8043350341,6
8318757605,6
9808795601,6
4726152850,6
8043350325,6
9781190368,7
107587,7
3381130086,7
3381130087,7
109415,7
3381130090,7
3381130091,7
4688513237,7
1782717878,7
25248122,7
9781190367,7
3987750692,8
5977954180,8
9673189926,8
7644741351,8
9673091208,8
6110164649,8
6110164650,8
7900888377,8
9673091213,8
9673091214,8
107602,8
7900888437,8
3850146457,8
3987750684,8
3987750685,8
3987750686,8
3987750687,8
5816744257,9
2203888698,9
5816743941,9
8429934918,9
585199079,9
5816743942,9
5816743945,9
5816744255,9
5816743949,9
8429945617,9
1505332730,9
8429945618,9
107606,9
25475770,9
1689605567,9
2364384488,10
8030470473,10
585124778,10
1951242858,10
1951242860,10
2364378222,10
2364371185,10
2364379602,10
2364379603,10
2364379604,10
2364379605,10
107613,10
107614,10
1864047135,10
1990912129,11
9632417162,11
9632417163,11
9683581480,11
3385332654,11
9683686963,11
1155552319,11
8030470464,11
1137777343,11
8030470469,11
7638732490,11
7638732491,11
4832472797,11
107615,11
9135848931,11
1951242856,11
1951242857,11
1990912106,11
1951242859,11
2364384492,11
2364384490,11
2364387947,11
9135848938,11
9135848937,11
2364371186,11
1990912115,11
8579240309,11
8579240312,11
1312454055,12
5925584201,12
107626,12
8807410154,12
8390582613,12
1951616231,13
107627,13
8807410158,13
4072083344,13
1312453981,13
6369361792,14
2378843909,14
1951616268,14
1951616276,14
1951616278,14
1951616283,14
5065949596,14
5065949598,14
1951616287,14
1678226846,14
7745051680,14
25161378,14
1951616291,14
25161379,14
1951616292,14
25161377,14
1951616295,14
1951616297,14
6985395258,14
1678227031,14
5141354328,14
5473273433,14
5141354329,14
5473273435,14
3153656028,14
5141354333,14
3153656030,14
5141354331,14
5141354330,14
5141354332,14
8807431550,14
1951616234,14
107628,14
1951616236,14
5049840242,14
5049840243,14
5049840245,14
5049840248,14
1782714747,14
8807431548,14
6369361790,14
107632,15
6458938017,15
25532576,15
9413430622,15
8753664977,16
107634,16
4729628192,17
6369361797,17
5141625703,17
7223298252,17
3644785104,17
107637,17
6369361788,17
6369361791,17
9856119648,18
107638,18
7926506529,19
7926506531,19
7926506532,19
5973627687,19
107641,19
7926506525,19
7926506527,19
4866651968,20
4866651963,20
1938819301,20
25505673,20
25504779,20
5046447437,20
4866651966,20
3656358065,20
2012969971,20
1311961910,20
4866651959,20
7926554424,20
107643,20
7926554430,20
7926554431,20
107646,21
5006978855,21
3644748774,22
4922952362,22
24951856,22
4860803961,22
1215563870,22
107647,22
5207476609,23
5207476610,23
5207476611,23
5207476613,23
5055364614,23
5207476615,23
4627445257,23
5207476617,23
5207476619,23
4627445261,23
9684083982,23
9684083983,23
9684083984,23
107667,23
9684083987,23
9684083988,23
9684083992,23
9684083993,23
9684083995,23
5207477021,23
7066617760,23
473265708,23
4627491642,23
5207476606,23
1828402771,23
3813810132,23
3813810133,23
1828402774,23
3696548438,23
1938819299,23
1938819302,23
1938819304,23
1938819316,23
9754527740,23
9754527741,23
9754527742,23
9754527744,24
9754527745,24
5055364610,24
5055364611,24
367077584,24
107668,24
9754527743,24
107684,25
1726730281,25
7617755275,25
957122446,25
4072476959,25
7617785701,26
107685,26
4729448871,26
25503848,26
8373690841,26
7617785710,26
7617785714,26
1726730354,26
8373690838,26
8373690840,26
1726730329,26
8785484288,27
1938819344,27
4072476960,27
107686,27
1236791344,27
8373690833,27
8373690834,27
8373690835,27
8373690836,27
8373690837,27
7613626070,27
8373690839,27
7613626073,27
8373752817,27
4530339698,27
4530339699,27
4530339700,27
4530339701,27
4530339702,27
6369329153,28
107687,28
1311961991,28
1311962089,28
6369329163,28
1054045453,28
9310662202,28
1311962169,28
1163955130,28
1054045407,28
9024076384,29
4530270913,29
9024076385,29
4822267109,29
107690,29
8373690827,29
8373690828,29
8373690829,29
8373690826,29
21563791,29
8373690831,29
1707790096,29
3497472337,29
21563508,29
21563479,29
4530270908,29
2294047369,30
5006065041,30
8785484314,30
8785484315,30
8785484316,30
8263157413,30
8263157414,30
8263157415,30
107692,30
107693,30
25496622,30
5006063170,30
1782712524,30
7223695323,30
7223695326,30
7223695327,30
3497461727,30
3519005409,30
8373651315,30
8373651316,30
9781435146,31
2458273291,31
1953202962,31
2453941139,31
6279388822,31
6279388823,31
6279388824,31
26678169,31
2458257570,31
8975700259,31
2458257573,31
8975700261,31
2458257578,31
5265953451,31
5265953452,31
1364161197,31
2458301100,31
5265953455,31
5265953450,31
5265953457,31
5265953454,31
5265953459,31
2458260532,31
2458256449,31
1364172237,31
1832129873,31
1832129878,31
6724775011,31
6724775012,31
108389,31
6724775013,31
6724775014,31
6724775015,31
6724775017,31
6724775018,31
6724775016,31
1832248428,31
1364168178,31
1364168180,31
2458303223,31
2458307450,31
26678168,32
5119652857,32
6279388821,32
108390,32
25495698,33
108391,33
4297054053,34
1601832328,34
6828863691,34
6828863692,34
6828863693,34
6828863694,34
6828863695,34
6828863696,34
6828863697,34
6828863698,34
9804578356,34
108406,34
1363483801,34
2632464416,35
6525670240,35
390073160,35
1125619161,35
25632684,35
108409,35
2632464413,35
2632431807,35
108420,36
9030284989,36
9030284990,36
4193151464,37
108835,37
3267461696,38
108867,38
264824452,38
3267461737,38
3267461710,38
3267461721,38
20955164,38
3267461693,38
25497347,39
1326821542,39
21990634,39
9820537934,39
1326821593,39
109403,39
25497596,39
109408,40
25481504,40
6988528039,40
9694031532,40
894485202,40
9197589363,40
470727954,40
5207487900,40
1536948618,41
109411,41
1536948578,42
109412,42
109414,43
9030029183,43
25248128,44
9710332577,44
9710332576,44
109416,44
25248115,44
2218344508,44
2218344510,44
109728,45
5931509715,45
1536948608,46
6509584413,46
109734,46
2504822135,46
24952269,47
109737,47
1536948541,47
5840176866,48
1722621630,48
4220613456,48
109746,48
9681020156,48
9681020157,48
2941549918,48
9856119640,49
109780,49
9514602150,50
9514602151,50
9514602152,50
9514602153,50
109785,50
1832129823,51
338474269,51
109815,51
109818,52
8975700266,52
3644748770,52
4823246342,53
6864015603,53
1141415219,53
2036125657,53
110143,53
2293833760,54
5880188045,54
6840965712,54
8373690832,54
237908,54
1810130457,54
3972566716,54
5055364608,55
5055364612,55
8620105233,55
8620105234,55
8620105236,55
3265436695,55
1813794712,55
8620105240,55
8620105242,55
8620105243,55
1239549084,55
8620105244,55
9754453026,55
9754453027,55
9754453028,55
9754453029,55
9754453030,55
9754453031,55
9754453032,55
367100073,55
9754453033,55
8620105259,55
5177397420,55
5177397419,55
419632303,55
8620105265,55
419632306,55
419632307,55
8620105268,55
1214922421,55
8620105270,55
4077627063,55
8620105269,55
3972566710,55
1214922426,55
1214922429,55
5177397821,55
5177397823,55
2140432704,55
5177397825,55
5177397822,55
5177397827,55
5177397828,55
5177397830,55
1707790023,55
5177397832,55
5177397835,55
4150883407,55
5177410511,55
237911,55
455705562,55
864817628,55
2360685543,55
6951230826,55
4034060012,55
1955520879,55
4034060017,55
4034060018,55
2265065203,55
2360681713,55
2265065207,55
4530012702,56
6261920914,56
282708,56
4316306166,56
4530012699,56
1536039932,56
6866779806,56
4530012703,56
2632464415,57
282719,57
2961549,58
385311590,58
1939558657,59
1939558660,59
9030155653,59
1939558661,59
1939558667,59
2538458898,59
1939558674,59
2961557,59
1939558678,59
1939558677,59
1939558681,59
2195965722,59
1939558684,59
1939558687,59
3139705121,59
1939558700,59
5218862786,59
2218344516,59
2218362310,59
4866784251,59
7223326407,59
7223326409,59
2218362314,59
7223326411,59
5925584204,59
7223326410,59
7223326413,59
7223326414,59
7223365368,59
7223326408,59
2218344522,59
2218362316,59
7223365370,59
357999964,59
2218362332,59
7223365371,59
212916714,59
1939558646,59
1939558647,59
1939558648,59
1939558649,59
1939558650,59
1939558651,59
7223365372,59
2961891,60
9856119628,60
1312454086,60
1678452792,61
10572172,61
747893184,62
7610670913,62
7610670919,62
7610670921,62
10572178,62
367106464,63
4643337035,63
10572180,63
25471732,63
1236791478,63
25471733,63
25471734,63
4630855193,63
4650375357,63
1938953377,64
9856119619,64
1985084100,64
350437608,64
10572779,64
1816038230,64
25495770,64
10572785,65
8972511963,65
25496748,65
8972441127,65
8785568224,66
10572786,66
7847748059,66
1985084095,66
10606709,67
5973397966,67
2632476639,67
9693865890,68
8868824899,68
6369329158,68
1366095189,68
10607127,68
5353604060,68
1326821504,69
2466449286,69
2466449287,69
2466449288,69
1326821513,69
2466449289,69
2466449290,69
1326821515,69
2466449293,69
20460686,69
20460681,69
2466449295,69
2466449294,69
20460690,69
2466449297,69
20460692,69
2466449296,69
20460694,69
20460695,69
10607128,69
4807796633,69
20460696,69
20460697,69
1326821525,69
1326821524,69
1326821539,69
1326821541,69
25632677,69
1326821557,69
1326821559,69
372978232,69
1326821566,69
256766529,69
1326821569,69
372978120,69
1326821577,69
1326821579,69
2466456399,69
2466456400,69
2466456401,69
2466456402,69
1939632526,69
2466456404,69
2466456403,69
2466456405,69
2466456406,69
2466456407,69
2466456409,69
1081508186,69
2466456408,69
1326821471,69
1326821613,69
1081508209,69
1326821490,69
2466449291,69
1326821502,69
2632430342,70
1954751914,70
4530057817,70
10607129,70
2466456411,70
2466456412,70
2466456413,70
2466456414,70
10607629,71
7947057586,71
5468301555,71
2146369237,71
5470932252,71
5470932253,71
5470932255,71
6985373984,72
1312264610,72
1721713699,72
6985373983,72
1350430181,72
2406484454,72
2406484455,72
1782718791,72
9030121410,72
2406484452,72
9030155749,72
2406484460,72
2406484453,72
1312188714,72
9042053624,72
10677374,72
6985373982,72
7836155864,73
1684511955,73
1782724124,73
10677375,73
10677377,74
7082240198,74
1401416203,74
8318797237,74
212927414,74
4462680067,75
9781435147,75
5573931385,75
14672924,75
8975529085,75
8975529086,75
268997560,76
18382242,76
9042027865,77
18393873,77
1725360097,78
18395811,78
8785441943,78
8785441944,78
5976853817,78
4992781189,79
2387240745,79
18398282,79
2387240747,79
8869472239,79
1326821619,79
1326821460,79
4826555769,79
1938819330,80
6369390691,80
1938819331,80
6369390692,80
25161351,80
1938819336,80
1938819335,80
6369390698,80
6369390701,80
2387207417,80
2387207418,80
2387212189,80
18468958,80
9024139136,81
9024139137,81
18468962,81
7926506530,81
9024139143,81
7926506526,81
18469130,82
9856119638,82
2642878568,83
2642878569,83
18469132,83
9856119637,83
1571298192,84
8868194778,84
20458275,84
20458277,85
2490721964,85
1312188845,85
8868001103,85
8868001104,85
250549587,85
1312188692,85
2934268020,85
4618510643,85
7926563545,85
1312188731,85
1312188988,85
4682627265,86
3763407460,86
4246525220,86
5041784423,86
20460680,86
8975833912,86
5067002867,86
968499092,86
6978563380,86
6978531575,86
6978563384,86
8975833913,86
8975833915,86
1759454429,86
20460687,87
25497872,87
20965804,87
9693963701,87
9693963702,87
9693963703,87
9693963704,87
9693963705,87
9693963706,87
9693963707,87
9693963708,87
1326821564,87
1813618497,87
5238528591,87
1326821585,87
1326821596,87
5353604061,87
25497828,87
4369519204,87
20625793,88
6301948477,88
9694032608,89
9694032609,89
20625800,89
585200818,89
9694032606,89
9694032607,89
5189042552,90
20626282,90
8675201272,90
5189042551,90
7824803490,91
7824803492,91
7824803493,91
1536948646,91
4085778920,91
7824803500,91
20626301,91
1536948431,91
1536948529,91
5146186589,91
5146186590,91
9856119647,91
3796814729,92
20626310,92
20626311,92
1536948612,93
1536948517,93
7572522566,93
25264998,93
20626312,93
7572522534,93
1536948652,93
7572522540,93
4866475730,93
7572522547,93
4866475737,93
1536948631,93
1536948536,93
7572522585,93
1852996954,93
1572551227,93
20626315,94
7572522492,94
9856119620,95
1360122917,95
9197322310,95
1360122886,95
1360122856,95
1236791433,95
21685484,95
1360122861,95
4076095834,95
4076095791,95
1360122845,95
9197326420,95
20955158,95
9805219991,95
9805219992,95
9805219993,95
9805219994,95
1360122873,95
20965799,96
6369329160,96
20965800,96
2398924843,96
25500427,96
6369329165,96
1782729295,96
6369329171,96
1326821587,96
2398924853,96
2398924855,96
104319,96
2398924898,97
9781311298,97
20965801,97
7946378607,97
7946378608,97
9310682079,97
2398924893,97
2398924863,97
20965805,98
20965806,98
21307200,99
9030155753,99
9856119635,99
4661317536,100
3328228994,100
3328228996,100
25524297,100
21392267,100
3328229004,100
4663309171,100
4663312695,100
4663312696,100
4663312697,100
4663312698,100
21392273,101
3972566713,101
4859246420,101
21392276,102
9856119623,102
5603454625,103
6606135979,103
21392279,103
21523714,104
4726152840,104
4726152844,104
4726152847,104
4726152848,104
3215685153,104
1312471208,104
5342236733,104
9694087358,104
9694087362,104
6465896909,104
6218501713,104
6218501715,104
6218501717,104
6470264535,104
6470264536,104
4688513241,104
1678283238,104
1678283242,104
1678283244,104
1678283247,104
6218501746,104
7797330549,104
21523715,105
4195103055,105
8042022825,106
250324965,106
21523718,106
1014649631,106
5335233120,107
2934288514,107
5009060057,107
21523719,107
5573991659,107
5573991660,107
4138224462,107
5335233119,107
5335233113,107
5335233114,107
2934288509,107
5165786239,107
21563489,108
21563481,108
1707790085,108
4719617974,108
9659603285,109
21578454,109
8645592521,110
25495858,110
26678167,110
25495640,110
21578459,110
8373690817,111
8373690818,111
21583366,111
4017328647,111
1419565097,111
7223668011,111
7223668012,111
5006063180,111
5006063179,111
5006065039,111
1782730512,111
5006065037,111
5006065038,111
4764884821,111
33141178,111
1148276284,111
7223712382,111
21685481,112
1837610895,112
1360122929,112
1360122933,112
1163955034,112
4331121755,112
4331121754,113
21685483,113
4462683090,114
21686572,114
21686574,115
4462680070,115
1493676622,116
21990614,116
4556931602,117
4556931604,117
21990622,117
21990625,118
2003007012,118
9710348828,118
4835108998,118
21990627,119
475396924,119
8672066581,119
7636180239,119
8923643490,120
21990628,120
9030155750,120
9030155754,120
1719422038,120
9856119639,120
8923643489,121
21990629,121
5875062472,121
9042053623,121
5565443389,121
5565443390,122
9693628386,122
9808795603,122
21990630,122
5042033643,123
9042025325,123
21990631,123
21990632,124
9030155751,124
1718566880,124
1326821568,125
21990633,125
9820523913,125
1326821487,125
1326821489,125
25470166,125
1326821624,125
1938953433,125
25497599,125
9820523914,126
9820523915,126
9820523916,126
9161061776,126
9693963678,126
9693963679,126
9693963680,126
9693963681,126
9693963682,126
9693963683,126
9820538017,126
9820538018,126
9820538019,126
9820538016,126
710657963,126
9820538028,126
4571238064,126
7947041713,126
4571238067,126
4571238068,126
1938953403,126
1938953406,126
9820537921,126
9820537922,126
1938953413,126
1938953414,126
1938953417,126
1326821457,126
1938953430,126
1938953431,126
1938953432,126
1326821465,126
9820523869,126
9820523870,126
9820523871,126
9820523872,126
1938953437,126
108393,126
21990637,126
21990638,126
422573549,126
25497340,126
25161360,127
24659764,127
7906964247,127
7906964248,127
7906964249,127
7906964250,127
7906964251,127
24659907,128
24659947,128
24949780,128
1311961990,128
9693920801,129
9693920794,129
9693920795,129
9693920797,129
24660863,129
24661273,130
2195965723,130
2961540,130
24661966,131
25544111,131
5095547184,132
24950013,132
5095547180,132
24950005,132
2389802904,133
24950050,133
2389802901,133
2279592862,133
24950064,134
5218844446,134
5227220848,135
24950065,135
5227220845,135
8869435257,136
8869435266,136
7567588716,136
24950093,136
8807429664,137
2387226304,137
2387226307,137
2387226309,137
2387226311,137
2387226313,137
9691082671,137
24950097,137
1731216865,138
4866705606,138
8807431560,138
5925584203,138
24950101,138
24659709,138
24950105,139
5095547321,139
1951616327,139
8807431559,139
25248114,140
24950107,140
9030155654,140
9693920803,141
24950110,141
24950111,141
24950112,142
25248126,142
24950113,143
4748394420,143
8807431541,143
385311796,143
316763501,144
24950117,144
24951853,145
4922952373,145
9693760971,146
24951854,146
24952195,147
2528522503,147
2528522507,147
2528522518,147
1556324759,147
2528522528,147
6985465124,147
6985465125,147
6985465130,147
2528522542,147
1556324793,147
6985465145,147
9694091972,147
9694091973,147
1556324683,147
1556324684,147
3385387604,147
3385387605,147
3385387606,147
4117882851,147
24952267,148
6166157035,148
25066338,149
25066412,149
8807429665,150
5090420610,150
3517985666,150
5090420964,150
25161348,150
5090420614,150
25066419,150
9024139131,150
8807429660,150
5090420958,150
5090420959,150
25066451,151
25066453,151
5047029678,152
25066461,152
25066462,152
25066470,153
1938819306,153
1938819313,153
4866653236,153
25161365,153
8807441176,153
4866623226,153
1852997088,154
25066784,154
25066694,154
25066696,154
25161353,154
4866591373,154
4866591374,154
4866591375,154
4866591376,154
3816097105,154
3233714196,154
3233714198,154
9856119645,154
3233714192,155
3233714193,155
3233714194,155
3233714195,155
3233714197,155
25067068,155
25067264,156
25067265,156
2566132609,156
1569382119,156
1569382170,156
1569382174,156
2504822145,157
25067266,157
1852996996,157
2504822137,157
2504822139,157
6509584414,157
25067304,158
2566132610,158
2566132611,158
9753609738,159
9753609739,159
9753609740,159
9753609741,159
9753609742,159
9753609743,159
9753609744,159
9753609745,159
9680972177,159
9680972178,159
9680972185,159
25161373,159
7824747295,159
7824747298,159
7824747300,159
7824747302,159
7824747303,159
7824747304,159
7824747305,159
25067307,159
7824747308,159
7824747307,159
6967585841,159
6967585842,159
1827389620,159
1782727992,159
700774224,159
25067395,160
25067396,160
25067397,160
5146186470,160
5146186463,160
9856119646,161
25067427,161
25067398,161
5104314275,162
25067461,162
5104314255,163
25067463,163
5104314256,164
5104314384,164
25067469,164
25067470,164
5104314353,165
25067727,165
1569343756,165
25067479,165
1569343909,166
25067558,166
5104314096,167
25067670,167
1569312412,168
25067933,168
25067871,168
1569343523,169
5141216745,169
25067883,169
5141216790,169
25067914,170
7911231380,170
1722621718,170
7911231384,170
1569216123,170
25161375,170
5141228834,170
1569216316,170
4085783105,170
6446292570,170
5141216740,170
5141216741,170
7911267688,170
7911267690,170
7911267692,170
7911267694,170
7911267695,170
7911267696,170
9659831675,170
25265023,170
25067920,171
9659831673,171
9659831674,171
1569216326,171
25067936,172
5141216746,172
5141216782,172
25067935,172
25071090,173
25071131,173
25151180,174
1832129958,174
25161345,175
1771426172,175
7836164765,175
5087519104,176
25161347,176
5090420965,176
18468961,177
8336028516,177
6369390694,177
25161352,177
6369390697,177
6369390700,177
6739026230,177
1938819320,177
1938819325,177
2387207421,177
5247857728,178
9691101411,178
9691101412,178
25161357,178
2387194158,178
5141877019,178
25161361,179
7223298253,179
25161362,180
9856119651,180
9856119649,181
25161363,181
2387207425,182
6369390690,182
2387207426,182
2387209415,182
6369390696,182
6369390695,182
9021498664,182
6369390699,182
1360122924,182
1938819317,182
25161366,182
1938819319,182
1678155318,182
9024139132,182
9024139133,182
1938819326,182
1718233922,183
8869435268,183
1718233957,183
1718233994,183
7553887415,183
25161368,183
7836164763,183
7836164764,183
1684511838,183
8438226815,183
9042026424,184
25161371,184
9856119636,184
6032044867,185
25161380,185
25161381,185
25248112,186
3715515059,186
8318797234,187
8318797235,187
2387220933,187
25248118,187
25248120,188
4688513218,188
3816097108,188
25248125,189
1211381855,189
4166634955,190
7911243856,190
7911243857,190
25265077,190
3887941013,190
25265079,190
4085783099,190
2059790748,190
4077579334,191
7911267686,191
7911267693,191
473258639,191
25265075,191
25265078,191
25504129,192
1938819340,192
25470781,192
4383369519,192
4379801334,193
25470783,193
25471681,194
4630855202,194
4630855203,194
4630855204,194
4630855205,194
25503841,194
8373690842,194
1726730303,194
25471736,195
25503860,195
7271474849,196
25472324,196
4675821944,197
25472379,197
4675821925,197
762080111,197
25472545,198
25472566,198
1882379274,199
1882379248,199
1882379285,199
4425001783,199
25472760,199
25472763,199
3247578846,199
4823246341,200
4425001781,200
4425001782,200
25472767,200
7447716112,201
25472789,201
9161061774,201
25472800,202
4571194090,202
4571194091,202
2036125650,202
2940401398,202
1684835105,203
1684835107,203
3739048019,203
3739048020,203
3739048021,203
25472885,203
1311962080,204
9042129985,204
1311961868,204
25473200,204
6871422362,204
25473203,205
5067002855,205
9042129986,206
1215563885,206
25473204,206
25473205,206
1215563897,206
6871422364,206
1759454078,206
1759454118,207
1759454122,207
25473206,207
25473207,207
1759454104,207
1759454106,207
6871422365,207
4136124526,208
25473279,208
869968536,209
25473281,209
8579276917,210
9694104278,210
25474015,210
9694091974,211
9694091975,211
9694091976,211
9694091977,211
9694091978,211
6149398571,211
9694091981,211
25475053,211
9694091983,211
9694091982,211
1312471255,211
1312471228,211
25475072,212
9690769059,212
7236131864,212
585180151,212
7236131865,212
6332695637,212
6332695638,212
9135848919,212
6332695639,212
9135848921,212
9135848922,212
9135848923,212
9135848924,212
9135848925,212
7236131861,212
7236131862,212
25475331,213
8263157412,213
8263157416,213
1617647945,213
8263166218,213
8785503917,213
8373690845,213
8373690846,213
9135845216,214
9690878344,214
25475417,214
9135845213,214
9135845214,214
4166967089,215
9856119627,215
25475419,215
675734613,215
25475561,216
9690878337,216
1312471265,217
9699953505,217
25475661,217
1312471252,217
1312471223,217
9690915259,218
25475663,218
4715264000,219
6014302222,219
6014302223,219
6014302226,219
6014302227,219
6014302228,219
1312932894,219
4136137529,219
9690915263,219
9690915264,219
9690915265,219
9690915271,219
9690915273,219
9690915274,219
9690915275,219
25475664,219
4167762778,219
4529881970,219
8429945717,219
9576827481,220
25475674,220
9576827482,220
6525671279,220
8784000965,221
25475678,221
25475690,222
25499095,222
4297212128,223
4297212129,223
25475692,223
4298970368,224
4297212194,224
4298970380,224
25475693,224
4297212204,224
4298970384,224
4297212084,224
355416920,224
4298970364,224
9823138208,225
9823138209,225
25475694,225
25475695,225
4297211186,225
4297211187,225
435104728,225
355416921,225
9823138206,225
1326821607,226
1326821594,226
25475696,226
25475697,226
25475698,226
435104726,226
1326821466,226
25475699,227
6239229422,227
6273056647,227
25475754,228
1816777875,228
4297243298,229
4297243218,229
4297212114,229
25475767,229
748797145,229
4297212119,229
4297243295,229
4920098349,230
5931509720,230
5931509721,230
25476124,230
25476127,230
3515286914,231
3515286915,231
3515286916,231
1493676623,231
25477106,231
25477153,232
1312189091,232
1954751908,232
7644884069,232
26067236,232
26067235,232
3320743081,232
1312188622,232
1312188689,232
1312188858,232
25477149,232
1312188735,232
5006764040,233
25477154,233
5006764037,233
3093894065,234
25477197,234
2402557839,234
3858880674,235
5925628361,235
249558409,235
25477228,235
1042862477,235
9808795598,235
6304787860,235
25477301,235
6304787861,235
3735886877,235
25477258,236
347541973,236
3858880675,237
25477335,237
57786953,238
3673602988,238
9808795599,238
9203578107,238
9203578106,238
25477339,238
28419328,239
5257738379,239
5257738381,239
5257738384,239
9808795600,239
1039290578,239
5257738387,239
5257738389,239
5257738390,239
1039290586,239
25477371,239
806373533,240
25477774,240
819157946,241
25477858,241
4556931603,241
3661703766,241
1832052008,242
338472567,242
25495542,242
1832129783,242
1832227893,243
25495543,243
25495769,244
25495618,244
25495695,244
25495697,245
9856119622,245
1364169899,246
2453941147,246
1953202907,246
25495807,246
25495808,247
343669798,247
1832227968,247
1832228016,247
1834657467,248
25495820,248
1834657469,248
6354294763,248
4275394254,249
25495822,249
447887921,249
350437528,249
5899738713,249
6828927809,250
6828931875,250
1148249927,250
6828921209,250
25495824,250
1707790105,250
6828921210,250
6828921211,250
5736847361,251
5736847362,251
5736847363,251
5736847364,251
25495852,251
749947393,252
749947402,252
25495854,252
25495855,252
470727776,253
25496100,253
25496786,254
1985084135,254
2453947049,255
8787384684,255
8787384685,255
8787384686,255
25496792,255
5060391417,256
25496820,256
321255925,256
4730978978,257
4730978981,257
4730978982,257
1655214955,257
25496848,257
25496849,257
25496850,257
4076126707,257
1655214934,257
25497563,257
9161061779,258
9804471701,258
25496854,258
5948183671,258
9804471702,258
1938953399,258
25497564,259
5504212623,259
9804653408,260
25497611,260
25497612,260
1813618227,260
1813618228,260
1813618229,260
1813618230,260
4870281309,260
9804653406,260
9693963689,261
7075087298,261
25497619,261
25497824,262
255860415,262
25497968,263
9808795609,263
9808795610,263
2480657190,263
2135411308,264
25499655,264
25500517,265
2466445190,265
25577057,266
1726730307,266
2140421219,266
2140421224,266
25500535,266
8336028504,266
4328443355,266
7617785713,267
25503845,267
25503880,268
7617755274,268
25503885,268
1678452802,269
2140421220,269
2387213896,269
25504143,269
2387213904,269
1726730162,269
1726730165,269
8336028505,269
25504144,270
7607077372,270
25504145,271
25504146,271
25504148,271
1835355916,272
1793420660,272
25504149,272
1707790044,272
4232015838,272
367105858,273
25504755,273
367105859,274
1268892466,274
1268892467,274
25504756,274
4089226784,275
4085767970,275
9684083971,275
419350723,275
9684083975,275
9684083976,275
9684083977,275
4089236235,275
4089236236,275
419350669,275
25504760,275
6509584408,275
7223709664,276
25504769,276
7223709668,276
7223709669,276
5006978856,276
1707790029,276
973158035,276
7223709662,276
3704225380,277
1828402765,277
1938819284,277
1938819285,277
1938819286,277
9691102358,277
25505624,277
25505561,277
25505622,277
107644,277
25505593,278
25505630,278
25505618,279
25505643,279
1828402762,279
3704225376,280
3704225379,280
4962956931,280
1828402760,280
9611081868,280
25505677,280
1938819282,280
1938819283,280
9691102362,280
25505629,280
3704225375,280
419347200,281
419347201,281
419347202,281
419347203,281
2919962038,281
354935735,281
2919962039,281
2919962040,281
2919962042,281
473262779,281
2919962044,281
2919962043,281
2919962041,281
2919962045,281
2919962046,281
3267461709,281
25505648,281
3267461749,281
419347194,281
419347195,281
419347196,281
419347197,281
419347198,281
419347199,281
1828402763,282
1828402764,282
2142508727,282
25505662,282
25505695,282
1852996856,283
25505685,283
1852996734,283
2343269909,284
9201323564,284
25509525,284
1938819346,285
25509526,285
9201323575,285
1236791552,286
9856119617,286
7946372933,286
7946372939,286
5516594509,286
9197589454,286
9197589455,286
4076126448,286
9197589457,286
9805219989,286
25509527,286
25509533,286
329983075,287
1951616263,287
1951616232,287
25532377,287
5473273373,287
25532384,288
5238587994,288
25532464,289
8807410152,289
1418752708,290
5340811717,290
1312454090,290
1312454058,290
1312454061,290
25544110,290
1312454029,290
1312453999,290
1418752721,290
1312454031,290
5340811829,290
5340811830,290
7911243863,290
2632464427,291
25632683,291
2331184930,292
25632774,292
446765895,292
275180300,292
9161061775,292
3076574323,292
6369329152,293
1215563875,293
7553887498,293
7553887509,293
1215563894,293
9855343702,293
9310662201,293
25632858,293
1771426174,293
316763600,294
316763586,294
25632859,294
9856119643,295
25632862,295
25632864,296
244128953,296
1215563890,296
25632865,296
5306194265,297
25634199,297
7271474855,298
7271474856,298
761831060,298
32921720,298
26374236,298
5119652864,299
5119652865,299
1953202903,299
25495646,299
26678171,299
5119652862,299
5119652863,299
1039290562,300
3550836102,300
251757452,300
27351282,300
251757458,300
27351284,300
1039290584,300
2967343648,301
1312454048,301
2967343649,301
1312454114,301
1547013698,301
9710359368,301
5335245256,301
27458331,301
1547013692,301
1312453919,301
1550763620,302
5342236740,302
5931501991,302
27458353,302
367114771,302
471488472,302
9080098305,303
9080098306,303
9080098307,303
9080098308,303
1014803714,303
1014803718,303
9080098312,303
9080098313,303
9080098314,303
27459116,303
3528711693,303
27459120,303
302013776,303
255051289,303
9703794686,303
1014803736,304
3528738434,304
2935392676,304
9080098309,304
3528738438,304
1014803721,304
3073173585,304
3528710290,304
27459638,304
9030037142,304
2914561272,304
27459165,304
9693974851,305
9703794692,305
9703794693,305
9080123623,305
27459198,305
9694087361,306
27460198,306
1014649672,306
3247933387,306
27459830,306
9694087359,306
27459905,307
1312471267,307
1312471210,307
1312471217,307
1312471190,307
1312471197,307
27459969,308
1043001378,308
1043001410,308
27459970,308
27459945,308
27459951,308
1043001423,308
27459959,308
6218501753,308
27459966,308
2934288530,309
27459971,309
3906588452,309
2934288518,309
27460250,310
7487734942,310
4054356847,310
2969439040,311
2612458246,311
9080123627,311
27460439,311
5904585328,311
377490677,311
3220254039,311
7911297478,312
302013674,312
302013675,312
7911297487,312
3486459764,312
3486459765,312
27480956,312
3486459766,313
3735889430,313
7815143581,313
347542743,313
27480957,313
27480960,314
9678821156,314
9678821159,314
9678821160,314
9678821161,314
3486459769,314
3892081378,315
4344245894,315
7817162929,315
1014803702,315
1014803704,315
28418138,315
3892081373,315
2140124996,316
249679365,316
7797338599,316
7797338600,316
1014803691,316
302013681,316
4244498866,316
28418141,316
28418144,317
4344245892,317
4344245893,317
9693910743,317
28418497,318
3858880678,318
429346243,319
429346253,319
9693971450,319
9693971451,319
9693971452,319
28418877,319
28418880,320
4629462859,320
4534184516,320
28418879,320
3984132034,321
3984132035,321
3984132037,321
302013708,321
4422013486,321
28418929,321
4244498867,321
4244498868,321
9375170323,322
28728187,322
1771453860,322
9375170326,322
28728210,323
7191329811,323
1755708646,324
1755708647,324
1755708648,324
1758552521,324
1758552522,324
28800660,324
973128725,324
9693929369,324
1401908258,325
28800661,325
250550174,325
1311961985,326
1311962043,326
28800662,326
1755708737,327
1755708738,327
1755708739,327
9693903657,327
28800664,327
5565443391,327
2990651920,328
2990651921,328
28800666,328
5041945508,328
1755265444,329
5041945479,329
2990721389,329
8869464398,329
1755265428,329
1755265432,329
28800670,329
5046314073,330
5046314090,330
28800671,330
28800672,331
9856119642,331
8869435290,331
5247852872,332
316763513,332
5046314091,332
5046314092,332
316763500,332
28800689,332
5224630617,332
9693730842,332
5046314077,332
5046005758,332
30056330,333
5580861156,333
707377287,333
30078473,334
5334625292,334
5334625293,334
7797731342,334
4077599544,334
4729385030,335
4729385031,335
4530011788,335
59526352,335
4530012690,335
6261920915,335
347335859,336
8868010205,336
213668839,336
250549699,337
250549700,337
8868010279,337
8868010280,337
8868010281,337
8868010218,337
213668842,337
213668844,337
8868010221,337
8868010202,337
1685272862,337
245200970,338
4211515891,338
8256049399,338
1771453217,339
4530012691,339
249470452,339
4530012692,339
1731225566,339
347539416,340
7815533546,340
7815533548,340
249558966,340
7900221088,341
249560091,341
9021491075,341
7900221087,341
2934411667,342
249679102,342
4116809028,343
249679343,343
250325410,344
3787645606,344
3787645607,344
3787645608,344
3787645609,344
3787645610,344
5492419692,344
9856119632,345
3334162601,345
250325411,345
9710304459,345
250327037,346
1310663631,346
9693628387,347
9693628388,347
347335878,347
2642612586,347
250327576,347
1326821544,348
8868010287,348
250327591,348
250327618,349
9030155756,349
7151566952,350
250327660,350
338319877,350
354886082,351
1312188741,351
250549670,351
1312189098,351
1312188660,351
1312188694,351
1312188955,351
250550400,352
973101839,352
2387242386,352
8869472274,352
8869472247,352
5609638014,352
3528738439,353
3528738440,353
9375100241,353
9375100242,353
251757533,353
251892353,354
251892475,354
5925626141,354
5925626142,354
3930921860,355
3708234957,355
4230027057,355
251892564,355
843376599,355
4835109000,356
255678213,356
4072083345,357
259252667,357
1678452753,358
473266627,358
268124583,358
4378043667,359
269547419,359
4378043661,359
4378043662,359
6293128709,360
8373690824,360
3518995475,360
8785484312,360
269589467,360
9051462722,361
6855696495,361
6855696498,361
627985397,361
275179893,361
275179767,361
6855696504,361
9856119626,362
283061836,362
283062189,363
690295047,363
2112030873,364
291951643,364
302013672,365
3486459762,365
6345441358,365
1312264577,366
794039687,366
1312264648,366
9042133642,366
1312264524,366
7836155865,366
316763548,366
1782724125,366
316763559,367
316763561,367
2990806411,367
2990806413,367
1758554286,367
2990806415,367
2990806416,367
9041828942,367
1759454163,367
316763584,368
5046627553,368
1215563891,368
5046627645,368
316763595,369
316763590,369
5006978857,370
1311961826,370
319984684,370
5006065040,371
5006063173,371
8785567902,371
321255919,371
323260106,372
1816038214,372
6108171363,373
8975700260,373
343669791,373
7815143559,374
347541965,374
7911297463,374
1145174402,375
1165343843,375
4729480808,375
4571241384,375
355416887,375
9820538031,375
9820537936,375
9820537937,375
4571244658,375
9820537940,375
9820537941,375
9820537942,375
4571244663,375
9820537943,375
355416890,375
9820537944,375
355416892,375
4297242961,376
1913216493,376
4158004390,376
355416911,376
367104392,377
5114681227,377
5114681230,377
471488484,378
1547013743,378
367121266,378
3708234964,378
1312453950,378
1312454015,378
9781311297,379
4034060007,379
419632906,379
4034060015,379
368044217,379
8620272571,379
2360684188,379
373402354,380
9856119634,380
1312932832,381
7644741346,381
9703827555,381
6110164647,381
377490664,381
9080123628,381
9690975244,381
1312932879,381
1312932849,381
4534184507,381
4210859292,381
429346241,382
9703794694,382
9703794695,382
9703794696,382
3987750679,382
9693971448,383
429346251,383
435104715,384
435104717,384
1723340842,385
435104742,385
7918978033,386
438170475,386
4860803960,387
1835356021,387
441958990,387
1938819296,388
3474115148,388
1655418222,388
3816097103,388
2140420434,388
470729237,388
1938819290,388
2215139515,388
1938819293,388
471488469,389
3145798533,389
471488499,390
1493722803,390
9703794689,391
472493763,391
9080123619,391
6969936109,391
6969936112,391
25161386,392
473258827,392
3644748773,392
473264457,393
1268903266,393
473264641,394
4627445258,394
4627445259,394
4627445260,394
4627445240,394
4627445241,394
8975529088,395
9203541381,395
5374174120,395
1832248458,395
7203717550,395
5374174224,395
8975529082,395
8975529083,395
8975529084,395
5374183741,395
529722111,395
4078858000,396
585127354,396
585129712,397
1312471258,397
9683585635,398
4085387943,398
4085387945,398
7246486955,398
4136124524,398
585148380,398
585201189,399
8579276918,399
4462680068,400
7840712839,400
4462680078,400
1360122901,400
595709975,400
5573994014,400
5573994016,400
5573994017,400
5573994019,400
5603454628,400
5603454627,400
1360122919,400
1360122925,400
1938953395,400
1360122937,400
6329690691,400
8975645638,400
8975645640,400
8975645641,400
4512763348,400
1360122841,400
5460658138,400
1360122860,400
5839156209,400
1360122866,400
1360122871,400
8869472240,401
632438506,401
20460684,401
4992781175,401
3068267824,402
670103313,402
1233350889,403
3231501611,403
1233350862,403
675734610,403
675734622,403
680069483,404
680069471,404
690295042,405
9690878343,405
4715264001,406
4715264002,406
4715264004,406
722208263,406
4715263992,406
4136137530,406
819132568,407
748941508,407
748941552,408
4195111363,408
4195111355,409
748941556,409
4661317153,410
4661317155,410
1617647919,410
761830938,410
1617647901,410
761831000,411
761831039,411
763372884,412
7911243861,412
2496836226,413
2496836231,413
1255490314,413
1150003513,413
806373565,413
6446218921,414
6446218922,414
811035012,414
873684193,415
2387245026,415
1939632514,415
2387245027,415
2387245025,415
3870640548,415
1939632519,415
2387245029,415
3870640547,415
9030155758,415
1312335310,415
9030155759,415
3870640530,415
1326821592,415
9030155760,416
9030155762,416
914822492,416
4992781180,416
9042037853,416
914822496,417
5927671121,417
914822508,417
5927671156,417
950703625,418
950703626,418
5146186489,418
1726783391,418
2990780037,419
2990780039,419
1758554289,419
1758554291,419
968499093,419
1758554294,419
1755708768,420
1758552678,420
1758552682,420
1759454351,420
973128722,420
1755708765,420
1755708766,420
3894948091,421
3894948093,421
1014803686,421
7183962432,422
8373623781,422
1020211942,422
1617596711,422
8373690830,422
4530270906,422
9027340515,423
9027340516,423
1042862673,423
9766629717,423
9027367517,423
9027367518,423
1042862696,424
3858880677,424
109766,425
7911297486,425
1042862726,425
8515091589,426
1043001422,426
4866976610,427
1939558655,427
8579522887,427
4866976617,427
1939558666,427
2218364543,427
5473274866,427
2218364541,427
1733389278,427
1046391070,427
1148276186,428
7223695324,428
5006063172,428
6978577985,429
1150003147,429
8975833904,429
8975833905,429
6978563378,429
6978563379,429
6978563382,429
1150003155,430
9808795611,430
1150003224,431
1150003170,431
1309067472,432
1684835245,432
1150003270,432
1150003472,433
25473202,433
9042129984,433
9042129983,433
1150003480,434
1150003547,434
5565487612,434
4682627266,435
1150003532,435
9024139145,436
9024139146,436
9024139148,436
1163954964,436
1268892541,436
25632856,437
1215563903,437
1215563879,437
1782716888,438
1233327202,438
9710304460,438
1787108646,438
1233350848,439
9080123624,439
2872699894,439
1236791506,440
4378043283,440
4378043789,440
1236791555,441
5880186828,441
5880186827,441
4167762777,442
3855607516,442
1237883773,442
1238249904,443
1736734053,443
2140125056,443
1238259337,444
3499567135,444
1268892338,445
1268900660,445
1280491924,446
1280491926,446
2402557599,446
2387232555,446
2387232556,446
2387232557,446
2387232559,446
2387232561,446
2387232563,446
3741117630,446
1722268367,446
9856119633,446
1722268381,446
1722268384,446
1722268388,446
5492419693,446
8236052983,446
8236052987,446
8236052988,446
8236052990,446
8236052991,446
3741131600,447
1309067471,447
25473201,448
1311961947,448
1311962012,448
1311962111,448
1311962016,449
1938819328,449
8336028512,449
6369390693,449
1782728999,449
1311962122,449
6369390702,449
8336028511,449
2387207423,449
4726152857,450
1312188619,450
8318757606,450
1312188704,451
1312188883,451
1312188797,451
1312188824,452
1312189057,452
1312188722,452
1312188768,453
4726152854,453
25477156,454
1312188774,454
9781190369,455
1312188821,455
3499500263,455
2218344518,456
1939558664,456
1939558673,456
2218344498,456
3816097107,456
1312188886,456
2218344503,456
2218344509,456
25477152,457
1312189013,457
2218362336,458
2218362849,458
2218362306,458
1939558659,458
4866976611,458
2218340965,458
4866976613,458
1939558663,458
4866976614,458
9021504716,458
9021535020,458
1365887500,458
1312264600,458
8869435258,458
2387224475,458
2387224474,458
3741078112,459
5006764038,459
1312319838,459
5006764039,459
1312454066,460
1312453954,460
1312454100,460
3381130089,461
1678245252,461
9781190366,461
1312454038,461
3272782433,462
3272712566,462
1312454087,462
25496910,463
1312471189,463
9690974262,463
1312471193,464
1493722804,464
1312471222,464
9690974275,465
9690974276,465
9690974277,465
9690974278,465
4920098342,465
4920098343,465
6266867113,465
6266867112,465
6266867114,465
6266867111,465
9699944538,465
1312471196,465
1319881922,466
4730978979,466
1319881924,466
4730978983,466
25496851,466
256766531,467
3739049348,467
1326821480,467
2387242385,467
4826555770,467
9693963699,468
1326821620,468
6272993491,468
1343823418,469
250550023,469
1353133536,470
4643336966,470
4643336968,470
4643336979,470
1353133533,470
1782725824,471
8336028514,471
1401926435,471
2387194148,471
2387194150,471
9021504714,471
9021504715,471
2387194123,471
2387194126,471
2387194127,471
2387194128,471
7836155869,471
2387194131,471
6369401334,471
9781190365,471
1493658224,472
1685281076,472
1536948474,473
1852996875,473
8785024515,474
8807410151,474
9856119631,474
1547013554,474
1547013589,474
1547013719,474
1547013592,475
1547013724,475
1547013621,476
1547013694,476
1547013567,476
4402629177,477
1547013655,477
1547013672,478
1547013705,478
8807410149,478
9856119630,478
1547013699,479
1550763732,479
1547013704,480
1547013653,480
9694096799,480
1547013760,481
8785024514,481
1547392848,482
1547392818,482
1547392728,482
1547392764,482
1547392894,482
1547393025,483
1547392771,483
1547392914,483
1547392951,483
1547392927,483
1556097034,484
1556097147,484
1556097153,485
1556097448,485
1556097227,485
5905896973,485
1556097166,485
1556097177,485
1556097178,485
1556097051,485
4777897927,486
4777897928,486
1556097098,486
1556097137,486
1951372915,486
1556097118,486
5905897286,487
1556097111,487
1556097136,488
6918421512,488
6918421503,488
1556097337,489
1556097148,489
24952196,490
4085404136,490
1556097321,490
1556097163,490
4018000435,490
1951372927,490
1556097185,491
1951372935,491
1556097245,492
1951372909,492
1556097217,493
4085404135,493
1561071656,493
1556097431,493
1556097306,493
1556097320,494
25532494,494
8807410150,494
1556260241,495
1556260235,495
5976760443,496
1556324659,496
1561071632,497
1951372930,497
1569216650,498
1951616226,498
5473273425,499
24950114,499
1569216662,499
1569343576,500
5104314098,500
5104314325,500
1590088452,501
1561071644,501
9805219990,502
1596648671,502
7946372937,503
1596648673,503
7946372938,503
7946372935,503
1599652497,504
5504771250,504
1599652492,504
3519872213,505
1609966653,505
3265436678,506
3265436680,506
3265436686,506
3265436688,506
1617532087,506
1617532088,506
1617532090,506
2775635677,506
4697288390,507
5146127859,507
367102039,507
1617596505,507
4696545402,507
25473048,508
4665353645,508
8373728533,508
1617596591,508
1617596593,509
3328228993,509
4661317524,509
3328228998,509
1617596616,510
1617596615,510
1617596627,511
1617596669,511
1617596646,511
1617596659,511
25475182,512
1617596686,512
8373690820,513
9856119621,513
1617596714,513
8785503918,513
8785503919,513
8785503920,513
8373690843,513
8373690844,513
1617647898,514
1617647900,514
8373728532,514
1617647903,514
1617647928,515
1617647931,515
1617647924,515
1617647944,516
8373728530,516
1832666032,517
8787692633,517
1637578546,517
8787692634,517
1951616261,518
1951616284,518
1678226917,518
1951616270,518
1678452770,519
4085767971,519
4085767974,519
1828402758,519
4085767978,519
4085767980,519
4085767983,519
4085767992,519
3267461747,519
2620105428,519
4085767989,519
1678452760,519
4085767993,519
9729684314,519
1536948605,519
9684083967,519
1678452786,520
3474115151,520
7610670751,520
7610670876,521
1678452789,521
7610670826,522
7610670830,522
1678452790,522
7610670780,522
7610670781,522
7610670906,523
1678452791,523
1678452793,524
7607077361,524
1678452795,525
8336028508,525
2387213899,526
8336028507,526
1678452796,526
5006978853,526
2140421222,527
8785457867,527
1793420652,527
9024139149,527
9024139150,527
2387213902,527
3497483291,527
1678452797,527
1678452799,527
4077495820,528
4077495821,528
6124650606,528
1832129778,528
1684437690,528
1684437692,528
1684835042,529
1684835138,529
1684835110,529
8868809321,529
1684835019,529
6014333809,529
1684835121,529
1684835093,529
1684835030,529
1684835062,529
1684835097,529
1707790024,530
4658088777,530
7223728617,531
8336028509,531
1707790052,531
1771426165,531
1707790055,532
1707790057,532
4650375309,532
1707790063,532
1707790064,532
4650375508,532
3518967818,533
9024139147,533
1707790062,533
6327615074,534
6327615075,534
6327615076,534
4658088585,534
4650375504,534
1707790067,534
4658088539,534
1955520890,534
3972566715,534
3197333544,535
7191329809,535
1711679380,535
1711679434,536
9375170322,536
9375170324,536
5043864464,537
1718328435,537
7836155867,537
7836155868,537
7836155870,537
250549835,538
1718566997,538
1718567007,538
2624005734,539
4807521484,539
7636278193,539
9030155763,539
7636244312,539
7636278195,539
7636278196,539
7636278198,539
1723315608,539
7636244313,539
7636244314,539
9042037852,539
9804685199,540
9804685200,540
9804685201,540
9804685202,540
1723388986,540
7620895974,541
25161384,541
1727515734,541
1755708730,542
1755708732,542
4530012704,543
1771453218,543
4530012695,543
1771458658,544
4144358216,544
4144358217,544
1771458655,544
6280047277,544
6280047278,544
2934411661,544
5160943793,544
5160943794,544
1939632504,544
9375078973,544
5160943806,544
9375078975,544
1782718792,545
6985373980,545
6985379285,545
6985379286,545
2398924896,546
6369329154,546
20965798,546
4428887946,546
1782729296,546
7636180236,547
7636180237,547
110238,547
1787108647,547
1810130458,548
4077495971,548
6369329155,549
4076095242,549
25497613,549
6369329170,549
4076095253,549
1813618231,549
1813618232,549
1813618234,549
3320947996,549
5041784633,550
1813618358,550
1816038239,551
1816038199,551
4158000323,552
1816959492,552
4211515621,553
108903,553
1830276654,553
4211515569,553
8256049397,553
1832248457,554
5573931377,554
5374183742,554
3704225378,555
4085778923,555
1938819279,555
9684101713,555
4085778934,555
4143767990,555
4401156476,556
1938819292,556
4729448869,556
1938819294,556
25509513,557
9197589238,557
1938819350,557
1939558672,558
4866807989,558
2218344501,558
1939558671,558
1939558697,559
2218362321,559
1939558701,559
1939632512,560
4826555773,560
7824803494,561
7824803495,561
7824803501,561
4166634957,561
9072449309,561
1951372959,561
8807431546,562
24950109,562
1951616325,562
8807431551,562
1953096696,563
7796554012,563
2632476590,563
1954751916,564
5060405461,564
1954751918,564
1954751920,565
6014339453,565
3130435826,566
1990694638,566
2480657188,567
2135411293,567
2135411296,568
2331184929,568
6525670241,568
2632430340,568
2135411294,568
9808795607,568
9808795608,568
6525670237,568
6525670238,568
2135411297,569
6525670242,569
2331184934,569
4703542482,569
4703542483,569
1723388979,569
9808795606,569
2331184927,569
5471345385,570
308837357,570
2146369238,570
9161061783,570
9846850972,570
9846850973,570
9846850974,570
2146369240,571
5468301601,571
10607626,571
9694087363,572
9694087364,572
3816097109,572
3816097110,572
4430996023,572
2203268985,572
6332545601,573
9030284967,573
3093894066,573
2254629351,573
2293833763,574
4156336279,574
2331184931,575
2331184932,575
5711517571,575
2331184935,575
6525670234,575
6525670235,575
6525670236,575
3265436260,576
2341656968,576
4697287178,576
8620082704,576
6327557047,576
8336028515,577
2387194149,577
8336028513,578
2387194133,578
2387194157,578
4749090120,579
2402557597,579
3093897991,579
2453947051,580
4211515660,580
6866516260,580
8787384683,580
2466442731,581
9024139134,581
9024139135,581
6863550501,582
9756243981,582
9756243982,582
9756243983,582
9756243984,582
9756243985,582
2586616722,582
9756243986,582
6863550510,582
9756278362,582
9756278363,582
9756278364,582
6110164660,583
6110164659,583
2612458244,583
2632486641,584
3586606038,584
3586606039,584
2665239972,585
6509684093,585
2665239976,586
2665239975,586
2665239977,587
2665239978,587
9684083981,587
9804685203,588
9804685204,588
2755124949,588
9804685206,588
9804685205,588
108864,589
2775653836,589
2793874522,590
7797731341,590
7797731343,590
2914561217,591
5924603457,591
5924603458,591
5924603460,591
5924603459,591
5924611312,591
5924603444,591
5924603445,591
5924603446,591
5924603447,591
5924603449,591
8500636794,591
5924603452,591
5924603453,591
5924603454,591
5924603455,591
5165786242,592
2934288523,592
5165786245,592
2934411668,593
3876429831,593
2935324280,594
2935373161,594
5929540796,595
2935373159,595
4992781181,596
2990721391,596
2990806410,597
316763563,597
8975833914,597
4246525223,597
3247825561,598
3247825562,598
3741131606,598
3247932481,599
4835109001,599
4430996033,600
3247933381,600
2265050050,601
3267461729,601
9684083978,601
4938216619,601
3267461756,602
3267461758,602
3272782432,603
1547013738,603
3272782429,603
3381130092,604
3381130493,604
8976060358,604
6985465129,605
3385387607,605
4691514032,606
3519013665,606
5006063178,606
3644748769,607
3519288132,607
4430996024,608
4155841820,608
3632581622,608
3673602993,609
25477300,609
7815143465,609
9693628389,610
3741117629,610
3816097104,611
8336028510,611
8579233861,612
8579233862,612
6600283121,612
4619022514,612
3830043581,612
3892081372,613
9693935550,613
9693935551,613
5374181585,614
3972566714,614
9201323561,614
3987750688,615
5269678593,615
9673189925,615
9673091207,615
6110191188,615
4077495872,616
4530195657,616
4077495883,616
4077495854,616
4077495855,616
4077495951,616
4077495858,616
4077495957,616
4077495862,616
4077495964,616
109816,617
4077495867,617
6463234329,618
5227220846,618
4077599543,618
5238587992,618
4077599545,618
28418921,619
5816743947,619
4136137525,619
9693971447,619
1828408303,620
4696568114,620
4696544885,620
6327557048,620
4166662878,620
6868293535,620
4166662881,621
8620105277,621
8429225386,622
8429706219,622
6110191186,622
8429774517,622
4167762779,622
8675201264,623
7911282822,623
1556097326,623
4169714270,623
5788363874,624
4208239651,624
4462680076,624
4208239642,624
5899711453,624
5899711454,624
317930380,625
4211515637,625
4211515622,625
4211515634,626
4211515644,626
4211515645,626
9693971464,627
9703794697,627
4223357836,627
4316306164,628
1137777341,628
5342251136,629
4329502449,629
5177397824,630
8755805313,630
4367041960,630
4367041962,630
9691076056,630
4370333637,631
4370333638,631
4370333643,631
4370333627,631
4370333629,631
4401149224,632
5927671120,632
7636278191,633
7636278194,633
4401149234,633
7636278197,633
7636278201,633
4826555771,633
4879371168,634
4879371165,634
4421008566,634
4530012696,635
6261920913,635
9808795596,635
4530012694,635
4571244659,636
4729480806,636
4729480807,636
4627445216,637
4627445217,637
4627445213,637
4627445215,637
4627491643,638
5207476607,638
4665352264,639
4665352262,639
4675822097,640
4675822100,640
4682627259,641
6978555518,641
6978563383,641
4682627264,642
1150003571,642
8785484313,643
8373690819,643
4689775124,643
4689775126,643
5006063175,644
5006063176,644
8263166217,644
5006063177,644
4691460851,644
4697525032,645
26374229,645
4697525030,645
9135848928,646
4777885222,646
1707790074,647
4822267107,647
4826555768,648
25632870,648
7223326412,649
4835108997,649
250327100,650
4835108999,650
4859246419,651
2140506294,651
20460688,652
4860825518,652
4864083784,653
6218501740,653
4866475736,654
4866475731,654
4866475733,654
4866651969,655
4866651962,655
7926554423,655
9027328313,656
9027328314,656
8807431535,656
4867087535,656
25475328,657
9700060292,657
4872502279,657
8579240313,657
8579240314,657
9690974272,658
4920098344,658
9690974263,658
9690974264,658
9690974265,658
9690974266,658
4942595236,659
9781435149,659
5006063171,660
5736692334,660
8989843465,661
1596655163,661
5041784501,661
5041784634,662
1366095190,662
5046314041,663
5046314042,663
5046314043,663
25632860,663
8814668141,664
5104314222,664
9856119650,665
25067400,665
5141625621,665
5141625623,665
5141625625,665
5141625630,665
6369361796,666
7223298254,666
5141625702,666
6280047280,667
9808795602,667
5160943803,667
9375078974,667
5177352922,668
5177352923,668
5177352932,668
5177352933,668
5207487897,669
10572179,669
9693982149,669
5238500312,670
5238500313,670
9733914457,671
5253290694,671
4429088632,672
8972511965,672
5265830862,672
25496750,673
5265840063,673
5517519002,674
9703794691,674
27460210,674
5609643672,675
5609643675,675
5609643673,676
5609643674,676
8373690825,677
5880188046,677
4305986091,678
5905893978,678
7620902731,678
5976760445,679
5976760446,679
5976760447,679
5976850024,680
5976850023,680
6032044868,681
25161383,681
9704122321,682
6218468163,682
6272993492,683
6239229423,683
6280047275,684
5160943798,684
4076095262,685
6369329159,685
1366095187,686
6369329172,686
9024139129,687
6369361794,687
6369361795,687
6369361789,687
4077495826,688
6407948171,688
6407948172,689
1832129789,689
9693974377,690
6431923714,690
8784181688,691
6467134930,691
8784159562,692
6467134931,692
6606148797,693
6606148798,693
6696695781,694
6696695783,694
6645346885,695
6711365597,695
6855696497,696
6855696500,696
6855696503,696
6967585840,697
7824747297,697
302013777,698
6969936105,698
6969936106,698
6978555522,699
4682627263,699
256766533,700
6978563381,700
6995618971,701
21523716,701
6995618979,702
1939632502,702
9693963696,703
9693963697,703
9693963698,703
7075087299,703
7572833379,704
7572833380,704
8318797236,705
7636163631,705
7636180241,706
7636180242,706
1787108650,706
7644741345,707
1233350847,707
9694072864,708
7797731340,708
1566269623,708
7805198627,709
4530012700,709
7824747306,710
7824747299,710
7824747301,710
4166634962,711
7911243858,711
7911282827,712
4169714271,712
7620895976,713
7926686249,713
9690915268,714
9690915267,714
8064065316,714
8579240307,715
8579240308,715
8579240310,716
8579240311,716
1587330970,717
8783914189,717
8604055550,717
8784212017,718
4826555767,718
8868010162,719
8868010171,719
9024139144,720
9024139138,720
9030155757,721
9042120207,721
9042041320,722
9042041321,722
28800667,722
9203537438,723
9203537439,723
9375170320,724
9375170321,724
9375170325,724
9684083979,725
1678452780,725
9690974274,726
25497222,726
9691082176,727
4872502280,727
9693971465,728
377494060,728
9694104280,729
9856119625,729
1547657140,729
9694104279,729
9080123618,730
9703794687,730
9703794690,731
9080123622,731
21990624,732
9710348827,732
1832129813,733
9781311295,733
9804774392,734
1723388985,734
9820537946,735
3257317059,735
