node_id,cluster_id
1832666032,0
1637578546,0
8787692633,0
8787692634,0
104315,0
1236791552,1
4076126468,1
9805219989,1
25509527,1
25509533,1
1236791459,1
9856119617,1
7946372933,1
7946372934,1
7946372935,1
7946372936,1
7946372937,1
7946372938,1
7946372939,1
7946372940,1
7946372941,1
7946372942,1
9197589455,1
9197589454,1
9197589457,1
5516594509,1
1596648673,1
4076126448,1
3817308659,1
3817308660,1
104318,1
104320,2
373364225,2
373364868,2
373364228,2
2466445190,2
373364870,2
6369329161,2
373364874,2
6369329162,2
8868824843,2
3965024397,2
373364878,2
3965024398,2
3965024399,2
6369329169,2
6369329167,2
6369329166,2
6369329164,2
1311962013,2
20965794,2
20965796,2
20965797,2
8868824870,2
8868824871,2
20965803,2
2398924845,2
5475684917,2
1311962182,2
4870281310,2
1311962082,2
25500517,2
1215563878,2
1215563895,2
1649365881,2
9856119641,3
104321,3
104322,4
1718233922,4
8869435268,4
1718233957,4
1718328198,4
1718233994,4
5046005790,4
7553887409,4
2140227862,4
1771426166,4
25161368,4
7553887415,4
7836155866,4
7836164763,4
7836164764,4
1771426173,4
1684511838,4
8438226815,4
104323,5
8429795032,5
295977520,5
4167762776,5
8429795033,5
8429795034,5
8429795035,5
107584,6
3847023130,6
107585,7
27460259,7
1312471271,7
4864083785,7
1493722804,7
1312471222,7
6218501751,7
1312471193,7
107586,8
8043350341,8
8318757605,8
9808795601,8
4726152850,8
8043350325,8
9781190368,9
107587,9
3381130086,9
3381130087,9
109415,9
3381130090,9
3381130091,9
4688513237,9
1782717878,9
25248122,9
9781190367,9
5269678593,10
5977954180,10
9673091207,10
9673091208,10
9673091213,10
9673091214,10
3850146457,10
3987750684,10
3987750685,10
3987750686,10
3987750687,10
3987750688,10
3987750692,10
9673189925,10
9673189926,10
6110164649,10
6110164650,10
7900888377,10
107602,10
6110191188,10
7644741351,10
7900888437,10
5816743941,11
5816743942,11
5816743945,11
5816743947,11
5816743949,11
5816743950,11
8429945617,11
8429945618,11
4136137525,11
2203888698,11
25475770,11
5816744255,11
1689605567,11
5816744257,11
8429934918,11
107606,11
585199079,11
28418921,11
9693971447,11
1505332730,11
2364384488,12
8030470473,12
585124778,12
1951242858,12
1951242860,12
2364378222,12
2364371185,12
2364379602,12
2364379603,12
2364379604,12
2364379605,12
107613,12
107614,12
1864047135,12
25475328,13
1990912129,13
9700060292,13
4872502279,13
9632417162,13
9632417163,13
9683581480,13
3385332654,13
9683686963,13
1155552319,13
8030470464,13
1137777343,13
8030470469,13
7638732490,13
7638732491,13
4832472797,13
107615,13
8579240311,13
9135848931,13
1951242856,13
1951242857,13
1990912106,13
1951242859,13
2364384492,13
2364384490,13
2364387947,13
9135848938,13
9135848937,13
2364371186,13
1990912115,13
8579240307,13
8579240309,13
8579240310,13
8579240308,13
8579240312,13
8579240313,13
8579240314,13
1312454055,14
5925584201,14
107626,14
8807410154,14
8390582613,14
1312454045,14
1951616231,15
107627,15
8807410158,15
4072083344,15
8785024497,15
1312453981,15
6369361792,16
2378843909,16
1951616263,16
1678226827,16
1951616268,16
1951616276,16
1951616278,16
1951616283,16
5065949596,16
5473273373,16
5065949598,16
1951616287,16
5473273376,16
7745051680,16
1678226846,16
1951616291,16
1951616292,16
25161379,16
25161378,16
1951616295,16
25161377,16
1951616297,16
7926686250,16
4867087535,16
9027328313,16
6985395258,16
9027328314,16
1678227031,16
5141354328,16
5473273433,16
5141354329,16
5473273435,16
3153656028,16
5141354332,16
3153656030,16
5141354333,16
25532377,16
5141354330,16
8807431550,16
329983075,16
5141354331,16
1951616232,16
1951616234,16
107628,16
1951616236,16
8807431535,16
5049840242,16
5049840243,16
5049840245,16
5049840248,16
1782714747,16
8807431548,16
6369361790,16
107632,17
6458938017,17
25532576,17
9413430622,17
8753664977,18
107634,18
4729628192,19
9856119650,19
6369361796,19
6369361797,19
5141625702,19
5141625703,19
25067400,19
7223298252,19
7223298254,19
3644785104,19
107637,19
5141625621,19
5141625623,19
5141625625,19
6369361788,19
5141625630,19
6369361791,19
9856119648,20
107638,20
7926506529,21
7926506531,21
7926506532,21
5973627687,21
3816097104,21
107641,21
7926506525,21
8336028510,21
7926506527,21
25505673,22
25504779,22
25161365,22
8807441176,22
3656358065,22
4866653236,22
1311961910,22
4866651959,22
7926554424,22
4866651963,22
4866651966,22
7926554430,22
4866651968,22
7926554431,22
5046447437,22
1938819301,22
25066470,22
1938819306,22
1938819313,22
2012969971,22
4866623226,22
107643,22
107646,23
5006978855,23
6369329153,24
1054045407,24
1311962169,24
3644748774,24
1311961991,24
107687,24
1311962089,24
4922952362,24
6369329163,24
1054045453,24
24951856,24
9310662202,24
4860803961,24
1163955130,24
1215563870,24
107647,24
5207476609,25
5207476610,25
5207476611,25
5207476613,25
5055364614,25
5207476615,25
4627445257,25
5207476617,25
5207476619,25
4627445261,25
9684083982,25
9684083983,25
9684083984,25
107667,25
9684083987,25
9684083988,25
9684083992,25
9684083993,25
9684083995,25
5207477021,25
7066617760,25
473265708,25
4627491642,25
5207476606,25
1828402771,25
3813810132,25
3813810133,25
1828402774,25
3696548438,25
1938819299,25
1938819302,25
1938819304,25
1938819316,25
9754527740,25
9754527741,25
9754527742,25
9754527744,26
9754527745,26
5055364610,26
5055364611,26
367077584,26
107668,26
9754527743,26
107684,27
1726730281,27
7617755275,27
957122446,27
4072476959,27
8785484288,28
1938819344,28
4072476960,28
107685,28
107686,28
4729448871,28
107688,28
1236791344,28
8373690833,28
8373690834,28
8373690835,28
8373690836,28
8373690837,28
8373690838,28
8373690839,28
8373690840,28
8373690841,28
1726730329,28
7613626073,28
7613626070,28
7617785701,28
25503848,28
7617785710,28
8373752817,28
7617785714,28
4530339699,28
1726730354,28
4530339698,28
4530339700,28
4530339701,28
4530339702,28
6293128709,29
21563791,29
1707790096,29
3518995475,29
8785484312,29
1617596711,29
107690,29
4530270906,29
4530270908,29
7183962432,29
4530270913,29
8373690824,29
8373690826,29
8373690827,29
8373690828,29
8373690829,29
8373690830,29
8373690831,29
3497472337,29
21563479,29
269589467,29
9024076384,29
9024076385,29
4822267109,29
1020211942,29
8373623781,29
21563508,29
2294047369,30
5006065040,30
5006065041,30
8785484314,30
8785484315,30
8785484316,30
8785567902,30
8263157413,30
8263157414,30
8263157415,30
107692,30
107693,30
25496622,30
5006063170,30
5006063171,30
5006063172,30
5006063173,30
1782712524,30
1148276186,30
7223695323,30
7223695324,30
7223695326,30
7223695327,30
3497461727,30
3519005409,30
5736692334,30
321255919,30
8373651315,30
8373651316,30
9781435146,31
2458273291,31
1953202962,31
2453941139,31
6279388822,31
6279388823,31
6279388824,31
26678169,31
2458257570,31
8975700259,31
2458257573,31
8975700261,31
2458257578,31
5265953451,31
5265953452,31
1364161197,31
2458301100,31
5265953455,31
5265953450,31
5265953457,31
5265953454,31
5265953459,31
2458260532,31
2458256449,31
1364172237,31
1832129873,31
1832129878,31
6724775011,31
6724775012,31
108389,31
6724775013,31
6724775014,31
6724775015,31
6724775017,31
6724775018,31
6724775016,31
1832248428,31
1364168178,31
1364168180,31
2458303223,31
2458307450,31
26678168,32
5119652857,32
6279388821,32
108390,32
25495698,33
108391,33
4297054053,34
1601832328,34
6828863691,34
6828863692,34
6828863693,34
6828863694,34
6828863695,34
6828863696,34
6828863697,34
6828863698,34
9804578356,34
108406,34
1363483801,34
2632464416,35
6525670240,35
390073160,35
1125619161,35
2632476621,35
25632684,35
5973397966,35
10606709,35
108409,35
2632476639,35
2632464413,35
2632431807,35
108420,36
9030284989,36
9030284990,36
4193151464,37
108835,37
4305986091,38
5905893978,38
7620902731,38
108837,38
3267461696,39
108867,39
264824452,39
3267461737,39
3267461710,39
3267461721,39
20955164,39
3267461693,39
25497347,40
1326821542,40
21990634,40
9820537934,40
1326821593,40
109403,40
25497596,40
109408,41
25481504,41
6988528039,41
9694031532,41
894485202,41
9197589363,41
470727954,41
5207487900,41
1536948618,42
109411,42
1536948578,43
109412,43
9694072864,44
109414,44
30078473,44
5334625292,44
7797731341,44
7797731342,44
7797731343,44
7797731340,44
5334625293,44
1566269623,44
4077599544,44
2793874522,44
9030029183,44
25248128,45
9710332577,45
9710332576,45
109416,45
1497452171,45
25248115,45
2218344508,45
2218344510,45
109728,46
5931509715,46
1536948608,47
6509584413,47
109734,47
2504822135,47
24952269,48
109737,48
1536948541,48
5840176866,49
1722621630,49
4220613456,49
109746,49
9681020156,49
9681020157,49
2941549918,49
9856119640,50
373402354,50
109780,50
9856119634,50
9514602150,51
9514602151,51
9514602152,51
9514602153,51
109785,51
4077495971,52
109815,52
1810130458,52
338474269,52
1832129823,52
109816,53
4077495867,53
1832129813,53
9781311295,53
109818,54
8975700266,54
3644748770,54
4823246342,55
6864015603,55
1141415219,55
2036125657,55
110143,55
1233327202,56
1787108646,56
1787108647,56
1787108649,56
7636180236,56
7636180237,56
9710304460,56
1782716888,56
110238,56
2293833760,57
2293833763,57
5880188045,57
6840965712,57
8373690832,57
237908,57
4156336279,57
1810130457,57
3972566716,57
5055364608,58
5055364612,58
8620105233,58
8620105234,58
8620105236,58
3265436695,58
1813794712,58
8620105240,58
8620105242,58
8620105243,58
1239549084,58
8620105244,58
9754453026,58
9754453027,58
9754453028,58
9754453029,58
9754453030,58
9754453031,58
9754453032,58
367100073,58
9754453033,58
8620105259,58
5177397420,58
5177397419,58
419632303,58
8620105265,58
419632306,58
419632307,58
8620105268,58
1214922421,58
8620105270,58
4077627063,58
8620105269,58
3972566710,58
1214922426,58
1214922429,58
5177397821,58
5177397823,58
2140432704,58
5177397825,58
5177397822,58
5177397827,58
5177397828,58
5177397829,58
5177397830,58
1707790023,58
5177397832,58
5177397835,58
4150883407,58
5177410511,58
4859246418,58
237911,58
455705562,58
864817628,58
2360685543,58
6951230826,58
4034060012,58
1955520879,58
4034060017,58
4034060018,58
2265065203,58
2360681713,58
2265065207,58
4530012702,59
6261920914,59
282708,59
4316306166,59
4530012699,59
1536039932,59
6866779806,59
4530012703,59
2632464415,60
282719,60
2961540,61
1951616325,61
24661273,61
8807431546,61
2195965723,61
24950109,61
8807431551,61
2961549,62
385311590,62
1939558657,63
1939558660,63
9030155653,63
1939558661,63
8807431560,63
1939558667,63
2538458898,63
1939558674,63
2961557,63
1939558678,63
1939558677,63
1939558681,63
2195965722,63
1939558684,63
1939558687,63
7223326408,63
3139705121,63
1939558700,63
5218862786,63
2218344516,63
4866705606,63
2218362310,63
4866784251,63
7223326409,63
2218362314,63
5925584203,63
5925584204,63
7223326411,63
7223326414,63
7223326410,63
7223326407,63
7223326413,63
7223365368,63
2218344522,63
2218362316,63
24950101,63
7223365370,63
357999964,63
2218362332,63
7223365371,63
1731216865,63
212916714,63
1939558646,63
1939558647,63
1939558648,63
1939558649,63
1939558650,63
1939558651,63
7223365372,63
24659709,63
3215687074,64
2961891,64
9856119628,64
1312454086,64
1678452792,65
10572172,65
747893184,66
7610670913,66
7610670919,66
25503880,66
7610670921,66
7617755274,66
25503885,66
10572178,66
367106464,67
4240028580,67
4643337035,67
10572180,67
25471732,67
1236791478,67
25471733,67
25471734,67
4630855193,67
25503862,67
4650375357,67
1938953377,68
9856119619,68
1985084100,68
350437608,68
10572779,68
1816038230,68
25495770,68
10572785,69
8972511963,69
25496748,69
8972441127,69
8785568224,70
10572786,70
7847748059,70
1985084095,70
9693865890,71
8868824899,71
6369329158,71
8989843465,71
632447859,71
1366095189,71
5041784501,71
10607127,71
1596655163,71
5353604060,71
1326821504,72
20460691,72
2466449286,72
2466449287,72
2466449288,72
1326821513,72
2466449289,72
2466449290,72
1326821515,72
2466449293,72
20460686,72
20460681,72
2466449295,72
2466449294,72
20460690,72
2466449297,72
20460692,72
2466449296,72
20460694,72
20460695,72
10607128,72
4807796633,72
20460696,72
20460697,72
1326821525,72
1326821524,72
1326821539,72
1326821541,72
25632677,72
1326821557,72
1326821559,72
372978232,72
1326821566,72
256766529,72
1326821569,72
372978120,72
1326821577,72
1326821579,72
2466456399,72
2466456400,72
2466456401,72
2466456402,72
1939632526,72
2466456404,72
2466456403,72
2466456405,72
2466456406,72
2466456407,72
2466456409,72
1081508186,72
2466456408,72
1326821471,72
1326821613,72
1081508209,72
1326821490,72
2466449291,72
1326821502,72
9808795609,73
2632430342,73
2480657190,73
1954751914,73
1954751916,73
1954751918,73
4530057817,73
25497968,73
5060405461,73
10607129,73
9808795610,73
2466456411,73
2466456412,73
2466456413,73
2466456414,73
5470932256,74
10607629,74
7947057586,74
5468301555,74
2146369237,74
5470932252,74
5470932253,74
5470932255,74
8784159562,75
6467134931,75
10676799,75
6985373984,76
1312264610,76
1721713699,76
6985373983,76
1350430181,76
2406484454,76
2406484455,76
1782718791,76
9030121410,76
2406484452,76
9030155749,76
2406484460,76
2406484453,76
1312188714,76
9042053624,76
10677374,76
6985373982,76
7836155868,77
5043864464,77
1684511955,77
1718328435,77
7836155864,77
7836155867,77
1782724124,77
7836155870,77
10677375,77
10677376,78
2297373047,78
10677377,79
2387220933,79
7082240198,79
3517719434,79
1401416203,79
8318797234,79
8318797235,79
8318797237,79
212927414,79
25248118,79
8975529088,80
4462680067,80
9203541381,80
5374174120,80
1832248458,80
9781435147,80
5374183741,80
7203717550,80
5374174224,80
8975529084,80
5573931385,80
8975529082,80
8975529083,80
14672924,80
8975529085,80
8975529086,80
529722111,80
268997560,81
18382242,81
7553887392,81
9042027865,82
18393873,82
1725360097,83
18395811,83
8785441943,83
8785441944,83
5976853817,83
250550400,84
4992781189,84
2387240745,84
18398282,84
2387240747,84
8869472239,84
973101839,84
2387242386,84
1326821619,84
1326821460,84
8869472274,84
8869472247,84
4826555769,84
5609638014,84
2387207425,85
1938819330,85
1938819331,85
2387207426,85
25161351,85
1938819336,85
1938819335,85
25161366,85
2387212189,85
9021498664,85
1360122924,85
1678155318,85
2387209415,85
18468958,85
6369390690,85
6369390691,85
6369390692,85
6369390695,85
6369390696,85
6369390698,85
6369390699,85
6369390701,85
1938819317,85
1938819319,85
2387207417,85
2387207418,85
9024139132,85
9024139133,85
1938819326,85
18468961,86
8336028516,86
6369390694,86
25161352,86
6369390697,86
6369390700,86
6739026230,86
1938819320,86
1938819325,86
2387207421,86
9024139136,87
9024139137,87
18468962,87
7926506530,87
9024139138,87
9024139143,87
9024139144,87
2466442731,87
9024139134,87
7926506526,87
9024139135,87
18469130,88
9856119638,88
2642878568,89
2642878569,89
18469132,89
9856119637,89
1571298192,90
8868194778,90
20458275,90
20458277,91
2490721964,91
1312188845,91
8868001103,91
8868001104,91
250549587,91
1312188692,91
2934268020,91
4618510643,91
7926563545,91
1312188731,91
1312188988,91
20460680,92
968499092,92
4246525220,92
8975833904,92
8975833905,92
6978563378,92
6978563379,92
6978563380,92
6978563382,92
6978563384,92
8975833913,92
8975833912,92
8975833915,92
6978577985,92
4682627266,92
4682627265,92
1150003147,92
1150003532,92
1759454429,92
3763407460,92
5041784423,92
5067002867,92
6978531575,92
20460687,93
25497872,93
20965804,93
9693963701,93
9693963702,93
9693963703,93
9693963704,93
9693963705,93
9693963706,93
9693963707,93
9693963708,93
1326821564,93
1813618497,93
5238528591,93
1326821585,93
1326821596,93
5353604061,93
25497828,93
4369519204,93
25497829,93
4369519219,93
20625793,94
6301948477,94
9694032608,95
9694032609,95
20625800,95
585200818,95
9694032606,95
9694032607,95
5189042552,96
20626282,96
8675201272,96
5189042551,96
7824803490,97
7824747299,97
7824803492,97
7824803493,97
1536948646,97
7824747301,97
4085778920,97
7824747306,97
7824803500,97
20626301,97
1536948431,97
1536948529,97
5146186589,97
5146186590,97
9856119647,97
3796814729,98
20626310,98
20626311,98
1536948612,99
1536948517,99
7572522566,99
7572522534,99
20626312,99
25264998,99
7572522540,99
1536948652,99
4866475730,99
7572522547,99
4866475737,99
1536948631,99
1536948536,99
7572522585,99
1852996954,99
1572551227,99
20626315,100
7572522492,100
25505670,100
7572522513,101
20626316,101
9856119620,102
1360122917,102
9197322310,102
1360122886,102
1360122856,102
1236791433,102
21685484,102
1360122861,102
4076095834,102
4076095791,102
1360122845,102
9197326420,102
20955158,102
9805219991,102
9805219992,102
9805219993,102
9805219994,102
1360122873,102
2398924896,103
6369329154,103
20965798,103
20965799,103
6369329160,103
20965800,103
4428887946,103
2398924843,103
25500427,103
6369329165,103
1782729295,103
1782729296,103
6369329171,103
1326821587,103
2398924853,103
2398924855,103
104319,103
2398924898,104
9781311298,104
20965801,104
7946378607,104
7946378608,104
9310682079,104
2398924893,104
2398924863,104
20965805,105
20965806,105
21307200,106
1782718792,106
9030155753,106
9856119635,106
6985379285,106
6985379286,106
6985373980,106
4661317536,107
3328228994,107
3328228996,107
25524297,107
5177397418,107
21392267,107
3328229004,107
4663309171,107
4663312695,107
4663312696,107
4663312697,107
4663312698,107
21392273,108
3972566713,108
4859246420,108
21392276,109
9856119623,109
5603454625,110
6606135979,110
21392279,110
21523714,111
3145798533,111
4726152840,111
4726152844,111
4726152847,111
4726152848,111
3215685153,111
1312471208,111
5342236733,111
9694087358,111
9694087362,111
6465896909,111
6218501713,111
6218501715,111
6218501717,111
471488469,111
6470264535,111
6470264536,111
4688513241,111
1678283238,111
1678283242,111
1678283244,111
1678283247,111
6218501746,111
7797330549,111
21523715,112
4195103055,112
8042022825,113
250324965,113
21523718,113
1014649631,113
5335233120,114
2934288514,114
5009060057,114
21523719,114
5573991659,114
5573991660,114
4138224462,114
5335233119,114
5335233113,114
5335233114,114
2934288509,114
5165786239,114
21563489,115
21563481,115
1707790085,115
4719617974,115
9659603285,116
21578454,116
5119652864,117
5119652865,117
26678171,117
8645592521,117
1953202903,117
25495858,117
26678166,117
26678167,117
25495640,117
5119652862,117
21578459,117
25495646,117
5119652863,117
8373690817,118
8373690818,118
21583366,118
4017328647,118
1419565097,118
7223668011,118
7223668012,118
5006063180,118
5006063179,118
5006065039,118
1782730512,118
5006065037,118
5006065038,118
7223704403,118
4764884821,118
33141178,118
1148276284,118
7223712382,118
21685481,119
1837610895,119
1360122929,119
25500530,119
1360122933,119
1163955034,119
4331121755,119
269547420,119
4331121754,120
21685483,120
4370333648,121
21685485,121
4462683090,122
21686572,122
21686574,123
4462680070,123
1493676622,124
21990614,124
5565466183,124
1771453860,125
9375170323,125
9375170326,125
28728187,125
21990620,125
4556931602,126
4556931604,126
21990622,126
21990624,127
21990625,127
2003007012,127
4835108998,127
4835108999,127
9710348827,127
250327100,127
9710348828,127
21990627,128
475396924,128
8672066581,128
7636180239,128
8923643490,129
21990628,129
9030155750,129
9030155754,129
1719422038,129
9856119639,129
8923643489,130
21990629,130
5875062472,130
9042053623,130
5565443389,130
9693628386,131
5565443397,131
21990630,131
9808795603,131
5565443390,131
1312264546,132
1755265415,132
21990631,132
5042033643,132
9042025325,132
21990632,133
9030155751,133
1718566880,133
1326821568,134
21990633,134
9820523913,134
1326821487,134
1326821489,134
25470166,134
1326821624,134
1938953433,134
25497599,134
9820523914,135
9820523915,135
9820523916,135
9161061776,135
9693963678,135
9693963679,135
9693963680,135
9693963681,135
9693963682,135
9693963683,135
9820538017,135
9820538018,135
9820538019,135
9820538016,135
710657963,135
9820538028,135
4571238064,135
7947041713,135
4571238067,135
4571238068,135
1938953403,135
1938953406,135
9820537921,135
9820537922,135
1938953413,135
1938953414,135
1938953417,135
1326821457,135
1938953430,135
1938953431,135
1938953432,135
1326821465,135
9820523869,135
9820523870,135
9820523871,135
9820523872,135
1938953437,135
108393,135
21990637,135
21990638,135
422573549,135
25497340,135
25161360,136
24659764,136
7906964247,136
7906964248,136
7906964249,136
7906964250,136
7906964251,136
24659907,137
24659947,137
24949780,137
1311961990,137
9693920801,138
9693920794,138
9693920795,138
9693920797,138
24660863,138
1312453954,139
24661966,139
25544111,139
1312454066,139
1312454100,139
1312453915,140
24662037,140
1312453966,140
5095547184,141
24950013,141
5095547180,141
24950005,141
2389802904,142
24950050,142
2389802901,142
2279592862,142
24950064,143
5218844445,143
5218844446,143
5227220848,144
24950065,144
5227220845,144
8869435257,145
8869435266,145
7567588716,145
24950093,145
8807429664,146
2387226304,146
2387226307,146
2387226309,146
2387226311,146
2387226313,146
9691082671,146
24950097,146
9024139130,146
1951616327,147
8807431559,147
5095547321,147
24950102,147
24950105,147
25248114,148
24950107,148
9030155654,148
9693920803,149
24950110,149
24950111,149
24950112,150
25248126,150
24950113,151
4748394420,151
8807431541,151
385311796,151
1721678995,152
316763501,152
24950117,152
24951853,153
4922952373,153
9693760971,154
24951854,154
5046314041,154
5046314042,154
5046314043,154
25632860,154
24952195,155
2528522503,155
2528522507,155
2528522518,155
1556324759,155
2528522528,155
6985465124,155
6985465125,155
6985465130,155
2528522542,155
6985465145,155
1556324793,155
9694091972,155
9694091973,155
1556324683,155
1556324684,155
3385387604,155
3385387605,155
3385387606,155
4117882851,155
4117882852,155
4117882856,155
4117882857,155
4117882860,155
24952267,156
6166157035,156
25066338,157
25066412,157
8807429665,158
5090420610,158
3517985666,158
5090420964,158
25161348,158
5090420614,158
25066419,158
9024139131,158
8807429660,158
5090420958,158
5090420959,158
25066451,159
25066453,159
5047029678,160
25066461,160
25066462,160
25066684,161
1536948581,161
1852997088,162
25066784,162
25066694,162
25066696,162
25161353,162
4866591373,162
4866591374,162
4866591375,162
4866591376,162
3816097105,162
3233714196,162
3233714198,162
9856119645,162
3233714192,163
3233714193,163
3233714194,163
3233714195,163
3233714197,163
25067068,163
25067264,164
25067265,164
2566132609,164
1569382119,164
1569382170,164
1569382174,164
2504822145,165
25067266,165
25067267,165
1852996996,165
2504822137,165
2504822139,165
6509584414,165
25067304,166
2566132610,166
2566132611,166
9753609738,167
9753609739,167
9753609740,167
9753609741,167
9753609742,167
9753609743,167
9753609744,167
9753609745,167
9680972178,167
9680972177,167
9680972185,167
25161373,167
7824747295,167
7824747298,167
7824747300,167
7824747302,167
7824747303,167
7824747304,167
7824747305,167
25067307,167
7824747308,167
7824747307,167
6967585841,167
6967585842,167
1827389620,167
1782727992,167
700774224,167
950703625,168
950703626,168
5146186489,168
25067326,168
1726783391,168
25067395,169
25067396,169
25067397,169
5146186470,169
5146186463,169
9856119646,170
25067427,170
25067398,170
5104314255,171
5104314275,171
25067461,171
25067463,171
5104314256,172
5104314384,172
25067469,172
25067470,172
5104314353,173
25067727,173
1569343756,173
25067479,173
1569343909,174
25067558,174
25067728,175
5104314096,175
5104314098,175
5104314325,175
25067670,175
1569343576,175
1569312412,176
25067933,176
25067871,176
1569343523,177
5141216745,177
25067883,177
5141216790,177
25067914,178
7911231380,178
1722621718,178
7911231384,178
1569216123,178
25161375,178
5141228834,178
1569216316,178
4085783105,178
6446292570,178
5141216740,178
5141216741,178
7911267687,178
7911267688,178
7911267690,178
7911267692,178
7911267694,178
7911267695,178
7911267696,178
9659831675,178
25265023,178
25067920,179
9659831673,179
9659831674,179
1569216326,179
25067936,180
5141216746,180
5141216782,180
25067935,180
25071090,181
25071131,181
25151180,182
1832129958,182
25161345,183
1771426172,183
7836164765,183
5087519104,184
25161347,184
5090420965,184
5247857728,185
9691101411,185
9691101412,185
25161357,185
2387194158,185
5141877019,185
25161361,186
7223298253,186
1569343577,187
25161362,187
9856119651,187
9856119649,188
5141216754,188
25161363,188
9042026424,189
25161371,189
9856119636,189
6032044867,190
25161380,190
25161381,190
2218344518,191
1939558664,191
25248112,191
1939558673,191
3816097106,191
3715515059,191
3816097107,191
2218344498,191
1312188886,191
2218344503,191
2218344509,191
8318797236,192
25248117,192
7636163631,192
25248120,193
4688513218,193
3816097108,193
25248125,194
1211381855,194
4077579334,195
7911267686,195
1727515754,195
7911267693,195
473258639,195
25265075,195
25265078,195
763372886,195
4166634955,196
7911243856,196
7911243857,196
4166634962,196
7911243858,196
25265077,196
3887941013,196
25265079,196
4085783099,196
2059790748,196
25504129,197
1938819340,197
4383369519,197
4383369553,197
25470781,197
25470784,198
4379801334,198
25470783,198
25471681,199
4630855202,199
4630855203,199
4630855204,199
4630855205,199
25503841,199
8373690842,199
1726730303,199
25471736,200
25503860,200
7271474849,201
321255907,201
25472324,201
4675821944,202
25472379,202
4675821925,202
762080111,202
25472545,203
25472566,203
1882379274,204
1882379248,204
1882379285,204
4425001783,204
25472760,204
25472763,204
3247578846,204
4823246341,205
4425001781,205
4425001782,205
25472767,205
7447716112,206
25472789,206
9161061774,206
25472800,207
4571194090,207
4571194091,207
1954751920,207
2036125650,207
2940401398,207
6014339453,207
1684835105,208
1684835107,208
3739048019,208
3739048020,208
3739048021,208
25472885,208
1311962080,209
9042129985,209
1311961868,209
25473200,209
6871422362,209
25473203,210
5067002855,210
9042129986,211
1215563885,211
25473204,211
25473205,211
1215563897,211
6871422364,211
1759454078,211
1759454118,212
1759454122,212
25473206,212
25473207,212
1759454104,212
1366095190,212
1759454106,212
5041784634,212
6871422365,212
4136124526,213
4078858000,213
4078858001,213
585127354,213
25473279,213
869968536,214
25473281,214
8579276917,215
9694104278,215
25474015,215
9694091974,216
9694091975,216
9694091976,216
9694091977,216
9694091978,216
6149398571,216
9694091981,216
25475053,216
9694091983,216
9694091982,216
1312471255,216
1312471228,216
25475072,217
9135848925,217
9690769059,217
7236131864,217
585180151,217
7236131865,217
6332695637,217
6332695638,217
9135848919,217
9135848920,217
9135848921,217
9135848922,217
9135848923,217
9135848924,217
6332695639,217
7236131861,217
7236131862,217
25475331,218
8263157412,218
8263157416,218
1617647945,218
8263166218,218
8785503917,218
8373690845,218
8373690846,218
9135845216,219
9690878344,219
25475417,219
9135845213,219
9135845214,219
1233350889,220
9856119626,220
9856119627,220
283061836,220
3231501611,220
1233350862,220
4166967089,220
675734610,220
675734613,220
25475419,220
675734622,220
25475561,221
9690878337,221
1312471265,222
9699953505,222
1312471202,222
25475661,222
1312471252,222
1312471223,222
4715264000,223
6014302222,223
6014302223,223
6014302226,223
6014302227,223
6014302228,223
1312932894,223
4136137529,223
9690915259,223
9690915263,223
9690915264,223
9690915265,223
9690915271,223
9690915273,223
9690915274,223
9690915275,223
25475663,223
25475664,223
4167762778,223
4529881970,223
8429945717,223
9576827481,224
25475674,224
9576827482,224
6525671279,224
8784000965,225
25475678,225
25475688,226
25475690,226
25499095,226
25499104,227
25475691,227
4297212128,228
4297212129,228
25475692,228
4298970368,229
4297212194,229
4298970380,229
25475693,229
4297212204,229
4298970384,229
4297212084,229
355416920,229
4298970364,229
9823138208,230
9823138209,230
25475694,230
25475695,230
4297211186,230
4297211187,230
435104728,230
355416921,230
9823138206,230
1326821607,231
1326821594,231
25475696,231
25475697,231
25475698,231
435104726,231
1326821466,231
6273056647,232
6239229422,232
25475699,232
1326821620,232
9693963699,232
6272993491,232
25475754,233
1816777875,233
4297243298,234
4297243218,234
4297212114,234
25475767,234
748797145,234
4297212119,234
4297243295,234
4920098349,235
5931509720,235
5931509721,235
25476124,235
25476127,235
3515286914,236
3515286915,236
3515286916,236
1493676623,236
25477106,236
25477153,237
26067234,237
1312188994,237
1954751908,237
7644884069,237
26067236,237
1312189091,237
26067238,237
3320743081,237
26067235,237
1312188622,237
1312188689,237
1312188760,237
1312188858,237
25477149,237
25477150,237
1312188735,237
25477152,238
25477156,238
1312188774,238
26067239,238
1312189013,238
5006764040,239
25477154,239
5006764037,239
3093894065,240
25477197,240
2402557839,240
3858880674,241
9027340515,241
9027340516,241
9027367517,241
5925628361,241
249558409,241
25477228,241
1042862477,241
9808795598,241
1042862673,241
6304787860,241
9766629717,241
25477301,241
6304787861,241
3735886877,241
9027367518,241
25477258,242
347541973,242
3858880675,243
25477335,243
3858880676,244
57786953,244
3673602988,244
9808795599,244
9203578107,244
9203578106,244
25477339,244
28419328,245
5257738379,245
5257738381,245
5257738384,245
9808795600,245
1039290578,245
5257738387,245
5257738389,245
5257738390,245
1039290586,245
25477371,245
806373533,246
25477774,246
819157946,247
25477858,247
4556931603,247
3661703766,247
1832052008,248
338472562,248
25495542,248
338472567,248
1832129783,248
1832227893,249
25495543,249
25495769,250
25495618,250
25495695,250
25495697,251
9856119622,251
25495808,252
1832227968,252
2453941147,252
343669798,252
1364169899,252
1832228016,252
1953202907,252
25495807,252
1834657467,253
25495820,253
1834657469,253
6354294763,253
4275394254,254
25495822,254
447887921,254
350437528,254
5899738713,254
6828927809,255
6828931875,255
1148249927,255
6828921209,255
25495824,255
1707790105,255
6828921210,255
6828921211,255
5736847361,256
5736847362,256
5736847363,256
5736847364,256
25495852,256
749947393,257
749947402,257
25495854,257
25495855,257
350629203,257
269584410,257
470727776,258
25496100,258
317930380,259
4211515637,259
4211515622,259
25496775,259
25496786,260
1985084135,260
2453947049,261
8787384684,261
8787384685,261
8787384686,261
25496792,261
5060391417,262
25496820,262
321255925,262
1832129795,263
4077495820,263
4077495821,263
25496847,263
25496848,263
25496849,263
25496850,263
5504212623,263
4730978978,263
4730978981,263
4730978982,263
1684437690,263
1684437692,263
1655214934,263
25497563,263
25497564,263
1655214955,263
6124650606,263
1832129778,263
4076126707,263
25496857,264
4730978984,264
9161061779,264
9804471701,264
25496854,264
5948183671,264
9804471702,264
1938953399,264
25496855,264
9203537438,264
9203537439,264
9804653408,265
25497611,265
25497612,265
1813618227,265
1813618228,265
1813618229,265
1813618230,265
4870281309,265
9804653406,265
9693963689,266
7075087298,266
25497619,266
7075087297,266
25497824,267
435104715,267
435104717,267
255860415,267
2135411308,268
25499655,268
25577057,269
1726730307,269
2140421219,269
2140421224,269
25500535,269
8336028504,269
4328443355,269
7617785713,270
25503845,270
1678452802,271
2140421220,271
2140421222,271
2140421223,271
2387213896,271
8785457867,271
1793420652,271
9024139149,271
2387213902,271
25504143,271
2387213904,271
9024139150,271
1726730162,271
1726730165,271
8336028505,271
3497483291,271
1678452797,271
1678452799,271
25504144,272
7607077372,272
25504145,273
25504146,273
25504148,273
1835355916,274
1793420660,274
25504149,274
1707790044,274
4232015838,274
367105858,275
25504755,275
367105859,276
1268892466,276
1268892467,276
25504756,276
4089226784,277
4085767970,277
9684083971,277
419350723,277
9684083975,277
9684083976,277
9684083977,277
4089236235,277
4089236236,277
419350669,277
25504760,277
6509584408,277
7223709664,278
25504769,278
1311961826,278
1707790052,278
7223709669,278
7223709668,278
5006978856,278
5006978857,278
7223728617,278
319984684,278
1707790029,278
973158035,278
1771426165,278
8336028509,278
7223709662,278
3704225380,279
1828402765,279
1938819284,279
1938819285,279
1938819286,279
9691102358,279
25505624,279
25505561,279
25505622,279
107644,279
25505593,280
25505630,280
7572833379,281
7572833380,281
25505607,281
25505618,282
25505643,282
1828402762,282
3704225376,283
3704225379,283
4962956931,283
1828402760,283
9611081868,283
25505677,283
1938819282,283
1938819283,283
9691102362,283
25505629,283
3704225375,283
419347200,284
419347201,284
419347202,284
419347203,284
2919962038,284
354935735,284
2919962039,284
2919962040,284
2919962042,284
473262779,284
2919962044,284
2919962043,284
2919962041,284
2919962045,284
2919962046,284
3267461709,284
5976850023,284
5976850024,284
25505648,284
3267461749,284
419347194,284
419347195,284
419347196,284
419347197,284
419347198,284
419347199,284
1828402763,285
1828402764,285
2142508727,285
25505662,285
25505695,285
1852996856,286
25505685,286
1852996734,286
2343269909,287
9201323564,287
25509525,287
1938819346,288
25509526,288
9201323575,288
25532384,289
5238587994,289
1951616319,289
25532464,290
25532475,290
8807410152,290
1418752708,291
5340811717,291
1312454090,291
1312454058,291
1312454061,291
25544110,291
1312454029,291
1312453999,291
1418752721,291
1312454031,291
5340811829,291
5340811830,291
7911243863,291
2632464427,292
25632683,292
5711517571,293
2632430340,293
25632774,293
275180300,293
9161061775,293
2331184927,293
2331184929,293
2331184930,293
2331184931,293
2331184932,293
2331184934,293
2331184935,293
1723388979,293
446765895,293
4703542482,293
4703542483,293
9808795606,293
9808795607,293
9808795608,293
6525670234,293
6525670235,293
6525670236,293
6525670237,293
6525670238,293
2135411294,293
2135411296,293
2135411297,293
6525670242,293
6525670241,293
4571940314,293
3076574323,293
25632856,294
1215563903,294
1215563879,294
25632855,294
6369329152,295
1215563875,295
7553887498,295
7553887509,295
1215563894,295
9855343702,295
9310662201,295
25632858,295
1771426174,295
316763600,296
316763586,296
25632859,296
9856119643,297
25632862,297
25632864,298
25632865,298
1215563890,298
244128953,298
25632863,298
5306194265,299
25634199,299
7271474855,300
7271474856,300
761831060,300
32921720,300
26374236,300
1039290562,301
3550836102,301
251757452,301
27351282,301
251757458,301
27351284,301
1039290584,301
367114771,302
27458331,302
1312453919,302
2967343648,302
1312454048,302
2967343649,302
5931501991,302
27458353,302
1547013692,302
1312453950,302
1547013698,302
5342236740,302
9710359368,302
5335245256,302
3708234964,302
471488472,302
1312454114,302
471488484,302
1550763620,302
1547013743,302
367121266,302
1312454015,302
9080098305,303
9080098306,303
9080098307,303
9080098308,303
1014803714,303
1014803718,303
6995618979,303
9080098312,303
9080098313,303
3528711722,303
9080098314,303
27459116,303
3528711693,303
27459120,303
302013776,303
1939632502,303
255051289,303
9703794686,303
1014803736,304
3528738434,304
2935392676,304
9080098309,304
3528738438,304
1014803721,304
3073173585,304
3528710290,304
27459638,304
9030037142,304
2914561272,304
27459165,304
9693974851,305
9703794692,305
9703794693,305
9080123623,305
429346236,305
27459198,305
9694087361,306
21523716,306
27460198,306
1014649672,306
3247933387,306
27459830,306
6995618971,306
9694087359,306
27459905,307
1312471267,307
1312471210,307
1312471217,307
1312471190,307
1312471197,307
27459969,308
1043001378,308
1043001410,308
27459970,308
27459945,308
27459951,308
1043001423,308
27459959,308
6218501753,308
27459966,308
2934288513,309
5165786242,309
27459971,309
3906588452,309
2934288517,309
2934288518,309
5165786245,309
2934288523,309
2934288530,309
27460250,310
7487734942,310
4054356847,310
2969439040,311
1233350848,311
2612458246,311
9080123624,311
9080123627,311
27460439,311
5904585328,311
377490677,311
2872699894,311
3220254039,311
7911297478,312
302013674,312
302013675,312
7911297487,312
3486459764,312
3486459765,312
27480956,312
3486459766,313
3735889430,313
7815143581,313
347542743,313
27480957,313
27480960,314
9678821156,314
9678821159,314
9678821160,314
9678821161,314
3486459769,314
28193265,315
3170676207,315
3892081378,316
4344245894,316
1014803686,316
7817162929,316
1014803702,316
1014803704,316
3894948093,316
28418138,316
3894948091,316
3892081373,316
2140124996,317
249679365,317
7797338599,317
7797338600,317
1014803691,317
302013681,317
4244498866,317
302013682,317
28418141,317
28418144,318
4344245892,318
4344245893,318
9693910743,318
28418497,319
3858880678,319
429346243,320
429346253,320
9693971450,320
9693971451,320
9693971452,320
28418877,320
28418880,321
4629462859,321
4534184516,321
28418879,321
3984132034,322
3984132035,322
3984132037,322
302013708,322
4422013486,322
28418929,322
4244498867,322
4244498868,322
28728210,323
7191329811,323
1755708646,324
1755708647,324
1755708648,324
1758552521,324
1758552522,324
28800660,324
973128725,324
9693929369,324
1401908258,325
28800661,325
250550174,325
1311961985,326
1311962043,326
28800662,326
1755708737,327
1755708738,327
1755708739,327
9693903657,327
28800664,327
1755708730,327
1755708732,327
5565443391,327
2990651920,328
2990651921,328
28800666,328
5041945508,328
1755265444,329
5041945479,329
2990721389,329
8869464398,329
1755265428,329
1755265432,329
28800670,329
5046314073,330
5046314090,330
28800671,330
28800672,331
9856119642,331
8869435290,331
5247852872,332
316763513,332
5046314091,332
5046314092,332
316763500,332
28800689,332
5224630617,332
9693730842,332
5046314077,332
5046005758,332
9694087365,333
30056255,333
30056330,334
5580861156,334
707377287,334
1771453217,335
4729385030,335
4729385031,335
1238259337,335
4530011788,335
59526352,335
4530012690,335
6261920915,335
4530012691,335
4530012692,335
249470452,335
1731225566,335
3499567135,335
347335859,336
8868010205,336
213668839,336
250549699,337
250549700,337
8868010279,337
8868010280,337
8868010281,337
8868010218,337
213668842,337
213668844,337
8868010221,337
8868010202,337
1685272862,337
1719422032,338
213670986,338
245200970,339
4211515891,339
8256049399,339
347539416,340
7815533546,340
7815533548,340
249558966,340
7900221088,341
249560091,341
9021491075,341
7900221087,341
3528738439,342
3528738440,342
2934411661,342
2934411667,342
6280047277,342
6280047278,342
6280047280,342
5160943793,342
5160943794,342
5160943803,342
9375078973,342
5160943806,342
9375078975,342
9375078974,342
4144358216,342
4144358217,342
9375100241,342
9375100242,342
9808795602,342
251757533,342
1771458655,342
1771458658,342
1939632504,342
249679102,342
4116809028,343
249679343,343
250325410,344
3787645606,344
3787645607,344
3787645608,344
3787645609,344
3787645610,344
5492419692,344
9856119632,345
3334162601,345
250325411,345
9710304459,345
250327037,346
1310663631,346
9693628387,347
9693628388,347
347335878,347
2642612586,347
250327576,347
1326821544,348
8868010287,348
250327591,348
250327618,349
9030155756,349
7151566952,350
250327660,350
338319877,350
1312189057,351
354886082,351
1312188741,351
250549670,351
1312189098,351
1312188722,351
1312188660,351
1312188694,351
1312188824,351
1312188955,351
251892353,352
251892475,352
5925626141,352
5925626142,352
3930921860,353
3708234957,353
4230027057,353
251892564,353
843376599,353
4835109000,354
255678213,354
4072083345,355
259252667,355
262078536,356
3267461752,356
3267461742,356
1678452753,357
473266627,357
268124583,357
4378043667,358
269547419,358
4378043661,358
4378043662,358
9051462722,359
6855696495,359
6855696498,359
627985397,359
275179893,359
275179767,359
6855696504,359
283062189,360
690295047,360
6855696497,361
6855696500,361
6855696503,361
2112030873,361
291951643,361
302013672,362
3486459762,362
6345441358,362
1312264577,363
794039687,363
1312264648,363
9042133642,363
1312264524,363
7836155865,363
316763548,363
1782724125,363
316763559,364
316763561,364
2990806411,364
2990806413,364
1758554286,364
2990806415,364
2990806416,364
9041828942,364
1759454163,364
316763584,365
5046627553,365
1215563891,365
5046627645,365
316763595,366
316763590,366
323260106,367
1816038214,367
6108171363,368
8975700260,368
343669791,368
7815143559,369
347541965,369
7911297463,369
1145174402,370
4571241384,370
9820538031,370
355416887,370
355416890,370
355416892,370
3257317059,370
9820537936,370
9820537937,370
9820537940,370
9820537941,370
9820537942,370
9820537943,370
9820537944,370
9820537946,370
1165343843,370
4729480808,370
4571244658,370
4571244663,370
4297242961,371
1913216493,371
4158004390,371
355416911,371
367104392,372
5114681227,372
5114681230,372
9781311297,373
4034060007,373
419632906,373
4034060015,373
368044217,373
8620272571,373
2360684188,373
1312932832,374
7644741346,374
9703827555,374
6110164647,374
377490664,374
9080123628,374
9690975244,374
1312932879,374
1312932849,374
4534184507,374
4210859292,374
429346241,375
9703794694,375
9703794695,375
9703794696,375
9703794697,375
9693971464,375
4223357836,375
3987750679,375
9693971448,376
429346251,376
6273056648,377
435104721,377
6272993492,377
6239229423,377
1723340842,378
435104742,378
7918978033,379
438170475,379
4860803960,380
1835356021,380
441958990,380
1938819296,381
3474115148,381
1655418222,381
3816097103,381
2140420434,381
470729237,381
1938819290,381
2215139515,381
1938819293,381
471488499,382
4847781268,382
1493722803,382
9703794688,383
9703794689,383
9694087360,383
472493763,383
9080123619,383
9080123618,383
6969936109,383
6969936112,383
9703794687,383
473219610,384
8814668141,384
5104314222,384
25161386,385
473258827,385
3644748773,385
473264457,386
1268903266,386
473264641,387
4627445258,387
4627445259,387
4627445260,387
4627445240,387
4627445241,387
585129712,388
1312471258,388
9683585635,389
4085387943,389
4085387945,389
7246486955,389
4136124524,389
585148380,389
1561411396,390
585201189,390
8579276918,390
4462680068,391
7840712839,391
4462680078,391
1360122901,391
595709975,391
5573994014,391
5573994016,391
5573994017,391
5573994019,391
5603454628,391
5603454627,391
1360122919,391
1360122925,391
1938953395,391
1360122937,391
6329690691,391
8975645638,391
8975645640,391
8975645641,391
4512763348,391
1360122841,391
5460658138,391
1360122860,391
5839156209,391
1360122866,391
1360122871,391
8869472240,392
632438506,392
20460684,392
4992781175,392
3068267824,393
670103313,393
680069483,394
680069471,394
690295042,395
9690878343,395
4715264001,396
4715264002,396
4715264004,396
722208263,396
4715263992,396
4136137530,396
819132568,397
748941508,397
1684781470,397
748941552,398
4195111363,398
4195111355,399
748941556,399
4661317153,400
4661317155,400
1617647919,400
761830938,400
1617647901,400
761831000,401
761831039,401
763372884,402
7911243861,402
2496836226,403
2496836231,403
1255490314,403
1150003513,403
806373565,403
6446218921,404
6446218922,404
811035012,404
1556097271,404
1939632514,405
1939632519,405
9042120207,405
3870640530,405
3870640547,405
3870640548,405
1326821561,405
1312335310,405
5238500312,405
1326821592,405
5238500313,405
873684193,405
2387245026,405
2387245027,405
2387245025,405
2387245029,405
9030155757,405
9030155758,405
9030155759,405
9030155760,406
9030155762,406
914822492,406
4992781180,406
9042037853,406
914822496,407
914822508,407
5927671121,407
5927671156,407
9030155767,407
2990780037,408
2990780039,408
1758554289,408
1758554291,408
968499093,408
1758554294,408
1755708768,409
1758552678,409
1758552682,409
2990717003,409
1759454351,409
973128722,409
1755708765,409
1755708766,409
1042862696,410
3858880677,410
109766,411
7911297486,411
1042862726,411
8515091589,412
1043001422,412
1939558659,413
1939558663,413
1939558666,413
1365887500,413
1312264600,413
2387224474,413
2387224475,413
1046391070,413
9021535020,413
2218362306,413
8579522887,413
9021504716,413
1733389278,413
2218362336,413
2218362849,413
4866976610,413
4866976611,413
2218340965,413
4866976613,413
4866976614,413
4866976617,413
2218364543,413
5473274866,413
8869435258,413
2218364541,413
1939558655,413
7223326412,414
4835108997,414
1144619335,414
1150003155,415
9808795611,415
1150003224,416
1150003170,416
1309067472,417
1684835245,417
1150003270,417
1150003472,418
25473202,418
9042129984,418
9042129983,418
1150003480,419
1150003547,419
5565487612,419
4682627264,420
1150003571,420
256766533,420
6978563381,420
9024139145,421
9024139146,421
9024139147,421
9024139148,421
3518967818,421
1707790062,421
1163954964,421
1268892541,421
1236791506,422
4378043283,422
4378043789,422
6988528038,423
25509513,423
1236791535,423
9197589238,423
1938819351,423
1938819350,423
1236791555,424
5880186828,424
5880186827,424
4167762777,425
3855607516,425
1237883773,425
1238249904,426
7900221108,426
1736734053,426
2140125056,426
1268892338,427
1268900660,427
1280491924,428
1280491926,428
2402557599,428
2387232555,428
2387232556,428
2387232557,428
2387232559,428
2387232561,428
2387232563,428
3741117630,428
1722268367,428
9856119633,428
1722268381,428
1722268384,428
1722268388,428
5492419693,428
8236052983,428
8236052987,428
8236052988,428
8236052990,428
8236052991,428
2624005734,429
4807521484,429
1309067471,429
3741131600,429
7636278193,429
4826555772,429
9030155763,429
7636244312,429
7636278195,429
7636278196,429
7636278198,429
1723315608,429
7636244313,429
7636244314,429
9042037852,429
25473201,430
1311961947,430
1311962012,430
1311962111,430
1311962016,431
1938819328,431
8336028512,431
6369390693,431
1782728999,431
1311962122,431
6369390702,431
8336028511,431
2387207423,431
4726152857,432
1312188619,432
8318757606,432
5565455857,433
1312188679,433
1312188704,434
1312188883,434
1312188797,434
1312188768,435
4726152854,435
9781190369,436
1312188821,436
3499500263,436
1312188843,437
26067237,437
3741078112,438
5006764038,438
5006764039,438
9693935550,438
3892081372,438
1312319838,438
9693935551,438
1312453936,439
1312453879,439
3381130089,440
1678245252,440
9781190366,440
1312454038,440
3272782433,441
3272712566,441
1312454087,441
25496910,442
1312471189,442
9690974262,442
9690974275,443
9690974276,443
9690974277,443
9690974278,443
4920098342,443
4920098343,443
6266867113,443
6266867112,443
6266867114,443
6266867111,443
9699944538,443
1312471196,443
1312471226,444
25497603,444
1319881922,445
4730978979,445
1319881924,445
4730978983,445
25496851,445
256766531,446
3739049348,446
1326821480,446
2387242385,446
4826555770,446
1343823418,447
250550023,447
1353133536,448
4643336966,448
4643336968,448
4643336979,448
1353133533,448
1782725824,449
8336028514,449
1401926435,449
2387194148,449
2387194150,449
9021504714,449
9021504715,449
2387194123,449
2387194126,449
2387194127,449
2387194128,449
7836155869,449
2387194131,449
6369401334,449
9781190365,449
1493658224,450
1685281076,450
1536948474,451
1852996875,451
8785024515,452
8807410151,452
9856119631,452
1547013554,452
1547013589,452
1547013719,452
1547013592,453
1547013724,453
1547013621,454
1547013694,454
1547013567,454
4402629177,455
1547013655,455
1547013672,456
1547013705,456
8807410149,456
9856119630,456
1547013699,457
1550763732,457
1547013704,458
1547013653,458
9694096799,458
1547013760,459
8785024514,459
1547392848,460
1547392818,460
1547392728,460
1547392764,460
1547392894,460
1547393025,461
1547392771,461
1547392914,461
1547392951,461
1547392927,461
1547392865,462
1547393045,462
1556097034,463
1556097387,463
1556097147,463
1556097215,463
1556097153,464
1556097448,464
1556097227,464
5905896973,464
1556097166,464
1556097177,464
1556097178,464
1556097051,464
1556097185,465
24952196,465
1951372935,465
4085404136,465
1556097321,465
1556097163,465
4018000435,465
1556097080,465
1951372927,465
4777897927,466
4777897928,466
1556097098,466
1556097137,466
1951372915,466
1556097368,466
1556097118,466
1556097139,467
5905897286,467
1556097111,467
1556097136,468
6918421512,468
6918421503,468
1556097337,469
1556097148,469
1556097245,470
5189042550,470
1951372909,470
1556097217,471
1951372930,471
1561071655,471
1561071656,471
4085404135,471
1561071632,471
1556097431,471
1556097306,471
1556097320,472
25532494,472
8807410150,472
1556260241,473
1556260235,473
5976760443,474
1556324659,474
1569216650,475
1951616226,475
5473273425,476
24950114,476
1569216662,476
1571298195,477
1571298141,477
1590088452,478
1561071644,478
9805219990,479
1596648671,479
1599652497,480
5504771250,480
1599652492,480
3519872213,481
1609966653,481
3265436678,482
3265436680,482
3265436686,482
3265436688,482
3265436692,482
1617532087,482
1617532088,482
1617532090,482
2775635677,482
4697288390,483
5146127859,483
367102039,483
1617596505,483
4696545402,483
25473048,484
4665353645,484
8373728533,484
1617596591,484
1617596593,485
3328228993,485
4661317524,485
3328228998,485
1617596616,486
1617596615,486
1617596627,487
1617596669,487
1617596646,487
1617596659,487
25475182,488
1617596686,488
8373690820,489
9856119621,489
1617596714,489
8785503918,489
8785503919,489
8785503920,489
8373690843,489
8373690844,489
1617647898,490
1617647900,490
8373728532,490
1617647903,490
1617647928,491
1617647931,491
1617647924,491
1617647944,492
8373728530,492
25475332,492
1951616261,493
1951616284,493
1678226917,493
1951616270,493
1678452770,494
4085767971,494
4085767974,494
1828402758,494
1828402759,494
4085767978,494
4085767980,494
4085767983,494
4085767992,494
3267461747,494
2620105428,494
4085767989,494
1678452760,494
4085767993,494
9729684314,494
1536948605,494
9684083967,494
1678452786,495
3474115151,495
7610670751,495
7610670876,496
1678452789,496
7610670826,497
7610670830,497
7610670771,497
1678452790,497
7610670780,497
7610670781,497
7610670906,498
1678452791,498
1678452793,499
7607077361,499
1678452795,500
8336028508,500
2387213899,501
8336028507,501
1678452796,501
5006978853,501
1684835042,502
1684835138,502
1684835110,502
8868809321,502
1684835019,502
6014333809,502
1684835121,502
1684835093,502
1684835030,502
1684835062,502
1684835097,502
1707790024,503
4658088777,503
1707790055,504
1707790057,504
4650375309,504
1707790063,504
1707790064,504
4650375508,504
6327615074,505
6327615075,505
6327615076,505
4658088585,505
4650375504,505
1707790067,505
4658088539,505
1955520890,505
3972566715,505
3197333544,506
7191329809,506
1711679380,506
1711679434,507
9375170322,507
9375170324,507
250549835,508
1718566997,508
1718567007,508
9804685199,509
9804685200,509
9804685201,509
9804685202,509
1723388986,509
7620895974,510
25161384,510
1727515734,510
4530012704,511
1771453218,511
4530012695,511
6369329155,512
6369329159,512
4076095242,512
25497613,512
6369329170,512
4076095253,512
1813618231,512
1813618232,512
1813618234,512
3320947996,512
4076095262,512
5041784633,513
1813618358,513
5014591889,514
1816038239,514
1816038199,514
4158000323,515
1816959492,515
4211515621,516
108903,516
1830276654,516
4211515569,516
8256049397,516
1832248457,517
5573931377,517
5374183742,517
3704225378,518
4085778923,518
1938819279,518
9684101713,518
4085778934,518
4143767990,518
1938819280,519
9684083979,519
1678452780,519
4401156476,520
1938819292,520
4729448869,520
1938819294,520
1939558672,521
4866807989,521
2218344501,521
1939558671,521
1939558697,522
2218362321,522
1939558701,522
1939632512,523
4826555773,523
7824803494,524
7824803495,524
7824803501,524
4166634957,524
9072449309,524
1951372959,524
1953096696,525
7796554012,525
2632476590,525
1990694635,526
1990694647,526
3130435826,527
1990694638,527
4823243100,528
2112030869,528
2480657188,529
2135411293,529
5471345385,530
308837357,530
2146369238,530
9161061783,530
9846850972,530
9846850973,530
9846850974,530
2146369240,531
5468301601,531
10607626,531
9694087363,532
9694087364,532
3816097109,532
3816097110,532
4430996023,532
2203268985,532
6332545601,533
9030284967,533
3093894066,533
2254629351,533
3265436260,534
2341656968,534
4697287178,534
8620082704,534
6327557047,534
8336028515,535
2387194149,535
8336028513,536
2387194133,536
2387194157,536
4749090120,537
2402557597,537
3093897991,537
2453947051,538
4211515660,538
6866516260,538
8787384683,538
6863550501,539
9756243981,539
9756243982,539
9756243983,539
9756243984,539
9756243985,539
2586616722,539
9756243986,539
6863550510,539
9756278362,539
9756278363,539
9756278364,539
6110164660,540
6110164659,540
2612458244,540
2632486641,541
3586606039,541
2632486645,541
2632486646,541
3586606038,541
2665239972,542
6509684093,542
2665239976,543
2665239975,543
2665239977,544
2665239978,544
9684083981,544
9804685203,545
9804685204,545
2755124949,545
9804685206,545
9804685205,545
108864,546
2775653836,546
2914561217,547
5924603457,547
5924603458,547
5924603460,547
5924603459,547
5924611312,547
5924603444,547
5924603445,547
5924603446,547
5924603447,547
5924603449,547
8500636794,547
5924603452,547
5924603453,547
5924603454,547
5924603455,547
2934411668,548
3876429831,548
2935324280,549
2935373161,549
5929540796,549
2935373159,549
4992781181,550
2990721391,550
2990806410,551
316763563,551
8975833914,551
4246525223,551
3247825561,552
3247825562,552
3741131606,552
3247932481,553
4835109001,553
4430996033,554
3247933381,554
2265050050,555
3267461729,555
9684083978,555
4938216619,555
3267461756,556
3267461758,556
367091632,557
3267461759,557
3272782432,558
1547013738,558
3272782429,558
3381130092,559
3381130493,559
8976060358,559
6985465129,560
3385387607,560
4691514032,561
3519013665,561
5006063178,561
3644748769,562
3519288132,562
4430996024,563
4155841820,563
3632581622,563
3673602993,564
25477300,564
7815143465,564
9693628389,565
3741117629,565
7610670710,566
3816097102,566
8579233861,567
8579233862,567
6600283121,567
4619022514,567
3830043581,567
5374181585,568
3972566714,568
9201323561,568
4077495872,569
4530195657,569
4077495883,569
4077495854,569
4077495855,569
4077495951,569
4077495858,569
4077495957,569
4077495862,569
4077495964,569
6463234329,570
5227220846,570
4077599543,570
5238587992,570
4077599545,570
1828408303,571
4696568114,571
4696544885,571
6327557048,571
4166662878,571
6868293535,571
4166662881,572
8620105277,572
8429225386,573
8429706219,573
6110191186,573
8429774517,573
4167762779,573
8675201264,574
7911282822,574
1556097326,574
4169714270,574
5609643672,575
4197055203,575
5609643675,575
5788363874,576
4208239651,576
4462680076,576
4208239642,576
5899711453,576
5899711454,576
4211515634,577
4211515644,577
4211515645,577
4316306164,578
1137777341,578
5342251136,579
4329502449,579
5177397824,580
8755805313,580
4367041960,580
4367041962,580
9691076056,580
4370333637,581
4370333638,581
4370333643,581
4370333627,581
4370333629,581
4401149224,582
5927671120,582
7636278191,583
7636278194,583
4401149234,583
7636278197,583
7636278201,583
4826555771,583
4879371168,584
4879371165,584
4421008566,584
4530012696,585
6261920913,585
9808795596,585
4530012694,585
4571244659,586
4729480806,586
4729480807,586
4627445216,587
4627445217,587
4627445213,587
4627445215,587
4627491643,588
5207476607,588
4665352264,589
4665352262,589
4675822097,590
4675822100,590
4682627259,591
6978555518,591
6978563383,591
8785484313,592
8373690819,592
4689775124,592
4689775126,592
5006063175,593
5006063176,593
8263166217,593
5006063177,593
5006063186,593
4691460851,593
4697525032,594
26374229,594
4697525030,594
9135848928,595
4777885222,595
1707790074,596
4822267107,596
4826555768,597
25632870,597
4859246419,598
2140506294,598
20460688,599
4860825518,599
4864083784,600
6218501740,600
4866475736,601
4866475731,601
4866475733,601
4866651969,602
4866651962,602
7926554423,602
9690974272,603
4920098344,603
9690974263,603
9690974264,603
9690974265,603
9690974266,603
4942595236,604
9781435149,604
5177352922,605
5177352923,605
5177352932,605
5177352933,605
5198585557,606
5198585559,606
5207487897,607
10572179,607
9693982149,607
9733914457,608
5253290694,608
4429088632,609
8972511965,609
5265830862,609
25496750,610
5265840063,610
5517519002,611
9703794691,611
27460210,611
5609643673,612
5609643674,612
8373690825,613
5880188046,613
5976760445,614
5976760446,614
5976760447,614
6032044868,615
25161383,615
9704122321,616
6218468163,616
6280047275,617
5160943798,617
1366095187,618
6369329172,618
9024139129,619
6369361794,619
6369361795,619
6369361789,619
4077495826,620
6407948171,620
6407948172,621
1832129789,621
9693974377,622
6431923714,622
8784181688,623
6467134930,623
6606148797,624
6606148798,624
6696695781,625
6696695783,625
6645346885,626
6711365597,626
6967585840,627
7824747297,627
302013777,628
6969936105,628
6969936106,628
6978555522,629
4682627263,629
9693963696,630
9693963697,630
9693963698,630
7075087299,630
7572833353,631
7572833350,631
7636180241,632
7636180242,632
1787108650,632
7644741345,633
1233350847,633
7805198627,634
4530012700,634
7911282827,635
4169714271,635
7620895976,636
7926686249,636
9690915268,637
9690915267,637
8064065316,637
1587330970,638
8783914189,638
8604055550,638
8784212017,639
4826555767,639
8868010162,640
8868010171,640
250327159,640
9042041320,641
9042041321,641
28800667,641
9375170320,642
9375170321,642
9375170325,642
9690974274,643
25497222,643
9691082176,644
4872502280,644
9693971465,645
377494060,645
9694104280,646
9856119625,646
1547657140,646
9694104279,646
9703794690,647
9080123622,647
9804774392,648
1723388985,648
